Subsystems:
9
8
7
6
5
4
3
2
1

SYSINS:
1, 2, 3, 4

SYSOUTS:
9, 8, 7, 6, 5, 4, 3, 2, 1

TotalRegularObservations:
50

NormalObservations:
['1', ['SYSIN'], [8], 1, 8]
['2', ['SYSIN'], [0], 2, -1]
['3', ['SYSIN'], [9], 3, 29]
['4', ['SYSIN'], [4], 4, 13]
['5', [1, 2], [8, -1], 5, 20]
['6', [2, 3], [-1, 29], 6, -115]
['7', [3, 4], [29, 13], 7, 153]
['8', [1], [8], 8, 22]
['9', [5, 6], [20, -115], 9, 216]
['1', ['SYSIN'], [0], 1, 0]
['2', ['SYSIN'], [1], 2, 1]
['3', ['SYSIN'], [4], 3, 14]
['4', ['SYSIN'], [0], 4, 9]
['5', [1, 2], [0, 1], 5, 2]
['6', [2, 3], [1, 14], 6, -53]
['7', [3, 4], [14, 9], 7, 81]
['8', [1], [0], 8, -2]
['9', [5, 6], [2, -53], 9, 64]
['1', ['SYSIN'], [1], 1, 1]
['2', ['SYSIN'], [5], 2, 9]
['3', ['SYSIN'], [3], 3, 11]
['4', ['SYSIN'], [7], 4, 16]
['5', [1, 2], [1, 9], 5, -4]
['6', [2, 3], [9, 11], 6, -33]
['7', [3, 4], [11, 16], 7, 90]
['8', [1], [1], 8, 1]
['9', [5, 6], [-4, -33], 9, 14]
['1', ['SYSIN'], [6], 1, 6]
['2', ['SYSIN'], [5], 2, 9]
['3', ['SYSIN'], [3], 3, 11]
['4', ['SYSIN'], [0], 4, 9]
['5', [1, 2], [6, 9], 5, 6]
['6', [2, 3], [9, 11], 6, -33]
['7', [3, 4], [11, 9], 7, 69]
['8', [1], [6], 8, 16]
['9', [5, 6], [6, -33], 9, 64]
['1', ['SYSIN'], [7], 1, 7]
['2', ['SYSIN'], [5], 2, 9]
['3', ['SYSIN'], [3], 3, 11]
['4', ['SYSIN'], [4], 4, 13]
['5', [1, 2], [7, 9], 5, 8]
['6', [2, 3], [9, 11], 6, -33]
['7', [3, 4], [11, 13], 7, 81]
['8', [1], [7], 8, 19]
['9', [5, 6], [8, -33], 9, 74]
['1', ['SYSIN'], [6], 1, 6]
['2', ['SYSIN'], [9], 2, 17]
['3', ['SYSIN'], [6], 3, 20]
['4', ['SYSIN'], [1], 4, 10]
['5', [1, 2], [6, 17], 5, -2]
['6', [2, 3], [17, 20], 6, -61]
['7', [3, 4], [20, 10], 7, 108]
['8', [1], [6], 8, 16]
['9', [5, 6], [-2, -61], 9, 52]
['1', ['SYSIN'], [6], 1, 6]
['2', ['SYSIN'], [1], 2, 1]
['3', ['SYSIN'], [7], 3, 23]
['4', ['SYSIN'], [0], 4, 9]
['5', [1, 2], [6, 1], 5, 14]
['6', [2, 3], [1, 23], 6, -89]
['7', [3, 4], [23, 9], 7, 117]
['8', [1], [6], 8, 16]
['9', [5, 6], [14, -89], 9, 160]
['1', ['SYSIN'], [2], 1, 2]
['2', ['SYSIN'], [1], 2, 1]
['3', ['SYSIN'], [3], 3, 11]
['4', ['SYSIN'], [2], 4, 11]
['5', [1, 2], [2, 1], 5, 6]
['6', [2, 3], [1, 11], 6, -41]
['7', [3, 4], [11, 11], 7, 75]
['8', [1], [2], 8, 4]
['9', [5, 6], [6, -41], 9, 72]
['1', ['SYSIN'], [6], 1, 6]
['2', ['SYSIN'], [8], 2, 15]
['3', ['SYSIN'], [1], 3, 5]
['4', ['SYSIN'], [4], 4, 13]
['5', [1, 2], [6, 15], 5, 0]
['6', [2, 3], [15, 5], 6, -3]
['7', [3, 4], [5, 13], 7, 57]
['8', [1], [6], 8, 16]
['9', [5, 6], [0, -3], 9, 4]
['1', ['SYSIN'], [0], 1, 0]
['2', ['SYSIN'], [2], 2, 3]
['3', ['SYSIN'], [9], 3, 29]
['4', ['SYSIN'], [4], 4, 13]
['5', [1, 2], [0, 3], 5, 0]
['6', [2, 3], [3, 29], 6, -111]
['7', [3, 4], [29, 13], 7, 153]
['8', [1], [0], 8, -2]
['9', [5, 6], [0, -111], 9, 112]
['1', ['SYSIN'], [3], 1, 3]
['2', ['SYSIN'], [8], 2, 15]
['3', ['SYSIN'], [4], 3, 14]
['4', ['SYSIN'], [1], 4, 10]
['5', [1, 2], [3, 15], 5, -6]
['6', [2, 3], [15, 14], 6, -39]
['7', [3, 4], [14, 10], 7, 84]
['8', [1], [3], 8, 7]
['9', [5, 6], [-6, -39], 9, 10]
['1', ['SYSIN'], [3], 1, 3]
['2', ['SYSIN'], [0], 2, -1]
['3', ['SYSIN'], [7], 3, 23]
['4', ['SYSIN'], [6], 4, 15]
['5', [1, 2], [3, -1], 5, 10]
['6', [2, 3], [-1, 23], 6, -91]
['7', [3, 4], [23, 15], 7, 135]
['8', [1], [3], 8, 7]
['9', [5, 6], [10, -91], 9, 142]
['1', ['SYSIN'], [9], 1, 9]
['2', ['SYSIN'], [0], 2, -1]
['3', ['SYSIN'], [7], 3, 23]
['4', ['SYSIN'], [4], 4, 13]
['5', [1, 2], [9, -1], 5, 22]
['6', [2, 3], [-1, 23], 6, -91]
['7', [3, 4], [23, 13], 7, 129]
['8', [1], [9], 8, 25]
['9', [5, 6], [22, -91], 9, 202]
['1', ['SYSIN'], [9], 1, 9]
['2', ['SYSIN'], [0], 2, -1]
['3', ['SYSIN'], [9], 3, 29]
['4', ['SYSIN'], [6], 4, 15]
['5', [1, 2], [9, -1], 5, 22]
['6', [2, 3], [-1, 29], 6, -115]
['7', [3, 4], [29, 15], 7, 159]
['8', [1], [9], 8, 25]
['9', [5, 6], [22, -115], 9, 226]
['1', ['SYSIN'], [1], 1, 1]
['2', ['SYSIN'], [6], 2, 11]
['3', ['SYSIN'], [2], 3, 8]
['4', ['SYSIN'], [3], 4, 12]
['5', [1, 2], [1, 11], 5, -6]
['6', [2, 3], [11, 8], 6, -19]
['7', [3, 4], [8, 12], 7, 66]
['8', [1], [1], 8, 1]
['9', [5, 6], [-6, -19], 9, -10]
['1', ['SYSIN'], [1], 1, 1]
['2', ['SYSIN'], [0], 2, -1]
['3', ['SYSIN'], [8], 3, 26]
['4', ['SYSIN'], [1], 4, 10]
['5', [1, 2], [1, -1], 5, 6]
['6', [2, 3], [-1, 26], 6, -103]
['7', [3, 4], [26, 10], 7, 132]
['8', [1], [1], 8, 1]
['9', [5, 6], [6, -103], 9, 134]
['1', ['SYSIN'], [7], 1, 7]
['2', ['SYSIN'], [4], 2, 7]
['3', ['SYSIN'], [8], 3, 26]
['4', ['SYSIN'], [7], 4, 16]
['5', [1, 2], [7, 7], 5, 10]
['6', [2, 3], [7, 26], 6, -95]
['7', [3, 4], [26, 16], 7, 150]
['8', [1], [7], 8, 19]
['9', [5, 6], [10, -95], 9, 146]
['1', ['SYSIN'], [9], 1, 9]
['2', ['SYSIN'], [3], 2, 5]
['3', ['SYSIN'], [7], 3, 23]
['4', ['SYSIN'], [3], 4, 12]
['5', [1, 2], [9, 5], 5, 16]
['6', [2, 3], [5, 23], 6, -85]
['7', [3, 4], [23, 12], 7, 126]
['8', [1], [9], 8, 25]
['9', [5, 6], [16, -85], 9, 166]
['1', ['SYSIN'], [1], 1, 1]
['2', ['SYSIN'], [7], 2, 13]
['3', ['SYSIN'], [1], 3, 5]
['4', ['SYSIN'], [8], 4, 17]
['5', [1, 2], [1, 13], 5, -8]
['6', [2, 3], [13, 5], 6, -5]
['7', [3, 4], [5, 17], 7, 69]
['8', [1], [1], 8, 1]
['9', [5, 6], [-8, -5], 9, -34]
['1', ['SYSIN'], [4], 1, 4]
['2', ['SYSIN'], [6], 2, 11]
['3', ['SYSIN'], [0], 3, 2]
['4', ['SYSIN'], [3], 4, 12]
['5', [1, 2], [4, 11], 5, 0]
['6', [2, 3], [11, 2], 6, 5]
['7', [3, 4], [2, 12], 7, 42]
['8', [1], [4], 8, 10]
['9', [5, 6], [0, 5], 9, -4]
['1', ['SYSIN'], [3], 1, 3]
['2', ['SYSIN'], [5], 2, 9]
['3', ['SYSIN'], [6], 3, 20]
['4', ['SYSIN'], [8], 4, 17]
['5', [1, 2], [3, 9], 5, 0]
['6', [2, 3], [9, 20], 6, -69]
['7', [3, 4], [20, 17], 7, 129]
['8', [1], [3], 8, 7]
['9', [5, 6], [0, -69], 9, 70]
['1', ['SYSIN'], [1], 1, 1]
['2', ['SYSIN'], [9], 2, 17]
['3', ['SYSIN'], [3], 3, 11]
['4', ['SYSIN'], [1], 4, 10]
['5', [1, 2], [1, 17], 5, -12]
['6', [2, 3], [17, 11], 6, -25]
['7', [3, 4], [11, 10], 7, 72]
['8', [1], [1], 8, 1]
['9', [5, 6], [-12, -25], 9, -34]
['1', ['SYSIN'], [1], 1, 1]
['2', ['SYSIN'], [7], 2, 13]
['3', ['SYSIN'], [7], 3, 23]
['4', ['SYSIN'], [2], 4, 11]
['5', [1, 2], [1, 13], 5, -8]
['6', [2, 3], [13, 23], 6, -77]
['7', [3, 4], [23, 11], 7, 123]
['8', [1], [1], 8, 1]
['9', [5, 6], [-8, -77], 9, 38]
['1', ['SYSIN'], [2], 1, 2]
['2', ['SYSIN'], [5], 2, 9]
['3', ['SYSIN'], [5], 3, 17]
['4', ['SYSIN'], [1], 4, 10]
['5', [1, 2], [2, 9], 5, -2]
['6', [2, 3], [9, 17], 6, -57]
['7', [3, 4], [17, 10], 7, 96]
['8', [1], [2], 8, 4]
['9', [5, 6], [-2, -57], 9, 48]
['1', ['SYSIN'], [9], 1, 9]
['2', ['SYSIN'], [4], 2, 7]
['3', ['SYSIN'], [2], 3, 8]
['4', ['SYSIN'], [6], 4, 15]
['5', [1, 2], [9, 7], 5, 14]
['6', [2, 3], [7, 8], 6, -23]
['7', [3, 4], [8, 15], 7, 75]
['8', [1], [9], 8, 25]
['9', [5, 6], [14, -23], 9, 94]
['1', ['SYSIN'], [9], 1, 9]
['2', ['SYSIN'], [9], 2, 17]
['3', ['SYSIN'], [1], 3, 5]
['4', ['SYSIN'], [1], 4, 10]
['5', [1, 2], [9, 17], 5, 4]
['6', [2, 3], [17, 5], 6, -1]
['7', [3, 4], [5, 10], 7, 48]
['8', [1], [9], 8, 25]
['9', [5, 6], [4, -1], 9, 22]
['1', ['SYSIN'], [3], 1, 3]
['2', ['SYSIN'], [3], 2, 5]
['3', ['SYSIN'], [6], 3, 20]
['4', ['SYSIN'], [1], 4, 10]
['5', [1, 2], [3, 5], 5, 4]
['6', [2, 3], [5, 20], 6, -73]
['7', [3, 4], [20, 10], 7, 108]
['8', [1], [3], 8, 7]
['9', [5, 6], [4, -73], 9, 94]
['1', ['SYSIN'], [6], 1, 6]
['2', ['SYSIN'], [3], 2, 5]
['3', ['SYSIN'], [5], 3, 17]
['4', ['SYSIN'], [6], 4, 15]
['5', [1, 2], [6, 5], 5, 10]
['6', [2, 3], [5, 17], 6, -61]
['7', [3, 4], [17, 15], 7, 111]
['8', [1], [6], 8, 16]
['9', [5, 6], [10, -61], 9, 112]
['1', ['SYSIN'], [5], 1, 5]
['2', ['SYSIN'], [4], 2, 7]
['3', ['SYSIN'], [1], 3, 5]
['4', ['SYSIN'], [2], 4, 11]
['5', [1, 2], [5, 7], 5, 6]
['6', [2, 3], [7, 5], 6, -11]
['7', [3, 4], [5, 11], 7, 51]
['8', [1], [5], 8, 13]
['9', [5, 6], [6, -11], 9, 42]
['1', ['SYSIN'], [1], 1, 1]
['2', ['SYSIN'], [2], 2, 3]
['3', ['SYSIN'], [2], 3, 8]
['4', ['SYSIN'], [4], 4, 13]
['5', [1, 2], [1, 3], 5, 2]
['6', [2, 3], [3, 8], 6, -27]
['7', [3, 4], [8, 13], 7, 69]
['8', [1], [1], 8, 1]
['9', [5, 6], [2, -27], 9, 38]
['1', ['SYSIN'], [4], 1, 4]
['2', ['SYSIN'], [8], 2, 15]
['3', ['SYSIN'], [0], 3, 2]
['4', ['SYSIN'], [4], 4, 13]
['5', [1, 2], [4, 15], 5, -4]
['6', [2, 3], [15, 2], 6, 9]
['7', [3, 4], [2, 13], 7, 45]
['8', [1], [4], 8, 10]
['9', [5, 6], [-4, 9], 9, -28]
['1', ['SYSIN'], [5], 1, 5]
['2', ['SYSIN'], [2], 2, 3]
['3', ['SYSIN'], [9], 3, 29]
['4', ['SYSIN'], [8], 4, 17]
['5', [1, 2], [5, 3], 5, 10]
['6', [2, 3], [3, 29], 6, -111]
['7', [3, 4], [29, 17], 7, 165]
['8', [1], [5], 8, 13]
['9', [5, 6], [10, -111], 9, 162]
['1', ['SYSIN'], [1], 1, 1]
['2', ['SYSIN'], [8], 2, 15]
['3', ['SYSIN'], [4], 3, 14]
['4', ['SYSIN'], [2], 4, 11]
['5', [1, 2], [1, 15], 5, -10]
['6', [2, 3], [15, 14], 6, -39]
['7', [3, 4], [14, 11], 7, 87]
['8', [1], [1], 8, 1]
['9', [5, 6], [-10, -39], 9, -10]
['1', ['SYSIN'], [4], 1, 4]
['2', ['SYSIN'], [0], 2, -1]
['3', ['SYSIN'], [1], 3, 5]
['4', ['SYSIN'], [9], 4, 18]
['5', [1, 2], [4, -1], 5, 12]
['6', [2, 3], [-1, 5], 6, -19]
['7', [3, 4], [5, 18], 7, 72]
['8', [1], [4], 8, 10]
['9', [5, 6], [12, -19], 9, 80]
['1', ['SYSIN'], [1], 1, 1]
['2', ['SYSIN'], [1], 2, 1]
['3', ['SYSIN'], [7], 3, 23]
['4', ['SYSIN'], [8], 4, 17]
['5', [1, 2], [1, 1], 5, 4]
['6', [2, 3], [1, 23], 6, -89]
['7', [3, 4], [23, 17], 7, 141]
['8', [1], [1], 8, 1]
['9', [5, 6], [4, -89], 9, 110]
['1', ['SYSIN'], [3], 1, 3]
['2', ['SYSIN'], [2], 2, 3]
['3', ['SYSIN'], [6], 3, 20]
['4', ['SYSIN'], [8], 4, 17]
['5', [1, 2], [3, 3], 5, 6]
['6', [2, 3], [3, 20], 6, -75]
['7', [3, 4], [20, 17], 7, 129]
['8', [1], [3], 8, 7]
['9', [5, 6], [6, -75], 9, 106]
['1', ['SYSIN'], [2], 1, 2]
['2', ['SYSIN'], [2], 2, 3]
['3', ['SYSIN'], [0], 3, 2]
['4', ['SYSIN'], [2], 4, 11]
['5', [1, 2], [2, 3], 5, 4]
['6', [2, 3], [3, 2], 6, -3]
['7', [3, 4], [2, 11], 7, 39]
['8', [1], [2], 8, 4]
['9', [5, 6], [4, -3], 9, 24]
['1', ['SYSIN'], [3], 1, 3]
['2', ['SYSIN'], [8], 2, 15]
['3', ['SYSIN'], [8], 3, 26]
['4', ['SYSIN'], [3], 4, 12]
['5', [1, 2], [3, 15], 5, -6]
['6', [2, 3], [15, 26], 6, -87]
['7', [3, 4], [26, 12], 7, 138]
['8', [1], [3], 8, 7]
['9', [5, 6], [-6, -87], 9, 58]
['1', ['SYSIN'], [5], 1, 5]
['2', ['SYSIN'], [8], 2, 15]
['3', ['SYSIN'], [8], 3, 26]
['4', ['SYSIN'], [7], 4, 16]
['5', [1, 2], [5, 15], 5, -2]
['6', [2, 3], [15, 26], 6, -87]
['7', [3, 4], [26, 16], 7, 150]
['8', [1], [5], 8, 13]
['9', [5, 6], [-2, -87], 9, 78]
['1', ['SYSIN'], [2], 1, 2]
['2', ['SYSIN'], [9], 2, 17]
['3', ['SYSIN'], [8], 3, 26]
['4', ['SYSIN'], [2], 4, 11]
['5', [1, 2], [2, 17], 5, -10]
['6', [2, 3], [17, 26], 6, -85]
['7', [3, 4], [26, 11], 7, 135]
['8', [1], [2], 8, 4]
['9', [5, 6], [-10, -85], 9, 36]
['1', ['SYSIN'], [6], 1, 6]
['2', ['SYSIN'], [7], 2, 13]
['3', ['SYSIN'], [5], 3, 17]
['4', ['SYSIN'], [8], 4, 17]
['5', [1, 2], [6, 13], 5, 2]
['6', [2, 3], [13, 17], 6, -53]
['7', [3, 4], [17, 17], 7, 117]
['8', [1], [6], 8, 16]
['9', [5, 6], [2, -53], 9, 64]
['1', ['SYSIN'], [6], 1, 6]
['2', ['SYSIN'], [7], 2, 13]
['3', ['SYSIN'], [7], 3, 23]
['4', ['SYSIN'], [0], 4, 9]
['5', [1, 2], [6, 13], 5, 2]
['6', [2, 3], [13, 23], 6, -77]
['7', [3, 4], [23, 9], 7, 117]
['8', [1], [6], 8, 16]
['9', [5, 6], [2, -77], 9, 88]
['1', ['SYSIN'], [4], 1, 4]
['2', ['SYSIN'], [9], 2, 17]
['3', ['SYSIN'], [3], 3, 11]
['4', ['SYSIN'], [0], 4, 9]
['5', [1, 2], [4, 17], 5, -6]
['6', [2, 3], [17, 11], 6, -25]
['7', [3, 4], [11, 9], 7, 69]
['8', [1], [4], 8, 10]
['9', [5, 6], [-6, -25], 9, -4]
['1', ['SYSIN'], [9], 1, 9]
['2', ['SYSIN'], [1], 2, 1]
['3', ['SYSIN'], [4], 3, 14]
['4', ['SYSIN'], [2], 4, 11]
['5', [1, 2], [9, 1], 5, 20]
['6', [2, 3], [1, 14], 6, -53]
['7', [3, 4], [14, 11], 7, 87]
['8', [1], [9], 8, 25]
['9', [5, 6], [20, -53], 9, 154]
['1', ['SYSIN'], [8], 1, 8]
['2', ['SYSIN'], [6], 2, 11]
['3', ['SYSIN'], [7], 3, 23]
['4', ['SYSIN'], [4], 4, 13]
['5', [1, 2], [8, 11], 5, 8]
['6', [2, 3], [11, 23], 6, -79]
['7', [3, 4], [23, 13], 7, 129]
['8', [1], [8], 8, 22]
['9', [5, 6], [8, -79], 9, 120]
['1', ['SYSIN'], [8], 1, 8]
['2', ['SYSIN'], [0], 2, -1]
['3', ['SYSIN'], [1], 3, 5]
['4', ['SYSIN'], [6], 4, 15]
['5', [1, 2], [8, -1], 5, 20]
['6', [2, 3], [-1, 5], 6, -19]
['7', [3, 4], [5, 15], 7, 63]
['8', [1], [8], 8, 22]
['9', [5, 6], [20, -19], 9, 120]
['1', ['SYSIN'], [8], 1, 8]
['2', ['SYSIN'], [6], 2, 11]
['3', ['SYSIN'], [1], 3, 5]
['4', ['SYSIN'], [5], 4, 14]
['5', [1, 2], [8, 11], 5, 8]
['6', [2, 3], [11, 5], 6, -7]
['7', [3, 4], [5, 14], 7, 60]
['8', [1], [8], 8, 22]
['9', [5, 6], [8, -7], 9, 48]
['1', ['SYSIN'], [3], 1, 3]
['2', ['SYSIN'], [9], 2, 17]
['3', ['SYSIN'], [5], 3, 17]
['4', ['SYSIN'], [4], 4, 13]
['5', [1, 2], [3, 17], 5, -8]
['6', [2, 3], [17, 17], 6, -49]
['7', [3, 4], [17, 13], 7, 105]
['8', [1], [3], 8, 7]
['9', [5, 6], [-8, -49], 9, 10]
['1', ['SYSIN'], [6], 1, 6]
['2', ['SYSIN'], [8], 2, 15]
['3', ['SYSIN'], [1], 3, 5]
['4', ['SYSIN'], [1], 4, 10]
['5', [1, 2], [6, 15], 5, 0]
['6', [2, 3], [15, 5], 6, -3]
['7', [3, 4], [5, 10], 7, 48]
['8', [1], [6], 8, 16]
['9', [5, 6], [0, -3], 9, 4]
['1', ['SYSIN'], [0], 1, 0]
['2', ['SYSIN'], [2], 2, 3]
['3', ['SYSIN'], [5], 3, 17]
['4', ['SYSIN'], [1], 4, 10]
['5', [1, 2], [0, 3], 5, 0]
['6', [2, 3], [3, 17], 6, -63]
['7', [3, 4], [17, 10], 7, 96]
['8', [1], [0], 8, -2]
['9', [5, 6], [0, -63], 9, 64]

TotalBuggyObservations:
10

BuggyObservations:
['1', ['SYSIN'], [6], 1, 6]
['2', ['SYSIN'], [0], 2, 0]
['3', ['SYSIN'], [5], 3, 17]
['4', ['SYSIN'], [8], 4, 17]
['5', [1, 2], [6, 0], 5, 15]
['6', [2, 3], [0, 17], 6, -66]
['7', [3, 4], [17, 17], 7, 117]
['8', [1], [6], 8, 16]
['9', [5, 6], [15, -66], 9, 142]
['1', ['SYSIN'], [6], 1, 6]
['2', ['SYSIN'], [1], 2, 4]
['3', ['SYSIN'], [2], 3, 8]
['4', ['SYSIN'], [5], 4, 14]
['5', [1, 2], [6, 4], 5, 11]
['6', [2, 3], [4, 8], 6, -26]
['7', [3, 4], [8, 14], 7, 72]
['8', [1], [6], 8, 16]
['9', [5, 6], [11, -26], 9, 82]
['1', ['SYSIN'], [1], 1, 1]
['2', ['SYSIN'], [1], 2, 4]
['3', ['SYSIN'], [0], 3, 2]
['4', ['SYSIN'], [7], 4, 16]
['5', [1, 2], [1, 4], 5, 1]
['6', [2, 3], [4, 2], 6, -2]
['7', [3, 4], [2, 16], 7, 54]
['8', [1], [1], 8, 1]
['9', [5, 6], [1, -2], 9, 8]
['1', ['SYSIN'], [1], 1, 1]
['2', ['SYSIN'], [1], 2, 4]
['3', ['SYSIN'], [7], 3, 23]
['4', ['SYSIN'], [1], 4, 10]
['5', [1, 2], [1, 4], 5, 1]
['6', [2, 3], [4, 23], 6, -86]
['7', [3, 4], [23, 10], 7, 120]
['8', [1], [1], 8, 1]
['9', [5, 6], [1, -86], 9, 92]
['1', ['SYSIN'], [2], 1, 2]
['2', ['SYSIN'], [0], 2, 0]
['3', ['SYSIN'], [5], 3, 17]
['4', ['SYSIN'], [1], 4, 10]
['5', [1, 2], [2, 0], 5, 7]
['6', [2, 3], [0, 17], 6, -66]
['7', [3, 4], [17, 10], 7, 96]
['8', [1], [2], 8, 4]
['9', [5, 6], [7, -66], 9, 102]
['1', ['SYSIN'], [6], 1, 6]
['2', ['SYSIN'], [2], 2, 8]
['3', ['SYSIN'], [2], 3, 8]
['4', ['SYSIN'], [2], 4, 11]
['5', [1, 2], [6, 8], 5, 7]
['6', [2, 3], [8, 8], 6, -22]
['7', [3, 4], [8, 11], 7, 63]
['8', [1], [6], 8, 16]
['9', [5, 6], [7, -22], 9, 58]
['1', ['SYSIN'], [4], 1, 4]
['2', ['SYSIN'], [1], 2, 4]
['3', ['SYSIN'], [7], 3, 23]
['4', ['SYSIN'], [1], 4, 10]
['5', [1, 2], [4, 4], 5, 7]
['6', [2, 3], [4, 23], 6, -86]
['7', [3, 4], [23, 10], 7, 120]
['8', [1], [4], 8, 10]
['9', [5, 6], [7, -86], 9, 122]
['1', ['SYSIN'], [5], 1, 5]
['2', ['SYSIN'], [5], 2, 20]
['3', ['SYSIN'], [5], 3, 17]
['4', ['SYSIN'], [3], 4, 12]
['5', [1, 2], [5, 20], 5, -7]
['6', [2, 3], [20, 17], 6, -46]
['7', [3, 4], [17, 12], 7, 102]
['8', [1], [5], 8, 13]
['9', [5, 6], [-7, -46], 9, 12]
['1', ['SYSIN'], [2], 1, 2]
['2', ['SYSIN'], [2], 2, 8]
['3', ['SYSIN'], [1], 3, 5]
['4', ['SYSIN'], [9], 4, 18]
['5', [1, 2], [2, 8], 5, -1]
['6', [2, 3], [8, 5], 6, -10]
['7', [3, 4], [5, 18], 7, 72]
['8', [1], [2], 8, 4]
['9', [5, 6], [-1, -10], 9, 6]
['1', ['SYSIN'], [2], 1, 2]
['2', ['SYSIN'], [9], 2, 36]
['3', ['SYSIN'], [4], 3, 14]
['4', ['SYSIN'], [0], 4, 9]
['5', [1, 2], [2, 36], 5, -29]
['6', [2, 3], [36, 14], 6, -18]
['7', [3, 4], [14, 9], 7, 81]
['8', [1], [2], 8, 4]
['9', [5, 6], [-29, -18], 9, -126]

BuggyIds
2

MinRange:
0

MaxRange:
9
