Subsystems:
9
8
7
6
5
4
3
2
1

SYSINS:
1, 2, 3, 4

SYSOUTS:
9, 8, 7, 6, 5, 4, 3, 2, 1

TotalRegularObservations:
50

NormalObservations:
['1', ['SYSIN'], [5], 1, 5]
['2', ['SYSIN'], [0], 2, -1]
['3', ['SYSIN'], [3], 3, 11]
['4', ['SYSIN'], [1], 4, 10]
['5', [1, 2], [5, -1], 5, 14]
['6', [2, 3], [-1, 11], 6, -43]
['7', [3, 4], [11, 10], 7, 72]
['8', [1], [5], 8, 13]
['9', [5, 6], [14, -43], 9, 114]
['1', ['SYSIN'], [8], 1, 8]
['2', ['SYSIN'], [3], 2, 5]
['3', ['SYSIN'], [3], 3, 11]
['4', ['SYSIN'], [9], 4, 18]
['5', [1, 2], [8, 5], 5, 14]
['6', [2, 3], [5, 11], 6, -37]
['7', [3, 4], [11, 18], 7, 96]
['8', [1], [8], 8, 22]
['9', [5, 6], [14, -37], 9, 108]
['1', ['SYSIN'], [1], 1, 1]
['2', ['SYSIN'], [6], 2, 11]
['3', ['SYSIN'], [4], 3, 14]
['4', ['SYSIN'], [2], 4, 11]
['5', [1, 2], [1, 11], 5, -6]
['6', [2, 3], [11, 14], 6, -43]
['7', [3, 4], [14, 11], 7, 87]
['8', [1], [1], 8, 1]
['9', [5, 6], [-6, -43], 9, 14]
['1', ['SYSIN'], [0], 1, 0]
['2', ['SYSIN'], [1], 2, 1]
['3', ['SYSIN'], [5], 3, 17]
['4', ['SYSIN'], [7], 4, 16]
['5', [1, 2], [0, 1], 5, 2]
['6', [2, 3], [1, 17], 6, -65]
['7', [3, 4], [17, 16], 7, 114]
['8', [1], [0], 8, -2]
['9', [5, 6], [2, -65], 9, 76]
['1', ['SYSIN'], [9], 1, 9]
['2', ['SYSIN'], [0], 2, -1]
['3', ['SYSIN'], [5], 3, 17]
['4', ['SYSIN'], [3], 4, 12]
['5', [1, 2], [9, -1], 5, 22]
['6', [2, 3], [-1, 17], 6, -67]
['7', [3, 4], [17, 12], 7, 102]
['8', [1], [9], 8, 25]
['9', [5, 6], [22, -67], 9, 178]
['1', ['SYSIN'], [5], 1, 5]
['2', ['SYSIN'], [6], 2, 11]
['3', ['SYSIN'], [8], 3, 26]
['4', ['SYSIN'], [9], 4, 18]
['5', [1, 2], [5, 11], 5, 2]
['6', [2, 3], [11, 26], 6, -91]
['7', [3, 4], [26, 18], 7, 156]
['8', [1], [5], 8, 13]
['9', [5, 6], [2, -91], 9, 102]
['1', ['SYSIN'], [4], 1, 4]
['2', ['SYSIN'], [2], 2, 3]
['3', ['SYSIN'], [1], 3, 5]
['4', ['SYSIN'], [7], 4, 16]
['5', [1, 2], [4, 3], 5, 8]
['6', [2, 3], [3, 5], 6, -15]
['7', [3, 4], [5, 16], 7, 66]
['8', [1], [4], 8, 10]
['9', [5, 6], [8, -15], 9, 56]
['1', ['SYSIN'], [7], 1, 7]
['2', ['SYSIN'], [7], 2, 13]
['3', ['SYSIN'], [4], 3, 14]
['4', ['SYSIN'], [6], 4, 15]
['5', [1, 2], [7, 13], 5, 4]
['6', [2, 3], [13, 14], 6, -41]
['7', [3, 4], [14, 15], 7, 99]
['8', [1], [7], 8, 19]
['9', [5, 6], [4, -41], 9, 62]
['1', ['SYSIN'], [2], 1, 2]
['2', ['SYSIN'], [8], 2, 15]
['3', ['SYSIN'], [1], 3, 5]
['4', ['SYSIN'], [1], 4, 10]
['5', [1, 2], [2, 15], 5, -8]
['6', [2, 3], [15, 5], 6, -3]
['7', [3, 4], [5, 10], 7, 48]
['8', [1], [2], 8, 4]
['9', [5, 6], [-8, -3], 9, -36]
['1', ['SYSIN'], [6], 1, 6]
['2', ['SYSIN'], [5], 2, 9]
['3', ['SYSIN'], [9], 3, 29]
['4', ['SYSIN'], [4], 4, 13]
['5', [1, 2], [6, 9], 5, 6]
['6', [2, 3], [9, 29], 6, -105]
['7', [3, 4], [29, 13], 7, 153]
['8', [1], [6], 8, 16]
['9', [5, 6], [6, -105], 9, 136]
['1', ['SYSIN'], [4], 1, 4]
['2', ['SYSIN'], [1], 2, 1]
['3', ['SYSIN'], [5], 3, 17]
['4', ['SYSIN'], [6], 4, 15]
['5', [1, 2], [4, 1], 5, 10]
['6', [2, 3], [1, 17], 6, -65]
['7', [3, 4], [17, 15], 7, 111]
['8', [1], [4], 8, 10]
['9', [5, 6], [10, -65], 9, 116]
['1', ['SYSIN'], [7], 1, 7]
['2', ['SYSIN'], [0], 2, -1]
['3', ['SYSIN'], [0], 3, 2]
['4', ['SYSIN'], [6], 4, 15]
['5', [1, 2], [7, -1], 5, 18]
['6', [2, 3], [-1, 2], 6, -7]
['7', [3, 4], [2, 15], 7, 51]
['8', [1], [7], 8, 19]
['9', [5, 6], [18, -7], 9, 98]
['1', ['SYSIN'], [4], 1, 4]
['2', ['SYSIN'], [3], 2, 5]
['3', ['SYSIN'], [4], 3, 14]
['4', ['SYSIN'], [7], 4, 16]
['5', [1, 2], [4, 5], 5, 6]
['6', [2, 3], [5, 14], 6, -49]
['7', [3, 4], [14, 16], 7, 102]
['8', [1], [4], 8, 10]
['9', [5, 6], [6, -49], 9, 80]
['1', ['SYSIN'], [4], 1, 4]
['2', ['SYSIN'], [6], 2, 11]
['3', ['SYSIN'], [0], 3, 2]
['4', ['SYSIN'], [2], 4, 11]
['5', [1, 2], [4, 11], 5, 0]
['6', [2, 3], [11, 2], 6, 5]
['7', [3, 4], [2, 11], 7, 39]
['8', [1], [4], 8, 10]
['9', [5, 6], [0, 5], 9, -4]
['1', ['SYSIN'], [0], 1, 0]
['2', ['SYSIN'], [3], 2, 5]
['3', ['SYSIN'], [0], 3, 2]
['4', ['SYSIN'], [0], 4, 9]
['5', [1, 2], [0, 5], 5, -2]
['6', [2, 3], [5, 2], 6, -1]
['7', [3, 4], [2, 9], 7, 33]
['8', [1], [0], 8, -2]
['9', [5, 6], [-2, -1], 9, -8]
['1', ['SYSIN'], [3], 1, 3]
['2', ['SYSIN'], [9], 2, 17]
['3', ['SYSIN'], [5], 3, 17]
['4', ['SYSIN'], [5], 4, 14]
['5', [1, 2], [3, 17], 5, -8]
['6', [2, 3], [17, 17], 6, -49]
['7', [3, 4], [17, 14], 7, 108]
['8', [1], [3], 8, 7]
['9', [5, 6], [-8, -49], 9, 10]
['1', ['SYSIN'], [5], 1, 5]
['2', ['SYSIN'], [7], 2, 13]
['3', ['SYSIN'], [6], 3, 20]
['4', ['SYSIN'], [9], 4, 18]
['5', [1, 2], [5, 13], 5, 0]
['6', [2, 3], [13, 20], 6, -65]
['7', [3, 4], [20, 18], 7, 132]
['8', [1], [5], 8, 13]
['9', [5, 6], [0, -65], 9, 66]
['1', ['SYSIN'], [2], 1, 2]
['2', ['SYSIN'], [6], 2, 11]
['3', ['SYSIN'], [9], 3, 29]
['4', ['SYSIN'], [1], 4, 10]
['5', [1, 2], [2, 11], 5, -4]
['6', [2, 3], [11, 29], 6, -103]
['7', [3, 4], [29, 10], 7, 144]
['8', [1], [2], 8, 4]
['9', [5, 6], [-4, -103], 9, 84]
['1', ['SYSIN'], [2], 1, 2]
['2', ['SYSIN'], [8], 2, 15]
['3', ['SYSIN'], [0], 3, 2]
['4', ['SYSIN'], [2], 4, 11]
['5', [1, 2], [2, 15], 5, -8]
['6', [2, 3], [15, 2], 6, 9]
['7', [3, 4], [2, 11], 7, 39]
['8', [1], [2], 8, 4]
['9', [5, 6], [-8, 9], 9, -48]
['1', ['SYSIN'], [0], 1, 0]
['2', ['SYSIN'], [3], 2, 5]
['3', ['SYSIN'], [2], 3, 8]
['4', ['SYSIN'], [1], 4, 10]
['5', [1, 2], [0, 5], 5, -2]
['6', [2, 3], [5, 8], 6, -25]
['7', [3, 4], [8, 10], 7, 60]
['8', [1], [0], 8, -2]
['9', [5, 6], [-2, -25], 9, 16]
['1', ['SYSIN'], [6], 1, 6]
['2', ['SYSIN'], [7], 2, 13]
['3', ['SYSIN'], [1], 3, 5]
['4', ['SYSIN'], [3], 4, 12]
['5', [1, 2], [6, 13], 5, 2]
['6', [2, 3], [13, 5], 6, -5]
['7', [3, 4], [5, 12], 7, 54]
['8', [1], [6], 8, 16]
['9', [5, 6], [2, -5], 9, 16]
['1', ['SYSIN'], [4], 1, 4]
['2', ['SYSIN'], [8], 2, 15]
['3', ['SYSIN'], [0], 3, 2]
['4', ['SYSIN'], [3], 4, 12]
['5', [1, 2], [4, 15], 5, -4]
['6', [2, 3], [15, 2], 6, 9]
['7', [3, 4], [2, 12], 7, 42]
['8', [1], [4], 8, 10]
['9', [5, 6], [-4, 9], 9, -28]
['1', ['SYSIN'], [8], 1, 8]
['2', ['SYSIN'], [8], 2, 15]
['3', ['SYSIN'], [2], 3, 8]
['4', ['SYSIN'], [6], 4, 15]
['5', [1, 2], [8, 15], 5, 4]
['6', [2, 3], [15, 8], 6, -15]
['7', [3, 4], [8, 15], 7, 75]
['8', [1], [8], 8, 22]
['9', [5, 6], [4, -15], 9, 36]
['1', ['SYSIN'], [4], 1, 4]
['2', ['SYSIN'], [1], 2, 1]
['3', ['SYSIN'], [6], 3, 20]
['4', ['SYSIN'], [3], 4, 12]
['5', [1, 2], [4, 1], 5, 10]
['6', [2, 3], [1, 20], 6, -77]
['7', [3, 4], [20, 12], 7, 114]
['8', [1], [4], 8, 10]
['9', [5, 6], [10, -77], 9, 128]
['1', ['SYSIN'], [2], 1, 2]
['2', ['SYSIN'], [9], 2, 17]
['3', ['SYSIN'], [4], 3, 14]
['4', ['SYSIN'], [5], 4, 14]
['5', [1, 2], [2, 17], 5, -10]
['6', [2, 3], [17, 14], 6, -37]
['7', [3, 4], [14, 14], 7, 96]
['8', [1], [2], 8, 4]
['9', [5, 6], [-10, -37], 9, -12]
['1', ['SYSIN'], [1], 1, 1]
['2', ['SYSIN'], [3], 2, 5]
['3', ['SYSIN'], [1], 3, 5]
['4', ['SYSIN'], [4], 4, 13]
['5', [1, 2], [1, 5], 5, 0]
['6', [2, 3], [5, 5], 6, -13]
['7', [3, 4], [5, 13], 7, 57]
['8', [1], [1], 8, 1]
['9', [5, 6], [0, -13], 9, 14]
['1', ['SYSIN'], [9], 1, 9]
['2', ['SYSIN'], [9], 2, 17]
['3', ['SYSIN'], [6], 3, 20]
['4', ['SYSIN'], [1], 4, 10]
['5', [1, 2], [9, 17], 5, 4]
['6', [2, 3], [17, 20], 6, -61]
['7', [3, 4], [20, 10], 7, 108]
['8', [1], [9], 8, 25]
['9', [5, 6], [4, -61], 9, 82]
['1', ['SYSIN'], [2], 1, 2]
['2', ['SYSIN'], [8], 2, 15]
['3', ['SYSIN'], [9], 3, 29]
['4', ['SYSIN'], [6], 4, 15]
['5', [1, 2], [2, 15], 5, -8]
['6', [2, 3], [15, 29], 6, -99]
['7', [3, 4], [29, 15], 7, 159]
['8', [1], [2], 8, 4]
['9', [5, 6], [-8, -99], 9, 60]
['1', ['SYSIN'], [1], 1, 1]
['2', ['SYSIN'], [5], 2, 9]
['3', ['SYSIN'], [3], 3, 11]
['4', ['SYSIN'], [5], 4, 14]
['5', [1, 2], [1, 9], 5, -4]
['6', [2, 3], [9, 11], 6, -33]
['7', [3, 4], [11, 14], 7, 84]
['8', [1], [1], 8, 1]
['9', [5, 6], [-4, -33], 9, 14]
['1', ['SYSIN'], [4], 1, 4]
['2', ['SYSIN'], [5], 2, 9]
['3', ['SYSIN'], [2], 3, 8]
['4', ['SYSIN'], [9], 4, 18]
['5', [1, 2], [4, 9], 5, 2]
['6', [2, 3], [9, 8], 6, -21]
['7', [3, 4], [8, 18], 7, 84]
['8', [1], [4], 8, 10]
['9', [5, 6], [2, -21], 9, 32]
['1', ['SYSIN'], [7], 1, 7]
['2', ['SYSIN'], [1], 2, 1]
['3', ['SYSIN'], [0], 3, 2]
['4', ['SYSIN'], [0], 4, 9]
['5', [1, 2], [7, 1], 5, 16]
['6', [2, 3], [1, 2], 6, -5]
['7', [3, 4], [2, 9], 7, 33]
['8', [1], [7], 8, 19]
['9', [5, 6], [16, -5], 9, 86]
['1', ['SYSIN'], [0], 1, 0]
['2', ['SYSIN'], [6], 2, 11]
['3', ['SYSIN'], [8], 3, 26]
['4', ['SYSIN'], [7], 4, 16]
['5', [1, 2], [0, 11], 5, -8]
['6', [2, 3], [11, 26], 6, -91]
['7', [3, 4], [26, 16], 7, 150]
['8', [1], [0], 8, -2]
['9', [5, 6], [-8, -91], 9, 52]
['1', ['SYSIN'], [8], 1, 8]
['2', ['SYSIN'], [7], 2, 13]
['3', ['SYSIN'], [7], 3, 23]
['4', ['SYSIN'], [7], 4, 16]
['5', [1, 2], [8, 13], 5, 6]
['6', [2, 3], [13, 23], 6, -77]
['7', [3, 4], [23, 16], 7, 138]
['8', [1], [8], 8, 22]
['9', [5, 6], [6, -77], 9, 108]
['1', ['SYSIN'], [6], 1, 6]
['2', ['SYSIN'], [9], 2, 17]
['3', ['SYSIN'], [9], 3, 29]
['4', ['SYSIN'], [9], 4, 18]
['5', [1, 2], [6, 17], 5, -2]
['6', [2, 3], [17, 29], 6, -97]
['7', [3, 4], [29, 18], 7, 168]
['8', [1], [6], 8, 16]
['9', [5, 6], [-2, -97], 9, 88]
['1', ['SYSIN'], [8], 1, 8]
['2', ['SYSIN'], [1], 2, 1]
['3', ['SYSIN'], [5], 3, 17]
['4', ['SYSIN'], [4], 4, 13]
['5', [1, 2], [8, 1], 5, 18]
['6', [2, 3], [1, 17], 6, -65]
['7', [3, 4], [17, 13], 7, 105]
['8', [1], [8], 8, 22]
['9', [5, 6], [18, -65], 9, 156]
['1', ['SYSIN'], [1], 1, 1]
['2', ['SYSIN'], [7], 2, 13]
['3', ['SYSIN'], [7], 3, 23]
['4', ['SYSIN'], [4], 4, 13]
['5', [1, 2], [1, 13], 5, -8]
['6', [2, 3], [13, 23], 6, -77]
['7', [3, 4], [23, 13], 7, 129]
['8', [1], [1], 8, 1]
['9', [5, 6], [-8, -77], 9, 38]
['1', ['SYSIN'], [0], 1, 0]
['2', ['SYSIN'], [8], 2, 15]
['3', ['SYSIN'], [6], 3, 20]
['4', ['SYSIN'], [1], 4, 10]
['5', [1, 2], [0, 15], 5, -12]
['6', [2, 3], [15, 20], 6, -63]
['7', [3, 4], [20, 10], 7, 108]
['8', [1], [0], 8, -2]
['9', [5, 6], [-12, -63], 9, 4]
['1', ['SYSIN'], [5], 1, 5]
['2', ['SYSIN'], [1], 2, 1]
['3', ['SYSIN'], [1], 3, 5]
['4', ['SYSIN'], [5], 4, 14]
['5', [1, 2], [5, 1], 5, 12]
['6', [2, 3], [1, 5], 6, -17]
['7', [3, 4], [5, 14], 7, 60]
['8', [1], [5], 8, 13]
['9', [5, 6], [12, -17], 9, 78]
['1', ['SYSIN'], [5], 1, 5]
['2', ['SYSIN'], [7], 2, 13]
['3', ['SYSIN'], [7], 3, 23]
['4', ['SYSIN'], [2], 4, 11]
['5', [1, 2], [5, 13], 5, 0]
['6', [2, 3], [13, 23], 6, -77]
['7', [3, 4], [23, 11], 7, 123]
['8', [1], [5], 8, 13]
['9', [5, 6], [0, -77], 9, 78]
['1', ['SYSIN'], [4], 1, 4]
['2', ['SYSIN'], [8], 2, 15]
['3', ['SYSIN'], [9], 3, 29]
['4', ['SYSIN'], [7], 4, 16]
['5', [1, 2], [4, 15], 5, -4]
['6', [2, 3], [15, 29], 6, -99]
['7', [3, 4], [29, 16], 7, 162]
['8', [1], [4], 8, 10]
['9', [5, 6], [-4, -99], 9, 80]
['1', ['SYSIN'], [8], 1, 8]
['2', ['SYSIN'], [5], 2, 9]
['3', ['SYSIN'], [0], 3, 2]
['4', ['SYSIN'], [9], 4, 18]
['5', [1, 2], [8, 9], 5, 10]
['6', [2, 3], [9, 2], 6, 3]
['7', [3, 4], [2, 18], 7, 60]
['8', [1], [8], 8, 22]
['9', [5, 6], [10, 3], 9, 48]
['1', ['SYSIN'], [6], 1, 6]
['2', ['SYSIN'], [2], 2, 3]
['3', ['SYSIN'], [6], 3, 20]
['4', ['SYSIN'], [4], 4, 13]
['5', [1, 2], [6, 3], 5, 12]
['6', [2, 3], [3, 20], 6, -75]
['7', [3, 4], [20, 13], 7, 117]
['8', [1], [6], 8, 16]
['9', [5, 6], [12, -75], 9, 136]
['1', ['SYSIN'], [8], 1, 8]
['2', ['SYSIN'], [1], 2, 1]
['3', ['SYSIN'], [7], 3, 23]
['4', ['SYSIN'], [9], 4, 18]
['5', [1, 2], [8, 1], 5, 18]
['6', [2, 3], [1, 23], 6, -89]
['7', [3, 4], [23, 18], 7, 144]
['8', [1], [8], 8, 22]
['9', [5, 6], [18, -89], 9, 180]
['1', ['SYSIN'], [0], 1, 0]
['2', ['SYSIN'], [4], 2, 7]
['3', ['SYSIN'], [9], 3, 29]
['4', ['SYSIN'], [6], 4, 15]
['5', [1, 2], [0, 7], 5, -4]
['6', [2, 3], [7, 29], 6, -107]
['7', [3, 4], [29, 15], 7, 159]
['8', [1], [0], 8, -2]
['9', [5, 6], [-4, -107], 9, 88]
['1', ['SYSIN'], [0], 1, 0]
['2', ['SYSIN'], [0], 2, -1]
['3', ['SYSIN'], [5], 3, 17]
['4', ['SYSIN'], [4], 4, 13]
['5', [1, 2], [0, -1], 5, 4]
['6', [2, 3], [-1, 17], 6, -67]
['7', [3, 4], [17, 13], 7, 105]
['8', [1], [0], 8, -2]
['9', [5, 6], [4, -67], 9, 88]
['1', ['SYSIN'], [3], 1, 3]
['2', ['SYSIN'], [1], 2, 1]
['3', ['SYSIN'], [5], 3, 17]
['4', ['SYSIN'], [8], 4, 17]
['5', [1, 2], [3, 1], 5, 8]
['6', [2, 3], [1, 17], 6, -65]
['7', [3, 4], [17, 17], 7, 117]
['8', [1], [3], 8, 7]
['9', [5, 6], [8, -65], 9, 106]
['1', ['SYSIN'], [0], 1, 0]
['2', ['SYSIN'], [1], 2, 1]
['3', ['SYSIN'], [3], 3, 11]
['4', ['SYSIN'], [7], 4, 16]
['5', [1, 2], [0, 1], 5, 2]
['6', [2, 3], [1, 11], 6, -41]
['7', [3, 4], [11, 16], 7, 90]
['8', [1], [0], 8, -2]
['9', [5, 6], [2, -41], 9, 52]
['1', ['SYSIN'], [5], 1, 5]
['2', ['SYSIN'], [3], 2, 5]
['3', ['SYSIN'], [2], 3, 8]
['4', ['SYSIN'], [1], 4, 10]
['5', [1, 2], [5, 5], 5, 8]
['6', [2, 3], [5, 8], 6, -25]
['7', [3, 4], [8, 10], 7, 60]
['8', [1], [5], 8, 13]
['9', [5, 6], [8, -25], 9, 66]
['1', ['SYSIN'], [2], 1, 2]
['2', ['SYSIN'], [2], 2, 3]
['3', ['SYSIN'], [8], 3, 26]
['4', ['SYSIN'], [7], 4, 16]
['5', [1, 2], [2, 3], 5, 4]
['6', [2, 3], [3, 26], 6, -99]
['7', [3, 4], [26, 16], 7, 150]
['8', [1], [2], 8, 4]
['9', [5, 6], [4, -99], 9, 120]
['1', ['SYSIN'], [2], 1, 2]
['2', ['SYSIN'], [6], 2, 11]
['3', ['SYSIN'], [8], 3, 26]
['4', ['SYSIN'], [8], 4, 17]
['5', [1, 2], [2, 11], 5, -4]
['6', [2, 3], [11, 26], 6, -91]
['7', [3, 4], [26, 17], 7, 153]
['8', [1], [2], 8, 4]
['9', [5, 6], [-4, -91], 9, 72]

TotalBuggyObservations:
10

BuggyObservations:
['1', ['SYSIN'], [4], 1, 4]
['2', ['SYSIN'], [8], 2, 15]
['3', ['SYSIN'], [5], 3, 33]
['4', ['SYSIN'], [0], 4, 9]
['5', [1, 2], [4, 15], 5, -4]
['6', [2, 3], [15, 33], 6, -115]
['7', [3, 4], [33, 9], 7, 317]
['8', [1], [4], 8, 10]
['9', [5, 6], [-4, -115], 9, 96]
['1', ['SYSIN'], [6], 1, 6]
['2', ['SYSIN'], [1], 2, 1]
['3', ['SYSIN'], [4], 3, 27]
['4', ['SYSIN'], [3], 4, 12]
['5', [1, 2], [6, 1], 5, 14]
['6', [2, 3], [1, 27], 6, -105]
['7', [3, 4], [27, 12], 7, 287]
['8', [1], [6], 8, 16]
['9', [5, 6], [14, -105], 9, 176]
['1', ['SYSIN'], [6], 1, 6]
['2', ['SYSIN'], [4], 2, 7]
['3', ['SYSIN'], [8], 3, 51]
['4', ['SYSIN'], [0], 4, 9]
['5', [1, 2], [6, 7], 5, 8]
['6', [2, 3], [7, 51], 6, -195]
['7', [3, 4], [51, 9], 7, 461]
['8', [1], [6], 8, 16]
['9', [5, 6], [8, -195], 9, 236]
['1', ['SYSIN'], [3], 1, 3]
['2', ['SYSIN'], [9], 2, 17]
['3', ['SYSIN'], [5], 3, 33]
['4', ['SYSIN'], [4], 4, 13]
['5', [1, 2], [3, 17], 5, -8]
['6', [2, 3], [17, 33], 6, -113]
['7', [3, 4], [33, 13], 7, 341]
['8', [1], [3], 8, 7]
['9', [5, 6], [-8, -113], 9, 74]
['1', ['SYSIN'], [0], 1, 0]
['2', ['SYSIN'], [9], 2, 17]
['3', ['SYSIN'], [7], 3, 45]
['4', ['SYSIN'], [8], 4, 17]
['5', [1, 2], [0, 17], 5, -14]
['6', [2, 3], [17, 45], 6, -161]
['7', [3, 4], [45, 17], 7, 461]
['8', [1], [0], 8, -2]
['9', [5, 6], [-14, -161], 9, 92]
['1', ['SYSIN'], [3], 1, 3]
['2', ['SYSIN'], [1], 2, 1]
['3', ['SYSIN'], [8], 3, 51]
['4', ['SYSIN'], [3], 4, 12]
['5', [1, 2], [3, 1], 5, 8]
['6', [2, 3], [1, 51], 6, -201]
['7', [3, 4], [51, 12], 7, 479]
['8', [1], [3], 8, 7]
['9', [5, 6], [8, -201], 9, 242]
['1', ['SYSIN'], [2], 1, 2]
['2', ['SYSIN'], [5], 2, 9]
['3', ['SYSIN'], [5], 3, 33]
['4', ['SYSIN'], [4], 4, 13]
['5', [1, 2], [2, 9], 5, -2]
['6', [2, 3], [9, 33], 6, -121]
['7', [3, 4], [33, 13], 7, 341]
['8', [1], [2], 8, 4]
['9', [5, 6], [-2, -121], 9, 112]
['1', ['SYSIN'], [4], 1, 4]
['2', ['SYSIN'], [1], 2, 1]
['3', ['SYSIN'], [1], 3, 9]
['4', ['SYSIN'], [1], 4, 10]
['5', [1, 2], [4, 1], 5, 10]
['6', [2, 3], [1, 9], 6, -33]
['7', [3, 4], [9, 10], 7, 131]
['8', [1], [4], 8, 10]
['9', [5, 6], [10, -33], 9, 84]
['1', ['SYSIN'], [4], 1, 4]
['2', ['SYSIN'], [1], 2, 1]
['3', ['SYSIN'], [6], 3, 39]
['4', ['SYSIN'], [2], 4, 11]
['5', [1, 2], [4, 1], 5, 10]
['6', [2, 3], [1, 39], 6, -153]
['7', [3, 4], [39, 11], 7, 377]
['8', [1], [4], 8, 10]
['9', [5, 6], [10, -153], 9, 204]
['1', ['SYSIN'], [8], 1, 8]
['2', ['SYSIN'], [6], 2, 11]
['3', ['SYSIN'], [3], 3, 21]
['4', ['SYSIN'], [7], 4, 16]
['5', [1, 2], [8, 11], 5, 8]
['6', [2, 3], [11, 21], 6, -71]
['7', [3, 4], [21, 16], 7, 263]
['8', [1], [8], 8, 22]
['9', [5, 6], [8, -71], 9, 112]

BuggyIds
7, 3

MinRange:
0

MaxRange:
9
