Subsystems:
9
8
7
6
5
4
3
2
1

SYSINS:
1, 2, 3, 4

SYSOUTS:
9, 8, 7, 6, 5, 4, 3, 2, 1

TotalRegularObservations:
250

NormalObservations:
['1', ['SYSIN'], [0], 1, 0]
['2', ['SYSIN'], [1], 2, 1]
['3', ['SYSIN'], [0], 3, 2]
['4', ['SYSIN'], [0], 4, 9]
['5', [1, 2], [0, 1], 5, 2]
['6', [2, 3], [1, 2], 6, -5]
['7', [3, 4], [2, 9], 7, 33]
['8', [1], [0], 8, -2]
['9', [5, 6], [2, -5], 9, 16]
['1', ['SYSIN'], [1], 1, 1]
['2', ['SYSIN'], [1], 2, 1]
['3', ['SYSIN'], [1], 3, 5]
['4', ['SYSIN'], [0], 4, 9]
['5', [1, 2], [1, 1], 5, 4]
['6', [2, 3], [1, 5], 6, -17]
['7', [3, 4], [5, 9], 7, 45]
['8', [1], [1], 8, 1]
['9', [5, 6], [4, -17], 9, 38]
['1', ['SYSIN'], [0], 1, 0]
['2', ['SYSIN'], [1], 2, 1]
['3', ['SYSIN'], [0], 3, 2]
['4', ['SYSIN'], [1], 4, 10]
['5', [1, 2], [0, 1], 5, 2]
['6', [2, 3], [1, 2], 6, -5]
['7', [3, 4], [2, 10], 7, 36]
['8', [1], [0], 8, -2]
['9', [5, 6], [2, -5], 9, 16]
['1', ['SYSIN'], [0], 1, 0]
['2', ['SYSIN'], [0], 2, -1]
['3', ['SYSIN'], [0], 3, 2]
['4', ['SYSIN'], [0], 4, 9]
['5', [1, 2], [0, -1], 5, 4]
['6', [2, 3], [-1, 2], 6, -7]
['7', [3, 4], [2, 9], 7, 33]
['8', [1], [0], 8, -2]
['9', [5, 6], [4, -7], 9, 28]
['1', ['SYSIN'], [1], 1, 1]
['2', ['SYSIN'], [1], 2, 1]
['3', ['SYSIN'], [0], 3, 2]
['4', ['SYSIN'], [1], 4, 10]
['5', [1, 2], [1, 1], 5, 4]
['6', [2, 3], [1, 2], 6, -5]
['7', [3, 4], [2, 10], 7, 36]
['8', [1], [1], 8, 1]
['9', [5, 6], [4, -5], 9, 26]
['1', ['SYSIN'], [1], 1, 1]
['2', ['SYSIN'], [1], 2, 1]
['3', ['SYSIN'], [1], 3, 5]
['4', ['SYSIN'], [0], 4, 9]
['5', [1, 2], [1, 1], 5, 4]
['6', [2, 3], [1, 5], 6, -17]
['7', [3, 4], [5, 9], 7, 45]
['8', [1], [1], 8, 1]
['9', [5, 6], [4, -17], 9, 38]
['1', ['SYSIN'], [0], 1, 0]
['2', ['SYSIN'], [0], 2, -1]
['3', ['SYSIN'], [1], 3, 5]
['4', ['SYSIN'], [1], 4, 10]
['5', [1, 2], [0, -1], 5, 4]
['6', [2, 3], [-1, 5], 6, -19]
['7', [3, 4], [5, 10], 7, 48]
['8', [1], [0], 8, -2]
['9', [5, 6], [4, -19], 9, 40]
['1', ['SYSIN'], [1], 1, 1]
['2', ['SYSIN'], [0], 2, -1]
['3', ['SYSIN'], [1], 3, 5]
['4', ['SYSIN'], [1], 4, 10]
['5', [1, 2], [1, -1], 5, 6]
['6', [2, 3], [-1, 5], 6, -19]
['7', [3, 4], [5, 10], 7, 48]
['8', [1], [1], 8, 1]
['9', [5, 6], [6, -19], 9, 50]
['1', ['SYSIN'], [0], 1, 0]
['2', ['SYSIN'], [0], 2, -1]
['3', ['SYSIN'], [0], 3, 2]
['4', ['SYSIN'], [0], 4, 9]
['5', [1, 2], [0, -1], 5, 4]
['6', [2, 3], [-1, 2], 6, -7]
['7', [3, 4], [2, 9], 7, 33]
['8', [1], [0], 8, -2]
['9', [5, 6], [4, -7], 9, 28]
['1', ['SYSIN'], [0], 1, 0]
['2', ['SYSIN'], [1], 2, 1]
['3', ['SYSIN'], [1], 3, 5]
['4', ['SYSIN'], [1], 4, 10]
['5', [1, 2], [0, 1], 5, 2]
['6', [2, 3], [1, 5], 6, -17]
['7', [3, 4], [5, 10], 7, 48]
['8', [1], [0], 8, -2]
['9', [5, 6], [2, -17], 9, 28]
['1', ['SYSIN'], [0], 1, 0]
['2', ['SYSIN'], [0], 2, -1]
['3', ['SYSIN'], [0], 3, 2]
['4', ['SYSIN'], [1], 4, 10]
['5', [1, 2], [0, -1], 5, 4]
['6', [2, 3], [-1, 2], 6, -7]
['7', [3, 4], [2, 10], 7, 36]
['8', [1], [0], 8, -2]
['9', [5, 6], [4, -7], 9, 28]
['1', ['SYSIN'], [0], 1, 0]
['2', ['SYSIN'], [1], 2, 1]
['3', ['SYSIN'], [0], 3, 2]
['4', ['SYSIN'], [1], 4, 10]
['5', [1, 2], [0, 1], 5, 2]
['6', [2, 3], [1, 2], 6, -5]
['7', [3, 4], [2, 10], 7, 36]
['8', [1], [0], 8, -2]
['9', [5, 6], [2, -5], 9, 16]
['1', ['SYSIN'], [1], 1, 1]
['2', ['SYSIN'], [0], 2, -1]
['3', ['SYSIN'], [1], 3, 5]
['4', ['SYSIN'], [0], 4, 9]
['5', [1, 2], [1, -1], 5, 6]
['6', [2, 3], [-1, 5], 6, -19]
['7', [3, 4], [5, 9], 7, 45]
['8', [1], [1], 8, 1]
['9', [5, 6], [6, -19], 9, 50]
['1', ['SYSIN'], [0], 1, 0]
['2', ['SYSIN'], [1], 2, 1]
['3', ['SYSIN'], [0], 3, 2]
['4', ['SYSIN'], [0], 4, 9]
['5', [1, 2], [0, 1], 5, 2]
['6', [2, 3], [1, 2], 6, -5]
['7', [3, 4], [2, 9], 7, 33]
['8', [1], [0], 8, -2]
['9', [5, 6], [2, -5], 9, 16]
['1', ['SYSIN'], [0], 1, 0]
['2', ['SYSIN'], [0], 2, -1]
['3', ['SYSIN'], [0], 3, 2]
['4', ['SYSIN'], [1], 4, 10]
['5', [1, 2], [0, -1], 5, 4]
['6', [2, 3], [-1, 2], 6, -7]
['7', [3, 4], [2, 10], 7, 36]
['8', [1], [0], 8, -2]
['9', [5, 6], [4, -7], 9, 28]
['1', ['SYSIN'], [0], 1, 0]
['2', ['SYSIN'], [0], 2, -1]
['3', ['SYSIN'], [1], 3, 5]
['4', ['SYSIN'], [1], 4, 10]
['5', [1, 2], [0, -1], 5, 4]
['6', [2, 3], [-1, 5], 6, -19]
['7', [3, 4], [5, 10], 7, 48]
['8', [1], [0], 8, -2]
['9', [5, 6], [4, -19], 9, 40]
['1', ['SYSIN'], [0], 1, 0]
['2', ['SYSIN'], [0], 2, -1]
['3', ['SYSIN'], [0], 3, 2]
['4', ['SYSIN'], [0], 4, 9]
['5', [1, 2], [0, -1], 5, 4]
['6', [2, 3], [-1, 2], 6, -7]
['7', [3, 4], [2, 9], 7, 33]
['8', [1], [0], 8, -2]
['9', [5, 6], [4, -7], 9, 28]
['1', ['SYSIN'], [0], 1, 0]
['2', ['SYSIN'], [1], 2, 1]
['3', ['SYSIN'], [1], 3, 5]
['4', ['SYSIN'], [1], 4, 10]
['5', [1, 2], [0, 1], 5, 2]
['6', [2, 3], [1, 5], 6, -17]
['7', [3, 4], [5, 10], 7, 48]
['8', [1], [0], 8, -2]
['9', [5, 6], [2, -17], 9, 28]
['1', ['SYSIN'], [0], 1, 0]
['2', ['SYSIN'], [0], 2, -1]
['3', ['SYSIN'], [0], 3, 2]
['4', ['SYSIN'], [1], 4, 10]
['5', [1, 2], [0, -1], 5, 4]
['6', [2, 3], [-1, 2], 6, -7]
['7', [3, 4], [2, 10], 7, 36]
['8', [1], [0], 8, -2]
['9', [5, 6], [4, -7], 9, 28]
['1', ['SYSIN'], [1], 1, 1]
['2', ['SYSIN'], [1], 2, 1]
['3', ['SYSIN'], [0], 3, 2]
['4', ['SYSIN'], [1], 4, 10]
['5', [1, 2], [1, 1], 5, 4]
['6', [2, 3], [1, 2], 6, -5]
['7', [3, 4], [2, 10], 7, 36]
['8', [1], [1], 8, 1]
['9', [5, 6], [4, -5], 9, 26]
['1', ['SYSIN'], [0], 1, 0]
['2', ['SYSIN'], [0], 2, -1]
['3', ['SYSIN'], [1], 3, 5]
['4', ['SYSIN'], [1], 4, 10]
['5', [1, 2], [0, -1], 5, 4]
['6', [2, 3], [-1, 5], 6, -19]
['7', [3, 4], [5, 10], 7, 48]
['8', [1], [0], 8, -2]
['9', [5, 6], [4, -19], 9, 40]
['1', ['SYSIN'], [1], 1, 1]
['2', ['SYSIN'], [1], 2, 1]
['3', ['SYSIN'], [0], 3, 2]
['4', ['SYSIN'], [1], 4, 10]
['5', [1, 2], [1, 1], 5, 4]
['6', [2, 3], [1, 2], 6, -5]
['7', [3, 4], [2, 10], 7, 36]
['8', [1], [1], 8, 1]
['9', [5, 6], [4, -5], 9, 26]
['1', ['SYSIN'], [0], 1, 0]
['2', ['SYSIN'], [1], 2, 1]
['3', ['SYSIN'], [0], 3, 2]
['4', ['SYSIN'], [0], 4, 9]
['5', [1, 2], [0, 1], 5, 2]
['6', [2, 3], [1, 2], 6, -5]
['7', [3, 4], [2, 9], 7, 33]
['8', [1], [0], 8, -2]
['9', [5, 6], [2, -5], 9, 16]
['1', ['SYSIN'], [1], 1, 1]
['2', ['SYSIN'], [1], 2, 1]
['3', ['SYSIN'], [0], 3, 2]
['4', ['SYSIN'], [1], 4, 10]
['5', [1, 2], [1, 1], 5, 4]
['6', [2, 3], [1, 2], 6, -5]
['7', [3, 4], [2, 10], 7, 36]
['8', [1], [1], 8, 1]
['9', [5, 6], [4, -5], 9, 26]
['1', ['SYSIN'], [0], 1, 0]
['2', ['SYSIN'], [1], 2, 1]
['3', ['SYSIN'], [1], 3, 5]
['4', ['SYSIN'], [1], 4, 10]
['5', [1, 2], [0, 1], 5, 2]
['6', [2, 3], [1, 5], 6, -17]
['7', [3, 4], [5, 10], 7, 48]
['8', [1], [0], 8, -2]
['9', [5, 6], [2, -17], 9, 28]
['1', ['SYSIN'], [1], 1, 1]
['2', ['SYSIN'], [0], 2, -1]
['3', ['SYSIN'], [1], 3, 5]
['4', ['SYSIN'], [1], 4, 10]
['5', [1, 2], [1, -1], 5, 6]
['6', [2, 3], [-1, 5], 6, -19]
['7', [3, 4], [5, 10], 7, 48]
['8', [1], [1], 8, 1]
['9', [5, 6], [6, -19], 9, 50]
['1', ['SYSIN'], [0], 1, 0]
['2', ['SYSIN'], [0], 2, -1]
['3', ['SYSIN'], [1], 3, 5]
['4', ['SYSIN'], [1], 4, 10]
['5', [1, 2], [0, -1], 5, 4]
['6', [2, 3], [-1, 5], 6, -19]
['7', [3, 4], [5, 10], 7, 48]
['8', [1], [0], 8, -2]
['9', [5, 6], [4, -19], 9, 40]
['1', ['SYSIN'], [0], 1, 0]
['2', ['SYSIN'], [1], 2, 1]
['3', ['SYSIN'], [0], 3, 2]
['4', ['SYSIN'], [1], 4, 10]
['5', [1, 2], [0, 1], 5, 2]
['6', [2, 3], [1, 2], 6, -5]
['7', [3, 4], [2, 10], 7, 36]
['8', [1], [0], 8, -2]
['9', [5, 6], [2, -5], 9, 16]
['1', ['SYSIN'], [0], 1, 0]
['2', ['SYSIN'], [0], 2, -1]
['3', ['SYSIN'], [0], 3, 2]
['4', ['SYSIN'], [1], 4, 10]
['5', [1, 2], [0, -1], 5, 4]
['6', [2, 3], [-1, 2], 6, -7]
['7', [3, 4], [2, 10], 7, 36]
['8', [1], [0], 8, -2]
['9', [5, 6], [4, -7], 9, 28]
['1', ['SYSIN'], [0], 1, 0]
['2', ['SYSIN'], [0], 2, -1]
['3', ['SYSIN'], [0], 3, 2]
['4', ['SYSIN'], [0], 4, 9]
['5', [1, 2], [0, -1], 5, 4]
['6', [2, 3], [-1, 2], 6, -7]
['7', [3, 4], [2, 9], 7, 33]
['8', [1], [0], 8, -2]
['9', [5, 6], [4, -7], 9, 28]
['1', ['SYSIN'], [0], 1, 0]
['2', ['SYSIN'], [0], 2, -1]
['3', ['SYSIN'], [1], 3, 5]
['4', ['SYSIN'], [0], 4, 9]
['5', [1, 2], [0, -1], 5, 4]
['6', [2, 3], [-1, 5], 6, -19]
['7', [3, 4], [5, 9], 7, 45]
['8', [1], [0], 8, -2]
['9', [5, 6], [4, -19], 9, 40]
['1', ['SYSIN'], [1], 1, 1]
['2', ['SYSIN'], [0], 2, -1]
['3', ['SYSIN'], [1], 3, 5]
['4', ['SYSIN'], [1], 4, 10]
['5', [1, 2], [1, -1], 5, 6]
['6', [2, 3], [-1, 5], 6, -19]
['7', [3, 4], [5, 10], 7, 48]
['8', [1], [1], 8, 1]
['9', [5, 6], [6, -19], 9, 50]
['1', ['SYSIN'], [0], 1, 0]
['2', ['SYSIN'], [1], 2, 1]
['3', ['SYSIN'], [1], 3, 5]
['4', ['SYSIN'], [0], 4, 9]
['5', [1, 2], [0, 1], 5, 2]
['6', [2, 3], [1, 5], 6, -17]
['7', [3, 4], [5, 9], 7, 45]
['8', [1], [0], 8, -2]
['9', [5, 6], [2, -17], 9, 28]
['1', ['SYSIN'], [1], 1, 1]
['2', ['SYSIN'], [0], 2, -1]
['3', ['SYSIN'], [0], 3, 2]
['4', ['SYSIN'], [0], 4, 9]
['5', [1, 2], [1, -1], 5, 6]
['6', [2, 3], [-1, 2], 6, -7]
['7', [3, 4], [2, 9], 7, 33]
['8', [1], [1], 8, 1]
['9', [5, 6], [6, -7], 9, 38]
['1', ['SYSIN'], [0], 1, 0]
['2', ['SYSIN'], [1], 2, 1]
['3', ['SYSIN'], [1], 3, 5]
['4', ['SYSIN'], [1], 4, 10]
['5', [1, 2], [0, 1], 5, 2]
['6', [2, 3], [1, 5], 6, -17]
['7', [3, 4], [5, 10], 7, 48]
['8', [1], [0], 8, -2]
['9', [5, 6], [2, -17], 9, 28]
['1', ['SYSIN'], [0], 1, 0]
['2', ['SYSIN'], [1], 2, 1]
['3', ['SYSIN'], [1], 3, 5]
['4', ['SYSIN'], [0], 4, 9]
['5', [1, 2], [0, 1], 5, 2]
['6', [2, 3], [1, 5], 6, -17]
['7', [3, 4], [5, 9], 7, 45]
['8', [1], [0], 8, -2]
['9', [5, 6], [2, -17], 9, 28]
['1', ['SYSIN'], [0], 1, 0]
['2', ['SYSIN'], [0], 2, -1]
['3', ['SYSIN'], [0], 3, 2]
['4', ['SYSIN'], [1], 4, 10]
['5', [1, 2], [0, -1], 5, 4]
['6', [2, 3], [-1, 2], 6, -7]
['7', [3, 4], [2, 10], 7, 36]
['8', [1], [0], 8, -2]
['9', [5, 6], [4, -7], 9, 28]
['1', ['SYSIN'], [1], 1, 1]
['2', ['SYSIN'], [0], 2, -1]
['3', ['SYSIN'], [1], 3, 5]
['4', ['SYSIN'], [0], 4, 9]
['5', [1, 2], [1, -1], 5, 6]
['6', [2, 3], [-1, 5], 6, -19]
['7', [3, 4], [5, 9], 7, 45]
['8', [1], [1], 8, 1]
['9', [5, 6], [6, -19], 9, 50]
['1', ['SYSIN'], [1], 1, 1]
['2', ['SYSIN'], [0], 2, -1]
['3', ['SYSIN'], [1], 3, 5]
['4', ['SYSIN'], [1], 4, 10]
['5', [1, 2], [1, -1], 5, 6]
['6', [2, 3], [-1, 5], 6, -19]
['7', [3, 4], [5, 10], 7, 48]
['8', [1], [1], 8, 1]
['9', [5, 6], [6, -19], 9, 50]
['1', ['SYSIN'], [1], 1, 1]
['2', ['SYSIN'], [0], 2, -1]
['3', ['SYSIN'], [1], 3, 5]
['4', ['SYSIN'], [0], 4, 9]
['5', [1, 2], [1, -1], 5, 6]
['6', [2, 3], [-1, 5], 6, -19]
['7', [3, 4], [5, 9], 7, 45]
['8', [1], [1], 8, 1]
['9', [5, 6], [6, -19], 9, 50]
['1', ['SYSIN'], [0], 1, 0]
['2', ['SYSIN'], [0], 2, -1]
['3', ['SYSIN'], [0], 3, 2]
['4', ['SYSIN'], [0], 4, 9]
['5', [1, 2], [0, -1], 5, 4]
['6', [2, 3], [-1, 2], 6, -7]
['7', [3, 4], [2, 9], 7, 33]
['8', [1], [0], 8, -2]
['9', [5, 6], [4, -7], 9, 28]
['1', ['SYSIN'], [0], 1, 0]
['2', ['SYSIN'], [1], 2, 1]
['3', ['SYSIN'], [0], 3, 2]
['4', ['SYSIN'], [0], 4, 9]
['5', [1, 2], [0, 1], 5, 2]
['6', [2, 3], [1, 2], 6, -5]
['7', [3, 4], [2, 9], 7, 33]
['8', [1], [0], 8, -2]
['9', [5, 6], [2, -5], 9, 16]
['1', ['SYSIN'], [0], 1, 0]
['2', ['SYSIN'], [1], 2, 1]
['3', ['SYSIN'], [0], 3, 2]
['4', ['SYSIN'], [0], 4, 9]
['5', [1, 2], [0, 1], 5, 2]
['6', [2, 3], [1, 2], 6, -5]
['7', [3, 4], [2, 9], 7, 33]
['8', [1], [0], 8, -2]
['9', [5, 6], [2, -5], 9, 16]
['1', ['SYSIN'], [1], 1, 1]
['2', ['SYSIN'], [0], 2, -1]
['3', ['SYSIN'], [0], 3, 2]
['4', ['SYSIN'], [0], 4, 9]
['5', [1, 2], [1, -1], 5, 6]
['6', [2, 3], [-1, 2], 6, -7]
['7', [3, 4], [2, 9], 7, 33]
['8', [1], [1], 8, 1]
['9', [5, 6], [6, -7], 9, 38]
['1', ['SYSIN'], [1], 1, 1]
['2', ['SYSIN'], [1], 2, 1]
['3', ['SYSIN'], [1], 3, 5]
['4', ['SYSIN'], [0], 4, 9]
['5', [1, 2], [1, 1], 5, 4]
['6', [2, 3], [1, 5], 6, -17]
['7', [3, 4], [5, 9], 7, 45]
['8', [1], [1], 8, 1]
['9', [5, 6], [4, -17], 9, 38]
['1', ['SYSIN'], [0], 1, 0]
['2', ['SYSIN'], [1], 2, 1]
['3', ['SYSIN'], [0], 3, 2]
['4', ['SYSIN'], [0], 4, 9]
['5', [1, 2], [0, 1], 5, 2]
['6', [2, 3], [1, 2], 6, -5]
['7', [3, 4], [2, 9], 7, 33]
['8', [1], [0], 8, -2]
['9', [5, 6], [2, -5], 9, 16]
['1', ['SYSIN'], [0], 1, 0]
['2', ['SYSIN'], [0], 2, -1]
['3', ['SYSIN'], [1], 3, 5]
['4', ['SYSIN'], [1], 4, 10]
['5', [1, 2], [0, -1], 5, 4]
['6', [2, 3], [-1, 5], 6, -19]
['7', [3, 4], [5, 10], 7, 48]
['8', [1], [0], 8, -2]
['9', [5, 6], [4, -19], 9, 40]
['1', ['SYSIN'], [1], 1, 1]
['2', ['SYSIN'], [1], 2, 1]
['3', ['SYSIN'], [1], 3, 5]
['4', ['SYSIN'], [1], 4, 10]
['5', [1, 2], [1, 1], 5, 4]
['6', [2, 3], [1, 5], 6, -17]
['7', [3, 4], [5, 10], 7, 48]
['8', [1], [1], 8, 1]
['9', [5, 6], [4, -17], 9, 38]
['1', ['SYSIN'], [1], 1, 1]
['2', ['SYSIN'], [1], 2, 1]
['3', ['SYSIN'], [1], 3, 5]
['4', ['SYSIN'], [1], 4, 10]
['5', [1, 2], [1, 1], 5, 4]
['6', [2, 3], [1, 5], 6, -17]
['7', [3, 4], [5, 10], 7, 48]
['8', [1], [1], 8, 1]
['9', [5, 6], [4, -17], 9, 38]
['1', ['SYSIN'], [0], 1, 0]
['2', ['SYSIN'], [0], 2, -1]
['3', ['SYSIN'], [1], 3, 5]
['4', ['SYSIN'], [0], 4, 9]
['5', [1, 2], [0, -1], 5, 4]
['6', [2, 3], [-1, 5], 6, -19]
['7', [3, 4], [5, 9], 7, 45]
['8', [1], [0], 8, -2]
['9', [5, 6], [4, -19], 9, 40]
['1', ['SYSIN'], [1], 1, 1]
['2', ['SYSIN'], [1], 2, 1]
['3', ['SYSIN'], [1], 3, 5]
['4', ['SYSIN'], [0], 4, 9]
['5', [1, 2], [1, 1], 5, 4]
['6', [2, 3], [1, 5], 6, -17]
['7', [3, 4], [5, 9], 7, 45]
['8', [1], [1], 8, 1]
['9', [5, 6], [4, -17], 9, 38]
['1', ['SYSIN'], [0], 1, 0]
['2', ['SYSIN'], [0], 2, -1]
['3', ['SYSIN'], [1], 3, 5]
['4', ['SYSIN'], [0], 4, 9]
['5', [1, 2], [0, -1], 5, 4]
['6', [2, 3], [-1, 5], 6, -19]
['7', [3, 4], [5, 9], 7, 45]
['8', [1], [0], 8, -2]
['9', [5, 6], [4, -19], 9, 40]
['1', ['SYSIN'], [0], 1, 0]
['2', ['SYSIN'], [1], 2, 1]
['3', ['SYSIN'], [1], 3, 5]
['4', ['SYSIN'], [0], 4, 9]
['5', [1, 2], [0, 1], 5, 2]
['6', [2, 3], [1, 5], 6, -17]
['7', [3, 4], [5, 9], 7, 45]
['8', [1], [0], 8, -2]
['9', [5, 6], [2, -17], 9, 28]
['1', ['SYSIN'], [1], 1, 1]
['2', ['SYSIN'], [1], 2, 1]
['3', ['SYSIN'], [0], 3, 2]
['4', ['SYSIN'], [0], 4, 9]
['5', [1, 2], [1, 1], 5, 4]
['6', [2, 3], [1, 2], 6, -5]
['7', [3, 4], [2, 9], 7, 33]
['8', [1], [1], 8, 1]
['9', [5, 6], [4, -5], 9, 26]
['1', ['SYSIN'], [1], 1, 1]
['2', ['SYSIN'], [1], 2, 1]
['3', ['SYSIN'], [1], 3, 5]
['4', ['SYSIN'], [1], 4, 10]
['5', [1, 2], [1, 1], 5, 4]
['6', [2, 3], [1, 5], 6, -17]
['7', [3, 4], [5, 10], 7, 48]
['8', [1], [1], 8, 1]
['9', [5, 6], [4, -17], 9, 38]
['1', ['SYSIN'], [1], 1, 1]
['2', ['SYSIN'], [0], 2, -1]
['3', ['SYSIN'], [0], 3, 2]
['4', ['SYSIN'], [0], 4, 9]
['5', [1, 2], [1, -1], 5, 6]
['6', [2, 3], [-1, 2], 6, -7]
['7', [3, 4], [2, 9], 7, 33]
['8', [1], [1], 8, 1]
['9', [5, 6], [6, -7], 9, 38]
['1', ['SYSIN'], [0], 1, 0]
['2', ['SYSIN'], [1], 2, 1]
['3', ['SYSIN'], [1], 3, 5]
['4', ['SYSIN'], [0], 4, 9]
['5', [1, 2], [0, 1], 5, 2]
['6', [2, 3], [1, 5], 6, -17]
['7', [3, 4], [5, 9], 7, 45]
['8', [1], [0], 8, -2]
['9', [5, 6], [2, -17], 9, 28]
['1', ['SYSIN'], [0], 1, 0]
['2', ['SYSIN'], [0], 2, -1]
['3', ['SYSIN'], [0], 3, 2]
['4', ['SYSIN'], [0], 4, 9]
['5', [1, 2], [0, -1], 5, 4]
['6', [2, 3], [-1, 2], 6, -7]
['7', [3, 4], [2, 9], 7, 33]
['8', [1], [0], 8, -2]
['9', [5, 6], [4, -7], 9, 28]
['1', ['SYSIN'], [1], 1, 1]
['2', ['SYSIN'], [0], 2, -1]
['3', ['SYSIN'], [1], 3, 5]
['4', ['SYSIN'], [1], 4, 10]
['5', [1, 2], [1, -1], 5, 6]
['6', [2, 3], [-1, 5], 6, -19]
['7', [3, 4], [5, 10], 7, 48]
['8', [1], [1], 8, 1]
['9', [5, 6], [6, -19], 9, 50]
['1', ['SYSIN'], [1], 1, 1]
['2', ['SYSIN'], [0], 2, -1]
['3', ['SYSIN'], [1], 3, 5]
['4', ['SYSIN'], [1], 4, 10]
['5', [1, 2], [1, -1], 5, 6]
['6', [2, 3], [-1, 5], 6, -19]
['7', [3, 4], [5, 10], 7, 48]
['8', [1], [1], 8, 1]
['9', [5, 6], [6, -19], 9, 50]
['1', ['SYSIN'], [1], 1, 1]
['2', ['SYSIN'], [1], 2, 1]
['3', ['SYSIN'], [0], 3, 2]
['4', ['SYSIN'], [0], 4, 9]
['5', [1, 2], [1, 1], 5, 4]
['6', [2, 3], [1, 2], 6, -5]
['7', [3, 4], [2, 9], 7, 33]
['8', [1], [1], 8, 1]
['9', [5, 6], [4, -5], 9, 26]
['1', ['SYSIN'], [1], 1, 1]
['2', ['SYSIN'], [1], 2, 1]
['3', ['SYSIN'], [1], 3, 5]
['4', ['SYSIN'], [1], 4, 10]
['5', [1, 2], [1, 1], 5, 4]
['6', [2, 3], [1, 5], 6, -17]
['7', [3, 4], [5, 10], 7, 48]
['8', [1], [1], 8, 1]
['9', [5, 6], [4, -17], 9, 38]
['1', ['SYSIN'], [0], 1, 0]
['2', ['SYSIN'], [0], 2, -1]
['3', ['SYSIN'], [0], 3, 2]
['4', ['SYSIN'], [0], 4, 9]
['5', [1, 2], [0, -1], 5, 4]
['6', [2, 3], [-1, 2], 6, -7]
['7', [3, 4], [2, 9], 7, 33]
['8', [1], [0], 8, -2]
['9', [5, 6], [4, -7], 9, 28]
['1', ['SYSIN'], [0], 1, 0]
['2', ['SYSIN'], [0], 2, -1]
['3', ['SYSIN'], [1], 3, 5]
['4', ['SYSIN'], [1], 4, 10]
['5', [1, 2], [0, -1], 5, 4]
['6', [2, 3], [-1, 5], 6, -19]
['7', [3, 4], [5, 10], 7, 48]
['8', [1], [0], 8, -2]
['9', [5, 6], [4, -19], 9, 40]
['1', ['SYSIN'], [1], 1, 1]
['2', ['SYSIN'], [1], 2, 1]
['3', ['SYSIN'], [0], 3, 2]
['4', ['SYSIN'], [1], 4, 10]
['5', [1, 2], [1, 1], 5, 4]
['6', [2, 3], [1, 2], 6, -5]
['7', [3, 4], [2, 10], 7, 36]
['8', [1], [1], 8, 1]
['9', [5, 6], [4, -5], 9, 26]
['1', ['SYSIN'], [0], 1, 0]
['2', ['SYSIN'], [0], 2, -1]
['3', ['SYSIN'], [0], 3, 2]
['4', ['SYSIN'], [0], 4, 9]
['5', [1, 2], [0, -1], 5, 4]
['6', [2, 3], [-1, 2], 6, -7]
['7', [3, 4], [2, 9], 7, 33]
['8', [1], [0], 8, -2]
['9', [5, 6], [4, -7], 9, 28]
['1', ['SYSIN'], [0], 1, 0]
['2', ['SYSIN'], [1], 2, 1]
['3', ['SYSIN'], [1], 3, 5]
['4', ['SYSIN'], [0], 4, 9]
['5', [1, 2], [0, 1], 5, 2]
['6', [2, 3], [1, 5], 6, -17]
['7', [3, 4], [5, 9], 7, 45]
['8', [1], [0], 8, -2]
['9', [5, 6], [2, -17], 9, 28]
['1', ['SYSIN'], [1], 1, 1]
['2', ['SYSIN'], [1], 2, 1]
['3', ['SYSIN'], [1], 3, 5]
['4', ['SYSIN'], [1], 4, 10]
['5', [1, 2], [1, 1], 5, 4]
['6', [2, 3], [1, 5], 6, -17]
['7', [3, 4], [5, 10], 7, 48]
['8', [1], [1], 8, 1]
['9', [5, 6], [4, -17], 9, 38]
['1', ['SYSIN'], [0], 1, 0]
['2', ['SYSIN'], [0], 2, -1]
['3', ['SYSIN'], [0], 3, 2]
['4', ['SYSIN'], [0], 4, 9]
['5', [1, 2], [0, -1], 5, 4]
['6', [2, 3], [-1, 2], 6, -7]
['7', [3, 4], [2, 9], 7, 33]
['8', [1], [0], 8, -2]
['9', [5, 6], [4, -7], 9, 28]
['1', ['SYSIN'], [1], 1, 1]
['2', ['SYSIN'], [0], 2, -1]
['3', ['SYSIN'], [1], 3, 5]
['4', ['SYSIN'], [0], 4, 9]
['5', [1, 2], [1, -1], 5, 6]
['6', [2, 3], [-1, 5], 6, -19]
['7', [3, 4], [5, 9], 7, 45]
['8', [1], [1], 8, 1]
['9', [5, 6], [6, -19], 9, 50]
['1', ['SYSIN'], [0], 1, 0]
['2', ['SYSIN'], [1], 2, 1]
['3', ['SYSIN'], [1], 3, 5]
['4', ['SYSIN'], [0], 4, 9]
['5', [1, 2], [0, 1], 5, 2]
['6', [2, 3], [1, 5], 6, -17]
['7', [3, 4], [5, 9], 7, 45]
['8', [1], [0], 8, -2]
['9', [5, 6], [2, -17], 9, 28]
['1', ['SYSIN'], [0], 1, 0]
['2', ['SYSIN'], [1], 2, 1]
['3', ['SYSIN'], [1], 3, 5]
['4', ['SYSIN'], [0], 4, 9]
['5', [1, 2], [0, 1], 5, 2]
['6', [2, 3], [1, 5], 6, -17]
['7', [3, 4], [5, 9], 7, 45]
['8', [1], [0], 8, -2]
['9', [5, 6], [2, -17], 9, 28]
['1', ['SYSIN'], [1], 1, 1]
['2', ['SYSIN'], [0], 2, -1]
['3', ['SYSIN'], [0], 3, 2]
['4', ['SYSIN'], [0], 4, 9]
['5', [1, 2], [1, -1], 5, 6]
['6', [2, 3], [-1, 2], 6, -7]
['7', [3, 4], [2, 9], 7, 33]
['8', [1], [1], 8, 1]
['9', [5, 6], [6, -7], 9, 38]
['1', ['SYSIN'], [0], 1, 0]
['2', ['SYSIN'], [0], 2, -1]
['3', ['SYSIN'], [1], 3, 5]
['4', ['SYSIN'], [0], 4, 9]
['5', [1, 2], [0, -1], 5, 4]
['6', [2, 3], [-1, 5], 6, -19]
['7', [3, 4], [5, 9], 7, 45]
['8', [1], [0], 8, -2]
['9', [5, 6], [4, -19], 9, 40]
['1', ['SYSIN'], [0], 1, 0]
['2', ['SYSIN'], [0], 2, -1]
['3', ['SYSIN'], [0], 3, 2]
['4', ['SYSIN'], [1], 4, 10]
['5', [1, 2], [0, -1], 5, 4]
['6', [2, 3], [-1, 2], 6, -7]
['7', [3, 4], [2, 10], 7, 36]
['8', [1], [0], 8, -2]
['9', [5, 6], [4, -7], 9, 28]
['1', ['SYSIN'], [0], 1, 0]
['2', ['SYSIN'], [0], 2, -1]
['3', ['SYSIN'], [0], 3, 2]
['4', ['SYSIN'], [1], 4, 10]
['5', [1, 2], [0, -1], 5, 4]
['6', [2, 3], [-1, 2], 6, -7]
['7', [3, 4], [2, 10], 7, 36]
['8', [1], [0], 8, -2]
['9', [5, 6], [4, -7], 9, 28]
['1', ['SYSIN'], [0], 1, 0]
['2', ['SYSIN'], [0], 2, -1]
['3', ['SYSIN'], [0], 3, 2]
['4', ['SYSIN'], [1], 4, 10]
['5', [1, 2], [0, -1], 5, 4]
['6', [2, 3], [-1, 2], 6, -7]
['7', [3, 4], [2, 10], 7, 36]
['8', [1], [0], 8, -2]
['9', [5, 6], [4, -7], 9, 28]
['1', ['SYSIN'], [0], 1, 0]
['2', ['SYSIN'], [0], 2, -1]
['3', ['SYSIN'], [1], 3, 5]
['4', ['SYSIN'], [1], 4, 10]
['5', [1, 2], [0, -1], 5, 4]
['6', [2, 3], [-1, 5], 6, -19]
['7', [3, 4], [5, 10], 7, 48]
['8', [1], [0], 8, -2]
['9', [5, 6], [4, -19], 9, 40]
['1', ['SYSIN'], [1], 1, 1]
['2', ['SYSIN'], [0], 2, -1]
['3', ['SYSIN'], [0], 3, 2]
['4', ['SYSIN'], [1], 4, 10]
['5', [1, 2], [1, -1], 5, 6]
['6', [2, 3], [-1, 2], 6, -7]
['7', [3, 4], [2, 10], 7, 36]
['8', [1], [1], 8, 1]
['9', [5, 6], [6, -7], 9, 38]
['1', ['SYSIN'], [0], 1, 0]
['2', ['SYSIN'], [0], 2, -1]
['3', ['SYSIN'], [0], 3, 2]
['4', ['SYSIN'], [1], 4, 10]
['5', [1, 2], [0, -1], 5, 4]
['6', [2, 3], [-1, 2], 6, -7]
['7', [3, 4], [2, 10], 7, 36]
['8', [1], [0], 8, -2]
['9', [5, 6], [4, -7], 9, 28]
['1', ['SYSIN'], [0], 1, 0]
['2', ['SYSIN'], [0], 2, -1]
['3', ['SYSIN'], [0], 3, 2]
['4', ['SYSIN'], [0], 4, 9]
['5', [1, 2], [0, -1], 5, 4]
['6', [2, 3], [-1, 2], 6, -7]
['7', [3, 4], [2, 9], 7, 33]
['8', [1], [0], 8, -2]
['9', [5, 6], [4, -7], 9, 28]
['1', ['SYSIN'], [1], 1, 1]
['2', ['SYSIN'], [0], 2, -1]
['3', ['SYSIN'], [0], 3, 2]
['4', ['SYSIN'], [0], 4, 9]
['5', [1, 2], [1, -1], 5, 6]
['6', [2, 3], [-1, 2], 6, -7]
['7', [3, 4], [2, 9], 7, 33]
['8', [1], [1], 8, 1]
['9', [5, 6], [6, -7], 9, 38]
['1', ['SYSIN'], [1], 1, 1]
['2', ['SYSIN'], [0], 2, -1]
['3', ['SYSIN'], [0], 3, 2]
['4', ['SYSIN'], [1], 4, 10]
['5', [1, 2], [1, -1], 5, 6]
['6', [2, 3], [-1, 2], 6, -7]
['7', [3, 4], [2, 10], 7, 36]
['8', [1], [1], 8, 1]
['9', [5, 6], [6, -7], 9, 38]
['1', ['SYSIN'], [0], 1, 0]
['2', ['SYSIN'], [1], 2, 1]
['3', ['SYSIN'], [0], 3, 2]
['4', ['SYSIN'], [0], 4, 9]
['5', [1, 2], [0, 1], 5, 2]
['6', [2, 3], [1, 2], 6, -5]
['7', [3, 4], [2, 9], 7, 33]
['8', [1], [0], 8, -2]
['9', [5, 6], [2, -5], 9, 16]
['1', ['SYSIN'], [1], 1, 1]
['2', ['SYSIN'], [1], 2, 1]
['3', ['SYSIN'], [0], 3, 2]
['4', ['SYSIN'], [1], 4, 10]
['5', [1, 2], [1, 1], 5, 4]
['6', [2, 3], [1, 2], 6, -5]
['7', [3, 4], [2, 10], 7, 36]
['8', [1], [1], 8, 1]
['9', [5, 6], [4, -5], 9, 26]
['1', ['SYSIN'], [0], 1, 0]
['2', ['SYSIN'], [1], 2, 1]
['3', ['SYSIN'], [0], 3, 2]
['4', ['SYSIN'], [1], 4, 10]
['5', [1, 2], [0, 1], 5, 2]
['6', [2, 3], [1, 2], 6, -5]
['7', [3, 4], [2, 10], 7, 36]
['8', [1], [0], 8, -2]
['9', [5, 6], [2, -5], 9, 16]
['1', ['SYSIN'], [1], 1, 1]
['2', ['SYSIN'], [0], 2, -1]
['3', ['SYSIN'], [1], 3, 5]
['4', ['SYSIN'], [0], 4, 9]
['5', [1, 2], [1, -1], 5, 6]
['6', [2, 3], [-1, 5], 6, -19]
['7', [3, 4], [5, 9], 7, 45]
['8', [1], [1], 8, 1]
['9', [5, 6], [6, -19], 9, 50]
['1', ['SYSIN'], [1], 1, 1]
['2', ['SYSIN'], [1], 2, 1]
['3', ['SYSIN'], [0], 3, 2]
['4', ['SYSIN'], [0], 4, 9]
['5', [1, 2], [1, 1], 5, 4]
['6', [2, 3], [1, 2], 6, -5]
['7', [3, 4], [2, 9], 7, 33]
['8', [1], [1], 8, 1]
['9', [5, 6], [4, -5], 9, 26]
['1', ['SYSIN'], [0], 1, 0]
['2', ['SYSIN'], [1], 2, 1]
['3', ['SYSIN'], [0], 3, 2]
['4', ['SYSIN'], [1], 4, 10]
['5', [1, 2], [0, 1], 5, 2]
['6', [2, 3], [1, 2], 6, -5]
['7', [3, 4], [2, 10], 7, 36]
['8', [1], [0], 8, -2]
['9', [5, 6], [2, -5], 9, 16]
['1', ['SYSIN'], [1], 1, 1]
['2', ['SYSIN'], [1], 2, 1]
['3', ['SYSIN'], [1], 3, 5]
['4', ['SYSIN'], [0], 4, 9]
['5', [1, 2], [1, 1], 5, 4]
['6', [2, 3], [1, 5], 6, -17]
['7', [3, 4], [5, 9], 7, 45]
['8', [1], [1], 8, 1]
['9', [5, 6], [4, -17], 9, 38]
['1', ['SYSIN'], [0], 1, 0]
['2', ['SYSIN'], [1], 2, 1]
['3', ['SYSIN'], [1], 3, 5]
['4', ['SYSIN'], [0], 4, 9]
['5', [1, 2], [0, 1], 5, 2]
['6', [2, 3], [1, 5], 6, -17]
['7', [3, 4], [5, 9], 7, 45]
['8', [1], [0], 8, -2]
['9', [5, 6], [2, -17], 9, 28]
['1', ['SYSIN'], [1], 1, 1]
['2', ['SYSIN'], [0], 2, -1]
['3', ['SYSIN'], [1], 3, 5]
['4', ['SYSIN'], [1], 4, 10]
['5', [1, 2], [1, -1], 5, 6]
['6', [2, 3], [-1, 5], 6, -19]
['7', [3, 4], [5, 10], 7, 48]
['8', [1], [1], 8, 1]
['9', [5, 6], [6, -19], 9, 50]
['1', ['SYSIN'], [1], 1, 1]
['2', ['SYSIN'], [1], 2, 1]
['3', ['SYSIN'], [1], 3, 5]
['4', ['SYSIN'], [0], 4, 9]
['5', [1, 2], [1, 1], 5, 4]
['6', [2, 3], [1, 5], 6, -17]
['7', [3, 4], [5, 9], 7, 45]
['8', [1], [1], 8, 1]
['9', [5, 6], [4, -17], 9, 38]
['1', ['SYSIN'], [1], 1, 1]
['2', ['SYSIN'], [0], 2, -1]
['3', ['SYSIN'], [1], 3, 5]
['4', ['SYSIN'], [0], 4, 9]
['5', [1, 2], [1, -1], 5, 6]
['6', [2, 3], [-1, 5], 6, -19]
['7', [3, 4], [5, 9], 7, 45]
['8', [1], [1], 8, 1]
['9', [5, 6], [6, -19], 9, 50]
['1', ['SYSIN'], [0], 1, 0]
['2', ['SYSIN'], [1], 2, 1]
['3', ['SYSIN'], [0], 3, 2]
['4', ['SYSIN'], [1], 4, 10]
['5', [1, 2], [0, 1], 5, 2]
['6', [2, 3], [1, 2], 6, -5]
['7', [3, 4], [2, 10], 7, 36]
['8', [1], [0], 8, -2]
['9', [5, 6], [2, -5], 9, 16]
['1', ['SYSIN'], [1], 1, 1]
['2', ['SYSIN'], [1], 2, 1]
['3', ['SYSIN'], [0], 3, 2]
['4', ['SYSIN'], [1], 4, 10]
['5', [1, 2], [1, 1], 5, 4]
['6', [2, 3], [1, 2], 6, -5]
['7', [3, 4], [2, 10], 7, 36]
['8', [1], [1], 8, 1]
['9', [5, 6], [4, -5], 9, 26]
['1', ['SYSIN'], [1], 1, 1]
['2', ['SYSIN'], [0], 2, -1]
['3', ['SYSIN'], [1], 3, 5]
['4', ['SYSIN'], [1], 4, 10]
['5', [1, 2], [1, -1], 5, 6]
['6', [2, 3], [-1, 5], 6, -19]
['7', [3, 4], [5, 10], 7, 48]
['8', [1], [1], 8, 1]
['9', [5, 6], [6, -19], 9, 50]
['1', ['SYSIN'], [0], 1, 0]
['2', ['SYSIN'], [1], 2, 1]
['3', ['SYSIN'], [1], 3, 5]
['4', ['SYSIN'], [1], 4, 10]
['5', [1, 2], [0, 1], 5, 2]
['6', [2, 3], [1, 5], 6, -17]
['7', [3, 4], [5, 10], 7, 48]
['8', [1], [0], 8, -2]
['9', [5, 6], [2, -17], 9, 28]
['1', ['SYSIN'], [0], 1, 0]
['2', ['SYSIN'], [1], 2, 1]
['3', ['SYSIN'], [0], 3, 2]
['4', ['SYSIN'], [1], 4, 10]
['5', [1, 2], [0, 1], 5, 2]
['6', [2, 3], [1, 2], 6, -5]
['7', [3, 4], [2, 10], 7, 36]
['8', [1], [0], 8, -2]
['9', [5, 6], [2, -5], 9, 16]
['1', ['SYSIN'], [0], 1, 0]
['2', ['SYSIN'], [0], 2, -1]
['3', ['SYSIN'], [1], 3, 5]
['4', ['SYSIN'], [1], 4, 10]
['5', [1, 2], [0, -1], 5, 4]
['6', [2, 3], [-1, 5], 6, -19]
['7', [3, 4], [5, 10], 7, 48]
['8', [1], [0], 8, -2]
['9', [5, 6], [4, -19], 9, 40]
['1', ['SYSIN'], [0], 1, 0]
['2', ['SYSIN'], [0], 2, -1]
['3', ['SYSIN'], [0], 3, 2]
['4', ['SYSIN'], [0], 4, 9]
['5', [1, 2], [0, -1], 5, 4]
['6', [2, 3], [-1, 2], 6, -7]
['7', [3, 4], [2, 9], 7, 33]
['8', [1], [0], 8, -2]
['9', [5, 6], [4, -7], 9, 28]
['1', ['SYSIN'], [1], 1, 1]
['2', ['SYSIN'], [0], 2, -1]
['3', ['SYSIN'], [1], 3, 5]
['4', ['SYSIN'], [1], 4, 10]
['5', [1, 2], [1, -1], 5, 6]
['6', [2, 3], [-1, 5], 6, -19]
['7', [3, 4], [5, 10], 7, 48]
['8', [1], [1], 8, 1]
['9', [5, 6], [6, -19], 9, 50]
['1', ['SYSIN'], [1], 1, 1]
['2', ['SYSIN'], [0], 2, -1]
['3', ['SYSIN'], [1], 3, 5]
['4', ['SYSIN'], [0], 4, 9]
['5', [1, 2], [1, -1], 5, 6]
['6', [2, 3], [-1, 5], 6, -19]
['7', [3, 4], [5, 9], 7, 45]
['8', [1], [1], 8, 1]
['9', [5, 6], [6, -19], 9, 50]
['1', ['SYSIN'], [1], 1, 1]
['2', ['SYSIN'], [0], 2, -1]
['3', ['SYSIN'], [1], 3, 5]
['4', ['SYSIN'], [0], 4, 9]
['5', [1, 2], [1, -1], 5, 6]
['6', [2, 3], [-1, 5], 6, -19]
['7', [3, 4], [5, 9], 7, 45]
['8', [1], [1], 8, 1]
['9', [5, 6], [6, -19], 9, 50]
['1', ['SYSIN'], [1], 1, 1]
['2', ['SYSIN'], [1], 2, 1]
['3', ['SYSIN'], [1], 3, 5]
['4', ['SYSIN'], [1], 4, 10]
['5', [1, 2], [1, 1], 5, 4]
['6', [2, 3], [1, 5], 6, -17]
['7', [3, 4], [5, 10], 7, 48]
['8', [1], [1], 8, 1]
['9', [5, 6], [4, -17], 9, 38]
['1', ['SYSIN'], [0], 1, 0]
['2', ['SYSIN'], [0], 2, -1]
['3', ['SYSIN'], [0], 3, 2]
['4', ['SYSIN'], [1], 4, 10]
['5', [1, 2], [0, -1], 5, 4]
['6', [2, 3], [-1, 2], 6, -7]
['7', [3, 4], [2, 10], 7, 36]
['8', [1], [0], 8, -2]
['9', [5, 6], [4, -7], 9, 28]
['1', ['SYSIN'], [0], 1, 0]
['2', ['SYSIN'], [1], 2, 1]
['3', ['SYSIN'], [0], 3, 2]
['4', ['SYSIN'], [0], 4, 9]
['5', [1, 2], [0, 1], 5, 2]
['6', [2, 3], [1, 2], 6, -5]
['7', [3, 4], [2, 9], 7, 33]
['8', [1], [0], 8, -2]
['9', [5, 6], [2, -5], 9, 16]
['1', ['SYSIN'], [1], 1, 1]
['2', ['SYSIN'], [0], 2, -1]
['3', ['SYSIN'], [0], 3, 2]
['4', ['SYSIN'], [1], 4, 10]
['5', [1, 2], [1, -1], 5, 6]
['6', [2, 3], [-1, 2], 6, -7]
['7', [3, 4], [2, 10], 7, 36]
['8', [1], [1], 8, 1]
['9', [5, 6], [6, -7], 9, 38]
['1', ['SYSIN'], [1], 1, 1]
['2', ['SYSIN'], [0], 2, -1]
['3', ['SYSIN'], [1], 3, 5]
['4', ['SYSIN'], [1], 4, 10]
['5', [1, 2], [1, -1], 5, 6]
['6', [2, 3], [-1, 5], 6, -19]
['7', [3, 4], [5, 10], 7, 48]
['8', [1], [1], 8, 1]
['9', [5, 6], [6, -19], 9, 50]
['1', ['SYSIN'], [1], 1, 1]
['2', ['SYSIN'], [1], 2, 1]
['3', ['SYSIN'], [1], 3, 5]
['4', ['SYSIN'], [0], 4, 9]
['5', [1, 2], [1, 1], 5, 4]
['6', [2, 3], [1, 5], 6, -17]
['7', [3, 4], [5, 9], 7, 45]
['8', [1], [1], 8, 1]
['9', [5, 6], [4, -17], 9, 38]
['1', ['SYSIN'], [0], 1, 0]
['2', ['SYSIN'], [0], 2, -1]
['3', ['SYSIN'], [1], 3, 5]
['4', ['SYSIN'], [1], 4, 10]
['5', [1, 2], [0, -1], 5, 4]
['6', [2, 3], [-1, 5], 6, -19]
['7', [3, 4], [5, 10], 7, 48]
['8', [1], [0], 8, -2]
['9', [5, 6], [4, -19], 9, 40]
['1', ['SYSIN'], [0], 1, 0]
['2', ['SYSIN'], [1], 2, 1]
['3', ['SYSIN'], [1], 3, 5]
['4', ['SYSIN'], [0], 4, 9]
['5', [1, 2], [0, 1], 5, 2]
['6', [2, 3], [1, 5], 6, -17]
['7', [3, 4], [5, 9], 7, 45]
['8', [1], [0], 8, -2]
['9', [5, 6], [2, -17], 9, 28]
['1', ['SYSIN'], [0], 1, 0]
['2', ['SYSIN'], [0], 2, -1]
['3', ['SYSIN'], [0], 3, 2]
['4', ['SYSIN'], [0], 4, 9]
['5', [1, 2], [0, -1], 5, 4]
['6', [2, 3], [-1, 2], 6, -7]
['7', [3, 4], [2, 9], 7, 33]
['8', [1], [0], 8, -2]
['9', [5, 6], [4, -7], 9, 28]
['1', ['SYSIN'], [1], 1, 1]
['2', ['SYSIN'], [1], 2, 1]
['3', ['SYSIN'], [0], 3, 2]
['4', ['SYSIN'], [0], 4, 9]
['5', [1, 2], [1, 1], 5, 4]
['6', [2, 3], [1, 2], 6, -5]
['7', [3, 4], [2, 9], 7, 33]
['8', [1], [1], 8, 1]
['9', [5, 6], [4, -5], 9, 26]
['1', ['SYSIN'], [0], 1, 0]
['2', ['SYSIN'], [1], 2, 1]
['3', ['SYSIN'], [1], 3, 5]
['4', ['SYSIN'], [1], 4, 10]
['5', [1, 2], [0, 1], 5, 2]
['6', [2, 3], [1, 5], 6, -17]
['7', [3, 4], [5, 10], 7, 48]
['8', [1], [0], 8, -2]
['9', [5, 6], [2, -17], 9, 28]
['1', ['SYSIN'], [1], 1, 1]
['2', ['SYSIN'], [1], 2, 1]
['3', ['SYSIN'], [0], 3, 2]
['4', ['SYSIN'], [0], 4, 9]
['5', [1, 2], [1, 1], 5, 4]
['6', [2, 3], [1, 2], 6, -5]
['7', [3, 4], [2, 9], 7, 33]
['8', [1], [1], 8, 1]
['9', [5, 6], [4, -5], 9, 26]
['1', ['SYSIN'], [0], 1, 0]
['2', ['SYSIN'], [0], 2, -1]
['3', ['SYSIN'], [1], 3, 5]
['4', ['SYSIN'], [1], 4, 10]
['5', [1, 2], [0, -1], 5, 4]
['6', [2, 3], [-1, 5], 6, -19]
['7', [3, 4], [5, 10], 7, 48]
['8', [1], [0], 8, -2]
['9', [5, 6], [4, -19], 9, 40]
['1', ['SYSIN'], [0], 1, 0]
['2', ['SYSIN'], [1], 2, 1]
['3', ['SYSIN'], [0], 3, 2]
['4', ['SYSIN'], [1], 4, 10]
['5', [1, 2], [0, 1], 5, 2]
['6', [2, 3], [1, 2], 6, -5]
['7', [3, 4], [2, 10], 7, 36]
['8', [1], [0], 8, -2]
['9', [5, 6], [2, -5], 9, 16]
['1', ['SYSIN'], [1], 1, 1]
['2', ['SYSIN'], [0], 2, -1]
['3', ['SYSIN'], [0], 3, 2]
['4', ['SYSIN'], [1], 4, 10]
['5', [1, 2], [1, -1], 5, 6]
['6', [2, 3], [-1, 2], 6, -7]
['7', [3, 4], [2, 10], 7, 36]
['8', [1], [1], 8, 1]
['9', [5, 6], [6, -7], 9, 38]
['1', ['SYSIN'], [1], 1, 1]
['2', ['SYSIN'], [1], 2, 1]
['3', ['SYSIN'], [0], 3, 2]
['4', ['SYSIN'], [1], 4, 10]
['5', [1, 2], [1, 1], 5, 4]
['6', [2, 3], [1, 2], 6, -5]
['7', [3, 4], [2, 10], 7, 36]
['8', [1], [1], 8, 1]
['9', [5, 6], [4, -5], 9, 26]
['1', ['SYSIN'], [0], 1, 0]
['2', ['SYSIN'], [1], 2, 1]
['3', ['SYSIN'], [1], 3, 5]
['4', ['SYSIN'], [0], 4, 9]
['5', [1, 2], [0, 1], 5, 2]
['6', [2, 3], [1, 5], 6, -17]
['7', [3, 4], [5, 9], 7, 45]
['8', [1], [0], 8, -2]
['9', [5, 6], [2, -17], 9, 28]
['1', ['SYSIN'], [1], 1, 1]
['2', ['SYSIN'], [0], 2, -1]
['3', ['SYSIN'], [1], 3, 5]
['4', ['SYSIN'], [0], 4, 9]
['5', [1, 2], [1, -1], 5, 6]
['6', [2, 3], [-1, 5], 6, -19]
['7', [3, 4], [5, 9], 7, 45]
['8', [1], [1], 8, 1]
['9', [5, 6], [6, -19], 9, 50]
['1', ['SYSIN'], [1], 1, 1]
['2', ['SYSIN'], [0], 2, -1]
['3', ['SYSIN'], [0], 3, 2]
['4', ['SYSIN'], [1], 4, 10]
['5', [1, 2], [1, -1], 5, 6]
['6', [2, 3], [-1, 2], 6, -7]
['7', [3, 4], [2, 10], 7, 36]
['8', [1], [1], 8, 1]
['9', [5, 6], [6, -7], 9, 38]
['1', ['SYSIN'], [1], 1, 1]
['2', ['SYSIN'], [0], 2, -1]
['3', ['SYSIN'], [0], 3, 2]
['4', ['SYSIN'], [1], 4, 10]
['5', [1, 2], [1, -1], 5, 6]
['6', [2, 3], [-1, 2], 6, -7]
['7', [3, 4], [2, 10], 7, 36]
['8', [1], [1], 8, 1]
['9', [5, 6], [6, -7], 9, 38]
['1', ['SYSIN'], [1], 1, 1]
['2', ['SYSIN'], [0], 2, -1]
['3', ['SYSIN'], [1], 3, 5]
['4', ['SYSIN'], [1], 4, 10]
['5', [1, 2], [1, -1], 5, 6]
['6', [2, 3], [-1, 5], 6, -19]
['7', [3, 4], [5, 10], 7, 48]
['8', [1], [1], 8, 1]
['9', [5, 6], [6, -19], 9, 50]
['1', ['SYSIN'], [1], 1, 1]
['2', ['SYSIN'], [1], 2, 1]
['3', ['SYSIN'], [1], 3, 5]
['4', ['SYSIN'], [0], 4, 9]
['5', [1, 2], [1, 1], 5, 4]
['6', [2, 3], [1, 5], 6, -17]
['7', [3, 4], [5, 9], 7, 45]
['8', [1], [1], 8, 1]
['9', [5, 6], [4, -17], 9, 38]
['1', ['SYSIN'], [0], 1, 0]
['2', ['SYSIN'], [1], 2, 1]
['3', ['SYSIN'], [0], 3, 2]
['4', ['SYSIN'], [0], 4, 9]
['5', [1, 2], [0, 1], 5, 2]
['6', [2, 3], [1, 2], 6, -5]
['7', [3, 4], [2, 9], 7, 33]
['8', [1], [0], 8, -2]
['9', [5, 6], [2, -5], 9, 16]
['1', ['SYSIN'], [0], 1, 0]
['2', ['SYSIN'], [0], 2, -1]
['3', ['SYSIN'], [1], 3, 5]
['4', ['SYSIN'], [0], 4, 9]
['5', [1, 2], [0, -1], 5, 4]
['6', [2, 3], [-1, 5], 6, -19]
['7', [3, 4], [5, 9], 7, 45]
['8', [1], [0], 8, -2]
['9', [5, 6], [4, -19], 9, 40]
['1', ['SYSIN'], [0], 1, 0]
['2', ['SYSIN'], [1], 2, 1]
['3', ['SYSIN'], [0], 3, 2]
['4', ['SYSIN'], [1], 4, 10]
['5', [1, 2], [0, 1], 5, 2]
['6', [2, 3], [1, 2], 6, -5]
['7', [3, 4], [2, 10], 7, 36]
['8', [1], [0], 8, -2]
['9', [5, 6], [2, -5], 9, 16]
['1', ['SYSIN'], [1], 1, 1]
['2', ['SYSIN'], [1], 2, 1]
['3', ['SYSIN'], [0], 3, 2]
['4', ['SYSIN'], [1], 4, 10]
['5', [1, 2], [1, 1], 5, 4]
['6', [2, 3], [1, 2], 6, -5]
['7', [3, 4], [2, 10], 7, 36]
['8', [1], [1], 8, 1]
['9', [5, 6], [4, -5], 9, 26]
['1', ['SYSIN'], [1], 1, 1]
['2', ['SYSIN'], [0], 2, -1]
['3', ['SYSIN'], [0], 3, 2]
['4', ['SYSIN'], [0], 4, 9]
['5', [1, 2], [1, -1], 5, 6]
['6', [2, 3], [-1, 2], 6, -7]
['7', [3, 4], [2, 9], 7, 33]
['8', [1], [1], 8, 1]
['9', [5, 6], [6, -7], 9, 38]
['1', ['SYSIN'], [0], 1, 0]
['2', ['SYSIN'], [0], 2, -1]
['3', ['SYSIN'], [0], 3, 2]
['4', ['SYSIN'], [1], 4, 10]
['5', [1, 2], [0, -1], 5, 4]
['6', [2, 3], [-1, 2], 6, -7]
['7', [3, 4], [2, 10], 7, 36]
['8', [1], [0], 8, -2]
['9', [5, 6], [4, -7], 9, 28]
['1', ['SYSIN'], [1], 1, 1]
['2', ['SYSIN'], [0], 2, -1]
['3', ['SYSIN'], [1], 3, 5]
['4', ['SYSIN'], [1], 4, 10]
['5', [1, 2], [1, -1], 5, 6]
['6', [2, 3], [-1, 5], 6, -19]
['7', [3, 4], [5, 10], 7, 48]
['8', [1], [1], 8, 1]
['9', [5, 6], [6, -19], 9, 50]
['1', ['SYSIN'], [1], 1, 1]
['2', ['SYSIN'], [0], 2, -1]
['3', ['SYSIN'], [0], 3, 2]
['4', ['SYSIN'], [0], 4, 9]
['5', [1, 2], [1, -1], 5, 6]
['6', [2, 3], [-1, 2], 6, -7]
['7', [3, 4], [2, 9], 7, 33]
['8', [1], [1], 8, 1]
['9', [5, 6], [6, -7], 9, 38]
['1', ['SYSIN'], [1], 1, 1]
['2', ['SYSIN'], [0], 2, -1]
['3', ['SYSIN'], [1], 3, 5]
['4', ['SYSIN'], [0], 4, 9]
['5', [1, 2], [1, -1], 5, 6]
['6', [2, 3], [-1, 5], 6, -19]
['7', [3, 4], [5, 9], 7, 45]
['8', [1], [1], 8, 1]
['9', [5, 6], [6, -19], 9, 50]
['1', ['SYSIN'], [0], 1, 0]
['2', ['SYSIN'], [0], 2, -1]
['3', ['SYSIN'], [0], 3, 2]
['4', ['SYSIN'], [0], 4, 9]
['5', [1, 2], [0, -1], 5, 4]
['6', [2, 3], [-1, 2], 6, -7]
['7', [3, 4], [2, 9], 7, 33]
['8', [1], [0], 8, -2]
['9', [5, 6], [4, -7], 9, 28]
['1', ['SYSIN'], [0], 1, 0]
['2', ['SYSIN'], [1], 2, 1]
['3', ['SYSIN'], [0], 3, 2]
['4', ['SYSIN'], [1], 4, 10]
['5', [1, 2], [0, 1], 5, 2]
['6', [2, 3], [1, 2], 6, -5]
['7', [3, 4], [2, 10], 7, 36]
['8', [1], [0], 8, -2]
['9', [5, 6], [2, -5], 9, 16]
['1', ['SYSIN'], [0], 1, 0]
['2', ['SYSIN'], [0], 2, -1]
['3', ['SYSIN'], [0], 3, 2]
['4', ['SYSIN'], [1], 4, 10]
['5', [1, 2], [0, -1], 5, 4]
['6', [2, 3], [-1, 2], 6, -7]
['7', [3, 4], [2, 10], 7, 36]
['8', [1], [0], 8, -2]
['9', [5, 6], [4, -7], 9, 28]
['1', ['SYSIN'], [1], 1, 1]
['2', ['SYSIN'], [1], 2, 1]
['3', ['SYSIN'], [1], 3, 5]
['4', ['SYSIN'], [1], 4, 10]
['5', [1, 2], [1, 1], 5, 4]
['6', [2, 3], [1, 5], 6, -17]
['7', [3, 4], [5, 10], 7, 48]
['8', [1], [1], 8, 1]
['9', [5, 6], [4, -17], 9, 38]
['1', ['SYSIN'], [0], 1, 0]
['2', ['SYSIN'], [0], 2, -1]
['3', ['SYSIN'], [0], 3, 2]
['4', ['SYSIN'], [0], 4, 9]
['5', [1, 2], [0, -1], 5, 4]
['6', [2, 3], [-1, 2], 6, -7]
['7', [3, 4], [2, 9], 7, 33]
['8', [1], [0], 8, -2]
['9', [5, 6], [4, -7], 9, 28]
['1', ['SYSIN'], [0], 1, 0]
['2', ['SYSIN'], [0], 2, -1]
['3', ['SYSIN'], [1], 3, 5]
['4', ['SYSIN'], [0], 4, 9]
['5', [1, 2], [0, -1], 5, 4]
['6', [2, 3], [-1, 5], 6, -19]
['7', [3, 4], [5, 9], 7, 45]
['8', [1], [0], 8, -2]
['9', [5, 6], [4, -19], 9, 40]
['1', ['SYSIN'], [0], 1, 0]
['2', ['SYSIN'], [0], 2, -1]
['3', ['SYSIN'], [1], 3, 5]
['4', ['SYSIN'], [1], 4, 10]
['5', [1, 2], [0, -1], 5, 4]
['6', [2, 3], [-1, 5], 6, -19]
['7', [3, 4], [5, 10], 7, 48]
['8', [1], [0], 8, -2]
['9', [5, 6], [4, -19], 9, 40]
['1', ['SYSIN'], [1], 1, 1]
['2', ['SYSIN'], [1], 2, 1]
['3', ['SYSIN'], [0], 3, 2]
['4', ['SYSIN'], [1], 4, 10]
['5', [1, 2], [1, 1], 5, 4]
['6', [2, 3], [1, 2], 6, -5]
['7', [3, 4], [2, 10], 7, 36]
['8', [1], [1], 8, 1]
['9', [5, 6], [4, -5], 9, 26]
['1', ['SYSIN'], [1], 1, 1]
['2', ['SYSIN'], [0], 2, -1]
['3', ['SYSIN'], [1], 3, 5]
['4', ['SYSIN'], [0], 4, 9]
['5', [1, 2], [1, -1], 5, 6]
['6', [2, 3], [-1, 5], 6, -19]
['7', [3, 4], [5, 9], 7, 45]
['8', [1], [1], 8, 1]
['9', [5, 6], [6, -19], 9, 50]
['1', ['SYSIN'], [1], 1, 1]
['2', ['SYSIN'], [1], 2, 1]
['3', ['SYSIN'], [0], 3, 2]
['4', ['SYSIN'], [1], 4, 10]
['5', [1, 2], [1, 1], 5, 4]
['6', [2, 3], [1, 2], 6, -5]
['7', [3, 4], [2, 10], 7, 36]
['8', [1], [1], 8, 1]
['9', [5, 6], [4, -5], 9, 26]
['1', ['SYSIN'], [0], 1, 0]
['2', ['SYSIN'], [0], 2, -1]
['3', ['SYSIN'], [1], 3, 5]
['4', ['SYSIN'], [0], 4, 9]
['5', [1, 2], [0, -1], 5, 4]
['6', [2, 3], [-1, 5], 6, -19]
['7', [3, 4], [5, 9], 7, 45]
['8', [1], [0], 8, -2]
['9', [5, 6], [4, -19], 9, 40]
['1', ['SYSIN'], [0], 1, 0]
['2', ['SYSIN'], [1], 2, 1]
['3', ['SYSIN'], [1], 3, 5]
['4', ['SYSIN'], [1], 4, 10]
['5', [1, 2], [0, 1], 5, 2]
['6', [2, 3], [1, 5], 6, -17]
['7', [3, 4], [5, 10], 7, 48]
['8', [1], [0], 8, -2]
['9', [5, 6], [2, -17], 9, 28]
['1', ['SYSIN'], [1], 1, 1]
['2', ['SYSIN'], [0], 2, -1]
['3', ['SYSIN'], [1], 3, 5]
['4', ['SYSIN'], [0], 4, 9]
['5', [1, 2], [1, -1], 5, 6]
['6', [2, 3], [-1, 5], 6, -19]
['7', [3, 4], [5, 9], 7, 45]
['8', [1], [1], 8, 1]
['9', [5, 6], [6, -19], 9, 50]
['1', ['SYSIN'], [1], 1, 1]
['2', ['SYSIN'], [0], 2, -1]
['3', ['SYSIN'], [1], 3, 5]
['4', ['SYSIN'], [1], 4, 10]
['5', [1, 2], [1, -1], 5, 6]
['6', [2, 3], [-1, 5], 6, -19]
['7', [3, 4], [5, 10], 7, 48]
['8', [1], [1], 8, 1]
['9', [5, 6], [6, -19], 9, 50]
['1', ['SYSIN'], [1], 1, 1]
['2', ['SYSIN'], [0], 2, -1]
['3', ['SYSIN'], [1], 3, 5]
['4', ['SYSIN'], [1], 4, 10]
['5', [1, 2], [1, -1], 5, 6]
['6', [2, 3], [-1, 5], 6, -19]
['7', [3, 4], [5, 10], 7, 48]
['8', [1], [1], 8, 1]
['9', [5, 6], [6, -19], 9, 50]
['1', ['SYSIN'], [1], 1, 1]
['2', ['SYSIN'], [0], 2, -1]
['3', ['SYSIN'], [1], 3, 5]
['4', ['SYSIN'], [0], 4, 9]
['5', [1, 2], [1, -1], 5, 6]
['6', [2, 3], [-1, 5], 6, -19]
['7', [3, 4], [5, 9], 7, 45]
['8', [1], [1], 8, 1]
['9', [5, 6], [6, -19], 9, 50]
['1', ['SYSIN'], [0], 1, 0]
['2', ['SYSIN'], [1], 2, 1]
['3', ['SYSIN'], [1], 3, 5]
['4', ['SYSIN'], [1], 4, 10]
['5', [1, 2], [0, 1], 5, 2]
['6', [2, 3], [1, 5], 6, -17]
['7', [3, 4], [5, 10], 7, 48]
['8', [1], [0], 8, -2]
['9', [5, 6], [2, -17], 9, 28]
['1', ['SYSIN'], [0], 1, 0]
['2', ['SYSIN'], [1], 2, 1]
['3', ['SYSIN'], [0], 3, 2]
['4', ['SYSIN'], [1], 4, 10]
['5', [1, 2], [0, 1], 5, 2]
['6', [2, 3], [1, 2], 6, -5]
['7', [3, 4], [2, 10], 7, 36]
['8', [1], [0], 8, -2]
['9', [5, 6], [2, -5], 9, 16]
['1', ['SYSIN'], [1], 1, 1]
['2', ['SYSIN'], [0], 2, -1]
['3', ['SYSIN'], [0], 3, 2]
['4', ['SYSIN'], [1], 4, 10]
['5', [1, 2], [1, -1], 5, 6]
['6', [2, 3], [-1, 2], 6, -7]
['7', [3, 4], [2, 10], 7, 36]
['8', [1], [1], 8, 1]
['9', [5, 6], [6, -7], 9, 38]
['1', ['SYSIN'], [0], 1, 0]
['2', ['SYSIN'], [1], 2, 1]
['3', ['SYSIN'], [1], 3, 5]
['4', ['SYSIN'], [0], 4, 9]
['5', [1, 2], [0, 1], 5, 2]
['6', [2, 3], [1, 5], 6, -17]
['7', [3, 4], [5, 9], 7, 45]
['8', [1], [0], 8, -2]
['9', [5, 6], [2, -17], 9, 28]
['1', ['SYSIN'], [0], 1, 0]
['2', ['SYSIN'], [0], 2, -1]
['3', ['SYSIN'], [0], 3, 2]
['4', ['SYSIN'], [1], 4, 10]
['5', [1, 2], [0, -1], 5, 4]
['6', [2, 3], [-1, 2], 6, -7]
['7', [3, 4], [2, 10], 7, 36]
['8', [1], [0], 8, -2]
['9', [5, 6], [4, -7], 9, 28]
['1', ['SYSIN'], [0], 1, 0]
['2', ['SYSIN'], [1], 2, 1]
['3', ['SYSIN'], [1], 3, 5]
['4', ['SYSIN'], [1], 4, 10]
['5', [1, 2], [0, 1], 5, 2]
['6', [2, 3], [1, 5], 6, -17]
['7', [3, 4], [5, 10], 7, 48]
['8', [1], [0], 8, -2]
['9', [5, 6], [2, -17], 9, 28]
['1', ['SYSIN'], [0], 1, 0]
['2', ['SYSIN'], [1], 2, 1]
['3', ['SYSIN'], [1], 3, 5]
['4', ['SYSIN'], [1], 4, 10]
['5', [1, 2], [0, 1], 5, 2]
['6', [2, 3], [1, 5], 6, -17]
['7', [3, 4], [5, 10], 7, 48]
['8', [1], [0], 8, -2]
['9', [5, 6], [2, -17], 9, 28]
['1', ['SYSIN'], [1], 1, 1]
['2', ['SYSIN'], [0], 2, -1]
['3', ['SYSIN'], [0], 3, 2]
['4', ['SYSIN'], [1], 4, 10]
['5', [1, 2], [1, -1], 5, 6]
['6', [2, 3], [-1, 2], 6, -7]
['7', [3, 4], [2, 10], 7, 36]
['8', [1], [1], 8, 1]
['9', [5, 6], [6, -7], 9, 38]
['1', ['SYSIN'], [0], 1, 0]
['2', ['SYSIN'], [1], 2, 1]
['3', ['SYSIN'], [0], 3, 2]
['4', ['SYSIN'], [0], 4, 9]
['5', [1, 2], [0, 1], 5, 2]
['6', [2, 3], [1, 2], 6, -5]
['7', [3, 4], [2, 9], 7, 33]
['8', [1], [0], 8, -2]
['9', [5, 6], [2, -5], 9, 16]
['1', ['SYSIN'], [1], 1, 1]
['2', ['SYSIN'], [1], 2, 1]
['3', ['SYSIN'], [1], 3, 5]
['4', ['SYSIN'], [1], 4, 10]
['5', [1, 2], [1, 1], 5, 4]
['6', [2, 3], [1, 5], 6, -17]
['7', [3, 4], [5, 10], 7, 48]
['8', [1], [1], 8, 1]
['9', [5, 6], [4, -17], 9, 38]
['1', ['SYSIN'], [1], 1, 1]
['2', ['SYSIN'], [1], 2, 1]
['3', ['SYSIN'], [0], 3, 2]
['4', ['SYSIN'], [1], 4, 10]
['5', [1, 2], [1, 1], 5, 4]
['6', [2, 3], [1, 2], 6, -5]
['7', [3, 4], [2, 10], 7, 36]
['8', [1], [1], 8, 1]
['9', [5, 6], [4, -5], 9, 26]
['1', ['SYSIN'], [1], 1, 1]
['2', ['SYSIN'], [0], 2, -1]
['3', ['SYSIN'], [0], 3, 2]
['4', ['SYSIN'], [1], 4, 10]
['5', [1, 2], [1, -1], 5, 6]
['6', [2, 3], [-1, 2], 6, -7]
['7', [3, 4], [2, 10], 7, 36]
['8', [1], [1], 8, 1]
['9', [5, 6], [6, -7], 9, 38]
['1', ['SYSIN'], [1], 1, 1]
['2', ['SYSIN'], [0], 2, -1]
['3', ['SYSIN'], [1], 3, 5]
['4', ['SYSIN'], [1], 4, 10]
['5', [1, 2], [1, -1], 5, 6]
['6', [2, 3], [-1, 5], 6, -19]
['7', [3, 4], [5, 10], 7, 48]
['8', [1], [1], 8, 1]
['9', [5, 6], [6, -19], 9, 50]
['1', ['SYSIN'], [0], 1, 0]
['2', ['SYSIN'], [0], 2, -1]
['3', ['SYSIN'], [1], 3, 5]
['4', ['SYSIN'], [0], 4, 9]
['5', [1, 2], [0, -1], 5, 4]
['6', [2, 3], [-1, 5], 6, -19]
['7', [3, 4], [5, 9], 7, 45]
['8', [1], [0], 8, -2]
['9', [5, 6], [4, -19], 9, 40]
['1', ['SYSIN'], [0], 1, 0]
['2', ['SYSIN'], [0], 2, -1]
['3', ['SYSIN'], [0], 3, 2]
['4', ['SYSIN'], [1], 4, 10]
['5', [1, 2], [0, -1], 5, 4]
['6', [2, 3], [-1, 2], 6, -7]
['7', [3, 4], [2, 10], 7, 36]
['8', [1], [0], 8, -2]
['9', [5, 6], [4, -7], 9, 28]
['1', ['SYSIN'], [0], 1, 0]
['2', ['SYSIN'], [0], 2, -1]
['3', ['SYSIN'], [0], 3, 2]
['4', ['SYSIN'], [1], 4, 10]
['5', [1, 2], [0, -1], 5, 4]
['6', [2, 3], [-1, 2], 6, -7]
['7', [3, 4], [2, 10], 7, 36]
['8', [1], [0], 8, -2]
['9', [5, 6], [4, -7], 9, 28]
['1', ['SYSIN'], [0], 1, 0]
['2', ['SYSIN'], [0], 2, -1]
['3', ['SYSIN'], [1], 3, 5]
['4', ['SYSIN'], [1], 4, 10]
['5', [1, 2], [0, -1], 5, 4]
['6', [2, 3], [-1, 5], 6, -19]
['7', [3, 4], [5, 10], 7, 48]
['8', [1], [0], 8, -2]
['9', [5, 6], [4, -19], 9, 40]
['1', ['SYSIN'], [0], 1, 0]
['2', ['SYSIN'], [0], 2, -1]
['3', ['SYSIN'], [1], 3, 5]
['4', ['SYSIN'], [0], 4, 9]
['5', [1, 2], [0, -1], 5, 4]
['6', [2, 3], [-1, 5], 6, -19]
['7', [3, 4], [5, 9], 7, 45]
['8', [1], [0], 8, -2]
['9', [5, 6], [4, -19], 9, 40]
['1', ['SYSIN'], [0], 1, 0]
['2', ['SYSIN'], [0], 2, -1]
['3', ['SYSIN'], [1], 3, 5]
['4', ['SYSIN'], [1], 4, 10]
['5', [1, 2], [0, -1], 5, 4]
['6', [2, 3], [-1, 5], 6, -19]
['7', [3, 4], [5, 10], 7, 48]
['8', [1], [0], 8, -2]
['9', [5, 6], [4, -19], 9, 40]
['1', ['SYSIN'], [0], 1, 0]
['2', ['SYSIN'], [1], 2, 1]
['3', ['SYSIN'], [1], 3, 5]
['4', ['SYSIN'], [1], 4, 10]
['5', [1, 2], [0, 1], 5, 2]
['6', [2, 3], [1, 5], 6, -17]
['7', [3, 4], [5, 10], 7, 48]
['8', [1], [0], 8, -2]
['9', [5, 6], [2, -17], 9, 28]
['1', ['SYSIN'], [0], 1, 0]
['2', ['SYSIN'], [0], 2, -1]
['3', ['SYSIN'], [1], 3, 5]
['4', ['SYSIN'], [0], 4, 9]
['5', [1, 2], [0, -1], 5, 4]
['6', [2, 3], [-1, 5], 6, -19]
['7', [3, 4], [5, 9], 7, 45]
['8', [1], [0], 8, -2]
['9', [5, 6], [4, -19], 9, 40]
['1', ['SYSIN'], [0], 1, 0]
['2', ['SYSIN'], [1], 2, 1]
['3', ['SYSIN'], [1], 3, 5]
['4', ['SYSIN'], [0], 4, 9]
['5', [1, 2], [0, 1], 5, 2]
['6', [2, 3], [1, 5], 6, -17]
['7', [3, 4], [5, 9], 7, 45]
['8', [1], [0], 8, -2]
['9', [5, 6], [2, -17], 9, 28]
['1', ['SYSIN'], [0], 1, 0]
['2', ['SYSIN'], [1], 2, 1]
['3', ['SYSIN'], [0], 3, 2]
['4', ['SYSIN'], [0], 4, 9]
['5', [1, 2], [0, 1], 5, 2]
['6', [2, 3], [1, 2], 6, -5]
['7', [3, 4], [2, 9], 7, 33]
['8', [1], [0], 8, -2]
['9', [5, 6], [2, -5], 9, 16]
['1', ['SYSIN'], [0], 1, 0]
['2', ['SYSIN'], [1], 2, 1]
['3', ['SYSIN'], [0], 3, 2]
['4', ['SYSIN'], [1], 4, 10]
['5', [1, 2], [0, 1], 5, 2]
['6', [2, 3], [1, 2], 6, -5]
['7', [3, 4], [2, 10], 7, 36]
['8', [1], [0], 8, -2]
['9', [5, 6], [2, -5], 9, 16]
['1', ['SYSIN'], [1], 1, 1]
['2', ['SYSIN'], [0], 2, -1]
['3', ['SYSIN'], [0], 3, 2]
['4', ['SYSIN'], [0], 4, 9]
['5', [1, 2], [1, -1], 5, 6]
['6', [2, 3], [-1, 2], 6, -7]
['7', [3, 4], [2, 9], 7, 33]
['8', [1], [1], 8, 1]
['9', [5, 6], [6, -7], 9, 38]
['1', ['SYSIN'], [1], 1, 1]
['2', ['SYSIN'], [1], 2, 1]
['3', ['SYSIN'], [0], 3, 2]
['4', ['SYSIN'], [1], 4, 10]
['5', [1, 2], [1, 1], 5, 4]
['6', [2, 3], [1, 2], 6, -5]
['7', [3, 4], [2, 10], 7, 36]
['8', [1], [1], 8, 1]
['9', [5, 6], [4, -5], 9, 26]
['1', ['SYSIN'], [1], 1, 1]
['2', ['SYSIN'], [1], 2, 1]
['3', ['SYSIN'], [0], 3, 2]
['4', ['SYSIN'], [0], 4, 9]
['5', [1, 2], [1, 1], 5, 4]
['6', [2, 3], [1, 2], 6, -5]
['7', [3, 4], [2, 9], 7, 33]
['8', [1], [1], 8, 1]
['9', [5, 6], [4, -5], 9, 26]
['1', ['SYSIN'], [0], 1, 0]
['2', ['SYSIN'], [1], 2, 1]
['3', ['SYSIN'], [0], 3, 2]
['4', ['SYSIN'], [1], 4, 10]
['5', [1, 2], [0, 1], 5, 2]
['6', [2, 3], [1, 2], 6, -5]
['7', [3, 4], [2, 10], 7, 36]
['8', [1], [0], 8, -2]
['9', [5, 6], [2, -5], 9, 16]
['1', ['SYSIN'], [0], 1, 0]
['2', ['SYSIN'], [0], 2, -1]
['3', ['SYSIN'], [0], 3, 2]
['4', ['SYSIN'], [1], 4, 10]
['5', [1, 2], [0, -1], 5, 4]
['6', [2, 3], [-1, 2], 6, -7]
['7', [3, 4], [2, 10], 7, 36]
['8', [1], [0], 8, -2]
['9', [5, 6], [4, -7], 9, 28]
['1', ['SYSIN'], [1], 1, 1]
['2', ['SYSIN'], [1], 2, 1]
['3', ['SYSIN'], [0], 3, 2]
['4', ['SYSIN'], [1], 4, 10]
['5', [1, 2], [1, 1], 5, 4]
['6', [2, 3], [1, 2], 6, -5]
['7', [3, 4], [2, 10], 7, 36]
['8', [1], [1], 8, 1]
['9', [5, 6], [4, -5], 9, 26]
['1', ['SYSIN'], [1], 1, 1]
['2', ['SYSIN'], [0], 2, -1]
['3', ['SYSIN'], [1], 3, 5]
['4', ['SYSIN'], [1], 4, 10]
['5', [1, 2], [1, -1], 5, 6]
['6', [2, 3], [-1, 5], 6, -19]
['7', [3, 4], [5, 10], 7, 48]
['8', [1], [1], 8, 1]
['9', [5, 6], [6, -19], 9, 50]
['1', ['SYSIN'], [0], 1, 0]
['2', ['SYSIN'], [0], 2, -1]
['3', ['SYSIN'], [0], 3, 2]
['4', ['SYSIN'], [1], 4, 10]
['5', [1, 2], [0, -1], 5, 4]
['6', [2, 3], [-1, 2], 6, -7]
['7', [3, 4], [2, 10], 7, 36]
['8', [1], [0], 8, -2]
['9', [5, 6], [4, -7], 9, 28]
['1', ['SYSIN'], [0], 1, 0]
['2', ['SYSIN'], [1], 2, 1]
['3', ['SYSIN'], [1], 3, 5]
['4', ['SYSIN'], [1], 4, 10]
['5', [1, 2], [0, 1], 5, 2]
['6', [2, 3], [1, 5], 6, -17]
['7', [3, 4], [5, 10], 7, 48]
['8', [1], [0], 8, -2]
['9', [5, 6], [2, -17], 9, 28]
['1', ['SYSIN'], [1], 1, 1]
['2', ['SYSIN'], [1], 2, 1]
['3', ['SYSIN'], [1], 3, 5]
['4', ['SYSIN'], [1], 4, 10]
['5', [1, 2], [1, 1], 5, 4]
['6', [2, 3], [1, 5], 6, -17]
['7', [3, 4], [5, 10], 7, 48]
['8', [1], [1], 8, 1]
['9', [5, 6], [4, -17], 9, 38]
['1', ['SYSIN'], [0], 1, 0]
['2', ['SYSIN'], [1], 2, 1]
['3', ['SYSIN'], [1], 3, 5]
['4', ['SYSIN'], [0], 4, 9]
['5', [1, 2], [0, 1], 5, 2]
['6', [2, 3], [1, 5], 6, -17]
['7', [3, 4], [5, 9], 7, 45]
['8', [1], [0], 8, -2]
['9', [5, 6], [2, -17], 9, 28]
['1', ['SYSIN'], [0], 1, 0]
['2', ['SYSIN'], [0], 2, -1]
['3', ['SYSIN'], [1], 3, 5]
['4', ['SYSIN'], [1], 4, 10]
['5', [1, 2], [0, -1], 5, 4]
['6', [2, 3], [-1, 5], 6, -19]
['7', [3, 4], [5, 10], 7, 48]
['8', [1], [0], 8, -2]
['9', [5, 6], [4, -19], 9, 40]
['1', ['SYSIN'], [0], 1, 0]
['2', ['SYSIN'], [1], 2, 1]
['3', ['SYSIN'], [0], 3, 2]
['4', ['SYSIN'], [1], 4, 10]
['5', [1, 2], [0, 1], 5, 2]
['6', [2, 3], [1, 2], 6, -5]
['7', [3, 4], [2, 10], 7, 36]
['8', [1], [0], 8, -2]
['9', [5, 6], [2, -5], 9, 16]
['1', ['SYSIN'], [1], 1, 1]
['2', ['SYSIN'], [0], 2, -1]
['3', ['SYSIN'], [1], 3, 5]
['4', ['SYSIN'], [1], 4, 10]
['5', [1, 2], [1, -1], 5, 6]
['6', [2, 3], [-1, 5], 6, -19]
['7', [3, 4], [5, 10], 7, 48]
['8', [1], [1], 8, 1]
['9', [5, 6], [6, -19], 9, 50]
['1', ['SYSIN'], [0], 1, 0]
['2', ['SYSIN'], [0], 2, -1]
['3', ['SYSIN'], [1], 3, 5]
['4', ['SYSIN'], [0], 4, 9]
['5', [1, 2], [0, -1], 5, 4]
['6', [2, 3], [-1, 5], 6, -19]
['7', [3, 4], [5, 9], 7, 45]
['8', [1], [0], 8, -2]
['9', [5, 6], [4, -19], 9, 40]
['1', ['SYSIN'], [1], 1, 1]
['2', ['SYSIN'], [0], 2, -1]
['3', ['SYSIN'], [1], 3, 5]
['4', ['SYSIN'], [1], 4, 10]
['5', [1, 2], [1, -1], 5, 6]
['6', [2, 3], [-1, 5], 6, -19]
['7', [3, 4], [5, 10], 7, 48]
['8', [1], [1], 8, 1]
['9', [5, 6], [6, -19], 9, 50]
['1', ['SYSIN'], [1], 1, 1]
['2', ['SYSIN'], [1], 2, 1]
['3', ['SYSIN'], [0], 3, 2]
['4', ['SYSIN'], [0], 4, 9]
['5', [1, 2], [1, 1], 5, 4]
['6', [2, 3], [1, 2], 6, -5]
['7', [3, 4], [2, 9], 7, 33]
['8', [1], [1], 8, 1]
['9', [5, 6], [4, -5], 9, 26]
['1', ['SYSIN'], [0], 1, 0]
['2', ['SYSIN'], [1], 2, 1]
['3', ['SYSIN'], [0], 3, 2]
['4', ['SYSIN'], [0], 4, 9]
['5', [1, 2], [0, 1], 5, 2]
['6', [2, 3], [1, 2], 6, -5]
['7', [3, 4], [2, 9], 7, 33]
['8', [1], [0], 8, -2]
['9', [5, 6], [2, -5], 9, 16]
['1', ['SYSIN'], [1], 1, 1]
['2', ['SYSIN'], [0], 2, -1]
['3', ['SYSIN'], [0], 3, 2]
['4', ['SYSIN'], [1], 4, 10]
['5', [1, 2], [1, -1], 5, 6]
['6', [2, 3], [-1, 2], 6, -7]
['7', [3, 4], [2, 10], 7, 36]
['8', [1], [1], 8, 1]
['9', [5, 6], [6, -7], 9, 38]
['1', ['SYSIN'], [1], 1, 1]
['2', ['SYSIN'], [0], 2, -1]
['3', ['SYSIN'], [0], 3, 2]
['4', ['SYSIN'], [1], 4, 10]
['5', [1, 2], [1, -1], 5, 6]
['6', [2, 3], [-1, 2], 6, -7]
['7', [3, 4], [2, 10], 7, 36]
['8', [1], [1], 8, 1]
['9', [5, 6], [6, -7], 9, 38]
['1', ['SYSIN'], [0], 1, 0]
['2', ['SYSIN'], [0], 2, -1]
['3', ['SYSIN'], [1], 3, 5]
['4', ['SYSIN'], [1], 4, 10]
['5', [1, 2], [0, -1], 5, 4]
['6', [2, 3], [-1, 5], 6, -19]
['7', [3, 4], [5, 10], 7, 48]
['8', [1], [0], 8, -2]
['9', [5, 6], [4, -19], 9, 40]
['1', ['SYSIN'], [1], 1, 1]
['2', ['SYSIN'], [1], 2, 1]
['3', ['SYSIN'], [1], 3, 5]
['4', ['SYSIN'], [0], 4, 9]
['5', [1, 2], [1, 1], 5, 4]
['6', [2, 3], [1, 5], 6, -17]
['7', [3, 4], [5, 9], 7, 45]
['8', [1], [1], 8, 1]
['9', [5, 6], [4, -17], 9, 38]
['1', ['SYSIN'], [1], 1, 1]
['2', ['SYSIN'], [1], 2, 1]
['3', ['SYSIN'], [0], 3, 2]
['4', ['SYSIN'], [1], 4, 10]
['5', [1, 2], [1, 1], 5, 4]
['6', [2, 3], [1, 2], 6, -5]
['7', [3, 4], [2, 10], 7, 36]
['8', [1], [1], 8, 1]
['9', [5, 6], [4, -5], 9, 26]
['1', ['SYSIN'], [1], 1, 1]
['2', ['SYSIN'], [1], 2, 1]
['3', ['SYSIN'], [0], 3, 2]
['4', ['SYSIN'], [0], 4, 9]
['5', [1, 2], [1, 1], 5, 4]
['6', [2, 3], [1, 2], 6, -5]
['7', [3, 4], [2, 9], 7, 33]
['8', [1], [1], 8, 1]
['9', [5, 6], [4, -5], 9, 26]
['1', ['SYSIN'], [0], 1, 0]
['2', ['SYSIN'], [1], 2, 1]
['3', ['SYSIN'], [1], 3, 5]
['4', ['SYSIN'], [1], 4, 10]
['5', [1, 2], [0, 1], 5, 2]
['6', [2, 3], [1, 5], 6, -17]
['7', [3, 4], [5, 10], 7, 48]
['8', [1], [0], 8, -2]
['9', [5, 6], [2, -17], 9, 28]
['1', ['SYSIN'], [0], 1, 0]
['2', ['SYSIN'], [1], 2, 1]
['3', ['SYSIN'], [0], 3, 2]
['4', ['SYSIN'], [0], 4, 9]
['5', [1, 2], [0, 1], 5, 2]
['6', [2, 3], [1, 2], 6, -5]
['7', [3, 4], [2, 9], 7, 33]
['8', [1], [0], 8, -2]
['9', [5, 6], [2, -5], 9, 16]
['1', ['SYSIN'], [1], 1, 1]
['2', ['SYSIN'], [1], 2, 1]
['3', ['SYSIN'], [0], 3, 2]
['4', ['SYSIN'], [1], 4, 10]
['5', [1, 2], [1, 1], 5, 4]
['6', [2, 3], [1, 2], 6, -5]
['7', [3, 4], [2, 10], 7, 36]
['8', [1], [1], 8, 1]
['9', [5, 6], [4, -5], 9, 26]
['1', ['SYSIN'], [0], 1, 0]
['2', ['SYSIN'], [1], 2, 1]
['3', ['SYSIN'], [1], 3, 5]
['4', ['SYSIN'], [0], 4, 9]
['5', [1, 2], [0, 1], 5, 2]
['6', [2, 3], [1, 5], 6, -17]
['7', [3, 4], [5, 9], 7, 45]
['8', [1], [0], 8, -2]
['9', [5, 6], [2, -17], 9, 28]
['1', ['SYSIN'], [0], 1, 0]
['2', ['SYSIN'], [0], 2, -1]
['3', ['SYSIN'], [0], 3, 2]
['4', ['SYSIN'], [1], 4, 10]
['5', [1, 2], [0, -1], 5, 4]
['6', [2, 3], [-1, 2], 6, -7]
['7', [3, 4], [2, 10], 7, 36]
['8', [1], [0], 8, -2]
['9', [5, 6], [4, -7], 9, 28]
['1', ['SYSIN'], [1], 1, 1]
['2', ['SYSIN'], [0], 2, -1]
['3', ['SYSIN'], [0], 3, 2]
['4', ['SYSIN'], [0], 4, 9]
['5', [1, 2], [1, -1], 5, 6]
['6', [2, 3], [-1, 2], 6, -7]
['7', [3, 4], [2, 9], 7, 33]
['8', [1], [1], 8, 1]
['9', [5, 6], [6, -7], 9, 38]
['1', ['SYSIN'], [0], 1, 0]
['2', ['SYSIN'], [0], 2, -1]
['3', ['SYSIN'], [1], 3, 5]
['4', ['SYSIN'], [1], 4, 10]
['5', [1, 2], [0, -1], 5, 4]
['6', [2, 3], [-1, 5], 6, -19]
['7', [3, 4], [5, 10], 7, 48]
['8', [1], [0], 8, -2]
['9', [5, 6], [4, -19], 9, 40]
['1', ['SYSIN'], [1], 1, 1]
['2', ['SYSIN'], [0], 2, -1]
['3', ['SYSIN'], [1], 3, 5]
['4', ['SYSIN'], [1], 4, 10]
['5', [1, 2], [1, -1], 5, 6]
['6', [2, 3], [-1, 5], 6, -19]
['7', [3, 4], [5, 10], 7, 48]
['8', [1], [1], 8, 1]
['9', [5, 6], [6, -19], 9, 50]
['1', ['SYSIN'], [0], 1, 0]
['2', ['SYSIN'], [1], 2, 1]
['3', ['SYSIN'], [0], 3, 2]
['4', ['SYSIN'], [0], 4, 9]
['5', [1, 2], [0, 1], 5, 2]
['6', [2, 3], [1, 2], 6, -5]
['7', [3, 4], [2, 9], 7, 33]
['8', [1], [0], 8, -2]
['9', [5, 6], [2, -5], 9, 16]
['1', ['SYSIN'], [0], 1, 0]
['2', ['SYSIN'], [1], 2, 1]
['3', ['SYSIN'], [0], 3, 2]
['4', ['SYSIN'], [0], 4, 9]
['5', [1, 2], [0, 1], 5, 2]
['6', [2, 3], [1, 2], 6, -5]
['7', [3, 4], [2, 9], 7, 33]
['8', [1], [0], 8, -2]
['9', [5, 6], [2, -5], 9, 16]
['1', ['SYSIN'], [1], 1, 1]
['2', ['SYSIN'], [0], 2, -1]
['3', ['SYSIN'], [0], 3, 2]
['4', ['SYSIN'], [0], 4, 9]
['5', [1, 2], [1, -1], 5, 6]
['6', [2, 3], [-1, 2], 6, -7]
['7', [3, 4], [2, 9], 7, 33]
['8', [1], [1], 8, 1]
['9', [5, 6], [6, -7], 9, 38]
['1', ['SYSIN'], [1], 1, 1]
['2', ['SYSIN'], [1], 2, 1]
['3', ['SYSIN'], [0], 3, 2]
['4', ['SYSIN'], [1], 4, 10]
['5', [1, 2], [1, 1], 5, 4]
['6', [2, 3], [1, 2], 6, -5]
['7', [3, 4], [2, 10], 7, 36]
['8', [1], [1], 8, 1]
['9', [5, 6], [4, -5], 9, 26]
['1', ['SYSIN'], [1], 1, 1]
['2', ['SYSIN'], [0], 2, -1]
['3', ['SYSIN'], [1], 3, 5]
['4', ['SYSIN'], [0], 4, 9]
['5', [1, 2], [1, -1], 5, 6]
['6', [2, 3], [-1, 5], 6, -19]
['7', [3, 4], [5, 9], 7, 45]
['8', [1], [1], 8, 1]
['9', [5, 6], [6, -19], 9, 50]
['1', ['SYSIN'], [1], 1, 1]
['2', ['SYSIN'], [1], 2, 1]
['3', ['SYSIN'], [0], 3, 2]
['4', ['SYSIN'], [0], 4, 9]
['5', [1, 2], [1, 1], 5, 4]
['6', [2, 3], [1, 2], 6, -5]
['7', [3, 4], [2, 9], 7, 33]
['8', [1], [1], 8, 1]
['9', [5, 6], [4, -5], 9, 26]
['1', ['SYSIN'], [0], 1, 0]
['2', ['SYSIN'], [0], 2, -1]
['3', ['SYSIN'], [0], 3, 2]
['4', ['SYSIN'], [0], 4, 9]
['5', [1, 2], [0, -1], 5, 4]
['6', [2, 3], [-1, 2], 6, -7]
['7', [3, 4], [2, 9], 7, 33]
['8', [1], [0], 8, -2]
['9', [5, 6], [4, -7], 9, 28]
['1', ['SYSIN'], [1], 1, 1]
['2', ['SYSIN'], [1], 2, 1]
['3', ['SYSIN'], [1], 3, 5]
['4', ['SYSIN'], [1], 4, 10]
['5', [1, 2], [1, 1], 5, 4]
['6', [2, 3], [1, 5], 6, -17]
['7', [3, 4], [5, 10], 7, 48]
['8', [1], [1], 8, 1]
['9', [5, 6], [4, -17], 9, 38]
['1', ['SYSIN'], [1], 1, 1]
['2', ['SYSIN'], [0], 2, -1]
['3', ['SYSIN'], [1], 3, 5]
['4', ['SYSIN'], [1], 4, 10]
['5', [1, 2], [1, -1], 5, 6]
['6', [2, 3], [-1, 5], 6, -19]
['7', [3, 4], [5, 10], 7, 48]
['8', [1], [1], 8, 1]
['9', [5, 6], [6, -19], 9, 50]
['1', ['SYSIN'], [1], 1, 1]
['2', ['SYSIN'], [1], 2, 1]
['3', ['SYSIN'], [0], 3, 2]
['4', ['SYSIN'], [0], 4, 9]
['5', [1, 2], [1, 1], 5, 4]
['6', [2, 3], [1, 2], 6, -5]
['7', [3, 4], [2, 9], 7, 33]
['8', [1], [1], 8, 1]
['9', [5, 6], [4, -5], 9, 26]
['1', ['SYSIN'], [1], 1, 1]
['2', ['SYSIN'], [0], 2, -1]
['3', ['SYSIN'], [1], 3, 5]
['4', ['SYSIN'], [1], 4, 10]
['5', [1, 2], [1, -1], 5, 6]
['6', [2, 3], [-1, 5], 6, -19]
['7', [3, 4], [5, 10], 7, 48]
['8', [1], [1], 8, 1]
['9', [5, 6], [6, -19], 9, 50]
['1', ['SYSIN'], [0], 1, 0]
['2', ['SYSIN'], [0], 2, -1]
['3', ['SYSIN'], [0], 3, 2]
['4', ['SYSIN'], [1], 4, 10]
['5', [1, 2], [0, -1], 5, 4]
['6', [2, 3], [-1, 2], 6, -7]
['7', [3, 4], [2, 10], 7, 36]
['8', [1], [0], 8, -2]
['9', [5, 6], [4, -7], 9, 28]
['1', ['SYSIN'], [0], 1, 0]
['2', ['SYSIN'], [1], 2, 1]
['3', ['SYSIN'], [0], 3, 2]
['4', ['SYSIN'], [0], 4, 9]
['5', [1, 2], [0, 1], 5, 2]
['6', [2, 3], [1, 2], 6, -5]
['7', [3, 4], [2, 9], 7, 33]
['8', [1], [0], 8, -2]
['9', [5, 6], [2, -5], 9, 16]
['1', ['SYSIN'], [1], 1, 1]
['2', ['SYSIN'], [1], 2, 1]
['3', ['SYSIN'], [1], 3, 5]
['4', ['SYSIN'], [0], 4, 9]
['5', [1, 2], [1, 1], 5, 4]
['6', [2, 3], [1, 5], 6, -17]
['7', [3, 4], [5, 9], 7, 45]
['8', [1], [1], 8, 1]
['9', [5, 6], [4, -17], 9, 38]
['1', ['SYSIN'], [1], 1, 1]
['2', ['SYSIN'], [0], 2, -1]
['3', ['SYSIN'], [0], 3, 2]
['4', ['SYSIN'], [0], 4, 9]
['5', [1, 2], [1, -1], 5, 6]
['6', [2, 3], [-1, 2], 6, -7]
['7', [3, 4], [2, 9], 7, 33]
['8', [1], [1], 8, 1]
['9', [5, 6], [6, -7], 9, 38]
['1', ['SYSIN'], [0], 1, 0]
['2', ['SYSIN'], [0], 2, -1]
['3', ['SYSIN'], [1], 3, 5]
['4', ['SYSIN'], [1], 4, 10]
['5', [1, 2], [0, -1], 5, 4]
['6', [2, 3], [-1, 5], 6, -19]
['7', [3, 4], [5, 10], 7, 48]
['8', [1], [0], 8, -2]
['9', [5, 6], [4, -19], 9, 40]
['1', ['SYSIN'], [0], 1, 0]
['2', ['SYSIN'], [1], 2, 1]
['3', ['SYSIN'], [1], 3, 5]
['4', ['SYSIN'], [1], 4, 10]
['5', [1, 2], [0, 1], 5, 2]
['6', [2, 3], [1, 5], 6, -17]
['7', [3, 4], [5, 10], 7, 48]
['8', [1], [0], 8, -2]
['9', [5, 6], [2, -17], 9, 28]
['1', ['SYSIN'], [0], 1, 0]
['2', ['SYSIN'], [1], 2, 1]
['3', ['SYSIN'], [1], 3, 5]
['4', ['SYSIN'], [0], 4, 9]
['5', [1, 2], [0, 1], 5, 2]
['6', [2, 3], [1, 5], 6, -17]
['7', [3, 4], [5, 9], 7, 45]
['8', [1], [0], 8, -2]
['9', [5, 6], [2, -17], 9, 28]
['1', ['SYSIN'], [1], 1, 1]
['2', ['SYSIN'], [1], 2, 1]
['3', ['SYSIN'], [1], 3, 5]
['4', ['SYSIN'], [1], 4, 10]
['5', [1, 2], [1, 1], 5, 4]
['6', [2, 3], [1, 5], 6, -17]
['7', [3, 4], [5, 10], 7, 48]
['8', [1], [1], 8, 1]
['9', [5, 6], [4, -17], 9, 38]
['1', ['SYSIN'], [0], 1, 0]
['2', ['SYSIN'], [1], 2, 1]
['3', ['SYSIN'], [1], 3, 5]
['4', ['SYSIN'], [1], 4, 10]
['5', [1, 2], [0, 1], 5, 2]
['6', [2, 3], [1, 5], 6, -17]
['7', [3, 4], [5, 10], 7, 48]
['8', [1], [0], 8, -2]
['9', [5, 6], [2, -17], 9, 28]
['1', ['SYSIN'], [1], 1, 1]
['2', ['SYSIN'], [1], 2, 1]
['3', ['SYSIN'], [0], 3, 2]
['4', ['SYSIN'], [1], 4, 10]
['5', [1, 2], [1, 1], 5, 4]
['6', [2, 3], [1, 2], 6, -5]
['7', [3, 4], [2, 10], 7, 36]
['8', [1], [1], 8, 1]
['9', [5, 6], [4, -5], 9, 26]
['1', ['SYSIN'], [0], 1, 0]
['2', ['SYSIN'], [1], 2, 1]
['3', ['SYSIN'], [0], 3, 2]
['4', ['SYSIN'], [1], 4, 10]
['5', [1, 2], [0, 1], 5, 2]
['6', [2, 3], [1, 2], 6, -5]
['7', [3, 4], [2, 10], 7, 36]
['8', [1], [0], 8, -2]
['9', [5, 6], [2, -5], 9, 16]
['1', ['SYSIN'], [0], 1, 0]
['2', ['SYSIN'], [1], 2, 1]
['3', ['SYSIN'], [0], 3, 2]
['4', ['SYSIN'], [1], 4, 10]
['5', [1, 2], [0, 1], 5, 2]
['6', [2, 3], [1, 2], 6, -5]
['7', [3, 4], [2, 10], 7, 36]
['8', [1], [0], 8, -2]
['9', [5, 6], [2, -5], 9, 16]
['1', ['SYSIN'], [0], 1, 0]
['2', ['SYSIN'], [1], 2, 1]
['3', ['SYSIN'], [0], 3, 2]
['4', ['SYSIN'], [1], 4, 10]
['5', [1, 2], [0, 1], 5, 2]
['6', [2, 3], [1, 2], 6, -5]
['7', [3, 4], [2, 10], 7, 36]
['8', [1], [0], 8, -2]
['9', [5, 6], [2, -5], 9, 16]
['1', ['SYSIN'], [1], 1, 1]
['2', ['SYSIN'], [1], 2, 1]
['3', ['SYSIN'], [1], 3, 5]
['4', ['SYSIN'], [1], 4, 10]
['5', [1, 2], [1, 1], 5, 4]
['6', [2, 3], [1, 5], 6, -17]
['7', [3, 4], [5, 10], 7, 48]
['8', [1], [1], 8, 1]
['9', [5, 6], [4, -17], 9, 38]
['1', ['SYSIN'], [1], 1, 1]
['2', ['SYSIN'], [1], 2, 1]
['3', ['SYSIN'], [1], 3, 5]
['4', ['SYSIN'], [0], 4, 9]
['5', [1, 2], [1, 1], 5, 4]
['6', [2, 3], [1, 5], 6, -17]
['7', [3, 4], [5, 9], 7, 45]
['8', [1], [1], 8, 1]
['9', [5, 6], [4, -17], 9, 38]
['1', ['SYSIN'], [0], 1, 0]
['2', ['SYSIN'], [1], 2, 1]
['3', ['SYSIN'], [1], 3, 5]
['4', ['SYSIN'], [1], 4, 10]
['5', [1, 2], [0, 1], 5, 2]
['6', [2, 3], [1, 5], 6, -17]
['7', [3, 4], [5, 10], 7, 48]
['8', [1], [0], 8, -2]
['9', [5, 6], [2, -17], 9, 28]
['1', ['SYSIN'], [1], 1, 1]
['2', ['SYSIN'], [0], 2, -1]
['3', ['SYSIN'], [1], 3, 5]
['4', ['SYSIN'], [0], 4, 9]
['5', [1, 2], [1, -1], 5, 6]
['6', [2, 3], [-1, 5], 6, -19]
['7', [3, 4], [5, 9], 7, 45]
['8', [1], [1], 8, 1]
['9', [5, 6], [6, -19], 9, 50]
['1', ['SYSIN'], [0], 1, 0]
['2', ['SYSIN'], [1], 2, 1]
['3', ['SYSIN'], [0], 3, 2]
['4', ['SYSIN'], [0], 4, 9]
['5', [1, 2], [0, 1], 5, 2]
['6', [2, 3], [1, 2], 6, -5]
['7', [3, 4], [2, 9], 7, 33]
['8', [1], [0], 8, -2]
['9', [5, 6], [2, -5], 9, 16]
['1', ['SYSIN'], [1], 1, 1]
['2', ['SYSIN'], [0], 2, -1]
['3', ['SYSIN'], [0], 3, 2]
['4', ['SYSIN'], [1], 4, 10]
['5', [1, 2], [1, -1], 5, 6]
['6', [2, 3], [-1, 2], 6, -7]
['7', [3, 4], [2, 10], 7, 36]
['8', [1], [1], 8, 1]
['9', [5, 6], [6, -7], 9, 38]
['1', ['SYSIN'], [1], 1, 1]
['2', ['SYSIN'], [1], 2, 1]
['3', ['SYSIN'], [0], 3, 2]
['4', ['SYSIN'], [0], 4, 9]
['5', [1, 2], [1, 1], 5, 4]
['6', [2, 3], [1, 2], 6, -5]
['7', [3, 4], [2, 9], 7, 33]
['8', [1], [1], 8, 1]
['9', [5, 6], [4, -5], 9, 26]
['1', ['SYSIN'], [1], 1, 1]
['2', ['SYSIN'], [0], 2, -1]
['3', ['SYSIN'], [0], 3, 2]
['4', ['SYSIN'], [1], 4, 10]
['5', [1, 2], [1, -1], 5, 6]
['6', [2, 3], [-1, 2], 6, -7]
['7', [3, 4], [2, 10], 7, 36]
['8', [1], [1], 8, 1]
['9', [5, 6], [6, -7], 9, 38]
['1', ['SYSIN'], [1], 1, 1]
['2', ['SYSIN'], [1], 2, 1]
['3', ['SYSIN'], [0], 3, 2]
['4', ['SYSIN'], [1], 4, 10]
['5', [1, 2], [1, 1], 5, 4]
['6', [2, 3], [1, 2], 6, -5]
['7', [3, 4], [2, 10], 7, 36]
['8', [1], [1], 8, 1]
['9', [5, 6], [4, -5], 9, 26]
['1', ['SYSIN'], [0], 1, 0]
['2', ['SYSIN'], [1], 2, 1]
['3', ['SYSIN'], [1], 3, 5]
['4', ['SYSIN'], [0], 4, 9]
['5', [1, 2], [0, 1], 5, 2]
['6', [2, 3], [1, 5], 6, -17]
['7', [3, 4], [5, 9], 7, 45]
['8', [1], [0], 8, -2]
['9', [5, 6], [2, -17], 9, 28]
['1', ['SYSIN'], [1], 1, 1]
['2', ['SYSIN'], [0], 2, -1]
['3', ['SYSIN'], [0], 3, 2]
['4', ['SYSIN'], [1], 4, 10]
['5', [1, 2], [1, -1], 5, 6]
['6', [2, 3], [-1, 2], 6, -7]
['7', [3, 4], [2, 10], 7, 36]
['8', [1], [1], 8, 1]
['9', [5, 6], [6, -7], 9, 38]
['1', ['SYSIN'], [1], 1, 1]
['2', ['SYSIN'], [0], 2, -1]
['3', ['SYSIN'], [0], 3, 2]
['4', ['SYSIN'], [0], 4, 9]
['5', [1, 2], [1, -1], 5, 6]
['6', [2, 3], [-1, 2], 6, -7]
['7', [3, 4], [2, 9], 7, 33]
['8', [1], [1], 8, 1]
['9', [5, 6], [6, -7], 9, 38]
['1', ['SYSIN'], [0], 1, 0]
['2', ['SYSIN'], [0], 2, -1]
['3', ['SYSIN'], [1], 3, 5]
['4', ['SYSIN'], [0], 4, 9]
['5', [1, 2], [0, -1], 5, 4]
['6', [2, 3], [-1, 5], 6, -19]
['7', [3, 4], [5, 9], 7, 45]
['8', [1], [0], 8, -2]
['9', [5, 6], [4, -19], 9, 40]
['1', ['SYSIN'], [1], 1, 1]
['2', ['SYSIN'], [0], 2, -1]
['3', ['SYSIN'], [1], 3, 5]
['4', ['SYSIN'], [0], 4, 9]
['5', [1, 2], [1, -1], 5, 6]
['6', [2, 3], [-1, 5], 6, -19]
['7', [3, 4], [5, 9], 7, 45]
['8', [1], [1], 8, 1]
['9', [5, 6], [6, -19], 9, 50]
['1', ['SYSIN'], [1], 1, 1]
['2', ['SYSIN'], [0], 2, -1]
['3', ['SYSIN'], [0], 3, 2]
['4', ['SYSIN'], [0], 4, 9]
['5', [1, 2], [1, -1], 5, 6]
['6', [2, 3], [-1, 2], 6, -7]
['7', [3, 4], [2, 9], 7, 33]
['8', [1], [1], 8, 1]
['9', [5, 6], [6, -7], 9, 38]
['1', ['SYSIN'], [1], 1, 1]
['2', ['SYSIN'], [0], 2, -1]
['3', ['SYSIN'], [0], 3, 2]
['4', ['SYSIN'], [1], 4, 10]
['5', [1, 2], [1, -1], 5, 6]
['6', [2, 3], [-1, 2], 6, -7]
['7', [3, 4], [2, 10], 7, 36]
['8', [1], [1], 8, 1]
['9', [5, 6], [6, -7], 9, 38]
['1', ['SYSIN'], [0], 1, 0]
['2', ['SYSIN'], [1], 2, 1]
['3', ['SYSIN'], [1], 3, 5]
['4', ['SYSIN'], [1], 4, 10]
['5', [1, 2], [0, 1], 5, 2]
['6', [2, 3], [1, 5], 6, -17]
['7', [3, 4], [5, 10], 7, 48]
['8', [1], [0], 8, -2]
['9', [5, 6], [2, -17], 9, 28]
['1', ['SYSIN'], [1], 1, 1]
['2', ['SYSIN'], [0], 2, -1]
['3', ['SYSIN'], [0], 3, 2]
['4', ['SYSIN'], [1], 4, 10]
['5', [1, 2], [1, -1], 5, 6]
['6', [2, 3], [-1, 2], 6, -7]
['7', [3, 4], [2, 10], 7, 36]
['8', [1], [1], 8, 1]
['9', [5, 6], [6, -7], 9, 38]
['1', ['SYSIN'], [1], 1, 1]
['2', ['SYSIN'], [0], 2, -1]
['3', ['SYSIN'], [0], 3, 2]
['4', ['SYSIN'], [1], 4, 10]
['5', [1, 2], [1, -1], 5, 6]
['6', [2, 3], [-1, 2], 6, -7]
['7', [3, 4], [2, 10], 7, 36]
['8', [1], [1], 8, 1]
['9', [5, 6], [6, -7], 9, 38]

TotalBuggyObservations:
10

BuggyObservations:
['1', ['SYSIN'], [1], 1, 1]
['2', ['SYSIN'], [0], 2, -1]
['3', ['SYSIN'], [0], 3, 2]
['4', ['SYSIN'], [1], 4, 10]
['5', [1, 2], [1, -1], 5, 6]
['6', [2, 3], [-1, 2], 6, -7]
['7', [3, 4], [2, 10], 7, 36]
['8', [1], [1], 8, 1]
['9', [5, 6], [6, -7], 9, 76]
['1', ['SYSIN'], [1], 1, 1]
['2', ['SYSIN'], [1], 2, 1]
['3', ['SYSIN'], [1], 3, 5]
['4', ['SYSIN'], [0], 4, 9]
['5', [1, 2], [1, 1], 5, 4]
['6', [2, 3], [1, 5], 6, -17]
['7', [3, 4], [5, 9], 7, 45]
['8', [1], [1], 8, 1]
['9', [5, 6], [4, -17], 9, 76]
['1', ['SYSIN'], [1], 1, 1]
['2', ['SYSIN'], [1], 2, 1]
['3', ['SYSIN'], [0], 3, 2]
['4', ['SYSIN'], [1], 4, 10]
['5', [1, 2], [1, 1], 5, 4]
['6', [2, 3], [1, 2], 6, -5]
['7', [3, 4], [2, 10], 7, 36]
['8', [1], [1], 8, 1]
['9', [5, 6], [4, -5], 9, 52]
['1', ['SYSIN'], [0], 1, 0]
['2', ['SYSIN'], [1], 2, 1]
['3', ['SYSIN'], [0], 3, 2]
['4', ['SYSIN'], [0], 4, 9]
['5', [1, 2], [0, 1], 5, 2]
['6', [2, 3], [1, 2], 6, -5]
['7', [3, 4], [2, 9], 7, 33]
['8', [1], [0], 8, -2]
['9', [5, 6], [2, -5], 9, 32]
['1', ['SYSIN'], [0], 1, 0]
['2', ['SYSIN'], [1], 2, 1]
['3', ['SYSIN'], [0], 3, 2]
['4', ['SYSIN'], [0], 4, 9]
['5', [1, 2], [0, 1], 5, 2]
['6', [2, 3], [1, 2], 6, -5]
['7', [3, 4], [2, 9], 7, 33]
['8', [1], [0], 8, -2]
['9', [5, 6], [2, -5], 9, 32]
['1', ['SYSIN'], [1], 1, 1]
['2', ['SYSIN'], [0], 2, -1]
['3', ['SYSIN'], [1], 3, 5]
['4', ['SYSIN'], [1], 4, 10]
['5', [1, 2], [1, -1], 5, 6]
['6', [2, 3], [-1, 5], 6, -19]
['7', [3, 4], [5, 10], 7, 48]
['8', [1], [1], 8, 1]
['9', [5, 6], [6, -19], 9, 100]
['1', ['SYSIN'], [1], 1, 1]
['2', ['SYSIN'], [0], 2, -1]
['3', ['SYSIN'], [0], 3, 2]
['4', ['SYSIN'], [1], 4, 10]
['5', [1, 2], [1, -1], 5, 6]
['6', [2, 3], [-1, 2], 6, -7]
['7', [3, 4], [2, 10], 7, 36]
['8', [1], [1], 8, 1]
['9', [5, 6], [6, -7], 9, 76]
['1', ['SYSIN'], [1], 1, 1]
['2', ['SYSIN'], [1], 2, 1]
['3', ['SYSIN'], [0], 3, 2]
['4', ['SYSIN'], [1], 4, 10]
['5', [1, 2], [1, 1], 5, 4]
['6', [2, 3], [1, 2], 6, -5]
['7', [3, 4], [2, 10], 7, 36]
['8', [1], [1], 8, 1]
['9', [5, 6], [4, -5], 9, 52]
['1', ['SYSIN'], [1], 1, 1]
['2', ['SYSIN'], [1], 2, 1]
['3', ['SYSIN'], [0], 3, 2]
['4', ['SYSIN'], [1], 4, 10]
['5', [1, 2], [1, 1], 5, 4]
['6', [2, 3], [1, 2], 6, -5]
['7', [3, 4], [2, 10], 7, 36]
['8', [1], [1], 8, 1]
['9', [5, 6], [4, -5], 9, 52]
['1', ['SYSIN'], [1], 1, 1]
['2', ['SYSIN'], [0], 2, -1]
['3', ['SYSIN'], [0], 3, 2]
['4', ['SYSIN'], [1], 4, 10]
['5', [1, 2], [1, -1], 5, 6]
['6', [2, 3], [-1, 2], 6, -7]
['7', [3, 4], [2, 10], 7, 36]
['8', [1], [1], 8, 1]
['9', [5, 6], [6, -7], 9, 76]

BuggyIds
9

MinRange:
0

MaxRange:
1
