Subsystems:
9
8
7
6
5
4
3
2
1

SYSINS:
1, 2, 3, 4

SYSOUTS:
9, 8, 7, 6, 5, 4, 3, 2, 1

TotalRegularObservations:
10

NormalObservations:
['1', ['SYSIN'], [9], 1, 9]
['2', ['SYSIN'], [8], 2, 15]
['3', ['SYSIN'], [4], 3, 14]
['4', ['SYSIN'], [3], 4, 12]
['5', [1, 2], [9, 15], 5, 6]
['6', [2, 3], [15, 14], 6, -39]
['7', [3, 4], [14, 12], 7, 90]
['8', [1], [9], 8, 25]
['9', [5, 6], [6, -39], 9, 70]
['1', ['SYSIN'], [9], 1, 9]
['2', ['SYSIN'], [3], 2, 5]
['3', ['SYSIN'], [6], 3, 20]
['4', ['SYSIN'], [3], 4, 12]
['5', [1, 2], [9, 5], 5, 16]
['6', [2, 3], [5, 20], 6, -73]
['7', [3, 4], [20, 12], 7, 114]
['8', [1], [9], 8, 25]
['9', [5, 6], [16, -73], 9, 154]
['1', ['SYSIN'], [8], 1, 8]
['2', ['SYSIN'], [4], 2, 7]
['3', ['SYSIN'], [3], 3, 11]
['4', ['SYSIN'], [5], 4, 14]
['5', [1, 2], [8, 7], 5, 12]
['6', [2, 3], [7, 11], 6, -35]
['7', [3, 4], [11, 14], 7, 84]
['8', [1], [8], 8, 22]
['9', [5, 6], [12, -35], 9, 96]
['1', ['SYSIN'], [2], 1, 2]
['2', ['SYSIN'], [9], 2, 17]
['3', ['SYSIN'], [9], 3, 29]
['4', ['SYSIN'], [9], 4, 18]
['5', [1, 2], [2, 17], 5, -10]
['6', [2, 3], [17, 29], 6, -97]
['7', [3, 4], [29, 18], 7, 168]
['8', [1], [2], 8, 4]
['9', [5, 6], [-10, -97], 9, 48]
['1', ['SYSIN'], [0], 1, 0]
['2', ['SYSIN'], [7], 2, 13]
['3', ['SYSIN'], [8], 3, 26]
['4', ['SYSIN'], [2], 4, 11]
['5', [1, 2], [0, 13], 5, -10]
['6', [2, 3], [13, 26], 6, -89]
['7', [3, 4], [26, 11], 7, 135]
['8', [1], [0], 8, -2]
['9', [5, 6], [-10, -89], 9, 40]
['1', ['SYSIN'], [8], 1, 8]
['2', ['SYSIN'], [0], 2, -1]
['3', ['SYSIN'], [9], 3, 29]
['4', ['SYSIN'], [4], 4, 13]
['5', [1, 2], [8, -1], 5, 20]
['6', [2, 3], [-1, 29], 6, -115]
['7', [3, 4], [29, 13], 7, 153]
['8', [1], [8], 8, 22]
['9', [5, 6], [20, -115], 9, 216]
['1', ['SYSIN'], [7], 1, 7]
['2', ['SYSIN'], [5], 2, 9]
['3', ['SYSIN'], [1], 3, 5]
['4', ['SYSIN'], [7], 4, 16]
['5', [1, 2], [7, 9], 5, 8]
['6', [2, 3], [9, 5], 6, -9]
['7', [3, 4], [5, 16], 7, 66]
['8', [1], [7], 8, 19]
['9', [5, 6], [8, -9], 9, 50]
['1', ['SYSIN'], [1], 1, 1]
['2', ['SYSIN'], [8], 2, 15]
['3', ['SYSIN'], [9], 3, 29]
['4', ['SYSIN'], [9], 4, 18]
['5', [1, 2], [1, 15], 5, -10]
['6', [2, 3], [15, 29], 6, -99]
['7', [3, 4], [29, 18], 7, 168]
['8', [1], [1], 8, 1]
['9', [5, 6], [-10, -99], 9, 50]
['1', ['SYSIN'], [9], 1, 9]
['2', ['SYSIN'], [4], 2, 7]
['3', ['SYSIN'], [5], 3, 17]
['4', ['SYSIN'], [6], 4, 15]
['5', [1, 2], [9, 7], 5, 14]
['6', [2, 3], [7, 17], 6, -59]
['7', [3, 4], [17, 15], 7, 111]
['8', [1], [9], 8, 25]
['9', [5, 6], [14, -59], 9, 130]
['1', ['SYSIN'], [3], 1, 3]
['2', ['SYSIN'], [5], 2, 9]
['3', ['SYSIN'], [8], 3, 26]
['4', ['SYSIN'], [5], 4, 14]
['5', [1, 2], [3, 9], 5, 0]
['6', [2, 3], [9, 26], 6, -93]
['7', [3, 4], [26, 14], 7, 144]
['8', [1], [3], 8, 7]
['9', [5, 6], [0, -93], 9, 94]

TotalBuggyObservations:
10

BuggyObservations:
['1', ['SYSIN'], [2], 1, 2]
['2', ['SYSIN'], [7], 2, 28]
['3', ['SYSIN'], [5], 3, 17]
['4', ['SYSIN'], [9], 4, 18]
['5', [1, 2], [2, 28], 5, -21]
['6', [2, 3], [28, 17], 6, -38]
['7', [3, 4], [17, 18], 7, 120]
['8', [1], [2], 8, 4]
['9', [5, 6], [-21, -38], 9, -66]
['1', ['SYSIN'], [5], 1, 5]
['2', ['SYSIN'], [5], 2, 20]
['3', ['SYSIN'], [2], 3, 8]
['4', ['SYSIN'], [8], 4, 17]
['5', [1, 2], [5, 20], 5, -7]
['6', [2, 3], [20, 8], 6, -10]
['7', [3, 4], [8, 17], 7, 81]
['8', [1], [5], 8, 13]
['9', [5, 6], [-7, -10], 9, -24]
['1', ['SYSIN'], [8], 1, 8]
['2', ['SYSIN'], [2], 2, 8]
['3', ['SYSIN'], [8], 3, 26]
['4', ['SYSIN'], [2], 4, 11]
['5', [1, 2], [8, 8], 5, 11]
['6', [2, 3], [8, 26], 6, -94]
['7', [3, 4], [26, 11], 7, 135]
['8', [1], [8], 8, 22]
['9', [5, 6], [11, -94], 9, 150]
['1', ['SYSIN'], [8], 1, 8]
['2', ['SYSIN'], [9], 2, 36]
['3', ['SYSIN'], [5], 3, 17]
['4', ['SYSIN'], [9], 4, 18]
['5', [1, 2], [8, 36], 5, -17]
['6', [2, 3], [36, 17], 6, -30]
['7', [3, 4], [17, 18], 7, 120]
['8', [1], [8], 8, 22]
['9', [5, 6], [-17, -30], 9, -54]
['1', ['SYSIN'], [5], 1, 5]
['2', ['SYSIN'], [3], 2, 12]
['3', ['SYSIN'], [9], 3, 29]
['4', ['SYSIN'], [2], 4, 11]
['5', [1, 2], [5, 12], 5, 1]
['6', [2, 3], [12, 29], 6, -102]
['7', [3, 4], [29, 11], 7, 147]
['8', [1], [5], 8, 13]
['9', [5, 6], [1, -102], 9, 108]
['1', ['SYSIN'], [6], 1, 6]
['2', ['SYSIN'], [1], 2, 4]
['3', ['SYSIN'], [7], 3, 23]
['4', ['SYSIN'], [7], 4, 16]
['5', [1, 2], [6, 4], 5, 11]
['6', [2, 3], [4, 23], 6, -86]
['7', [3, 4], [23, 16], 7, 138]
['8', [1], [6], 8, 16]
['9', [5, 6], [11, -86], 9, 142]
['1', ['SYSIN'], [8], 1, 8]
['2', ['SYSIN'], [0], 2, 0]
['3', ['SYSIN'], [6], 3, 20]
['4', ['SYSIN'], [4], 4, 13]
['5', [1, 2], [8, 0], 5, 19]
['6', [2, 3], [0, 20], 6, -78]
['7', [3, 4], [20, 13], 7, 117]
['8', [1], [8], 8, 22]
['9', [5, 6], [19, -78], 9, 174]
['1', ['SYSIN'], [9], 1, 9]
['2', ['SYSIN'], [0], 2, 0]
['3', ['SYSIN'], [1], 3, 5]
['4', ['SYSIN'], [2], 4, 11]
['5', [1, 2], [9, 0], 5, 21]
['6', [2, 3], [0, 5], 6, -18]
['7', [3, 4], [5, 11], 7, 51]
['8', [1], [9], 8, 25]
['9', [5, 6], [21, -18], 9, 124]
['1', ['SYSIN'], [7], 1, 7]
['2', ['SYSIN'], [4], 2, 16]
['3', ['SYSIN'], [0], 3, 2]
['4', ['SYSIN'], [0], 4, 9]
['5', [1, 2], [7, 16], 5, 1]
['6', [2, 3], [16, 2], 6, 10]
['7', [3, 4], [2, 9], 7, 33]
['8', [1], [7], 8, 19]
['9', [5, 6], [1, 10], 9, -4]
['1', ['SYSIN'], [6], 1, 6]
['2', ['SYSIN'], [0], 2, 0]
['3', ['SYSIN'], [9], 3, 29]
['4', ['SYSIN'], [3], 4, 12]
['5', [1, 2], [6, 0], 5, 15]
['6', [2, 3], [0, 29], 6, -114]
['7', [3, 4], [29, 12], 7, 150]
['8', [1], [6], 8, 16]
['9', [5, 6], [15, -114], 9, 190]

BuggyIds
2

MinRange:
0

MaxRange:
9
