Subsystems:
9
8
7
6
5
4
3
2
1

SYSINS:
1, 2, 3, 4

SYSOUTS:
9, 8, 7, 6, 5, 4, 3, 2, 1

TotalRegularObservations:
10

NormalObservations:
['1', ['SYSIN'], [1], 1, 1]
['2', ['SYSIN'], [1], 2, 1]
['3', ['SYSIN'], [2], 3, 8]
['4', ['SYSIN'], [0], 4, 9]
['5', [1, 2], [1, 1], 5, 4]
['6', [2, 3], [1, 8], 6, -29]
['7', [3, 4], [8, 9], 7, 57]
['8', [1], [1], 8, 1]
['9', [5, 6], [4, -29], 9, 50]
['1', ['SYSIN'], [3], 1, 3]
['2', ['SYSIN'], [0], 2, -1]
['3', ['SYSIN'], [2], 3, 8]
['4', ['SYSIN'], [4], 4, 13]
['5', [1, 2], [3, -1], 5, 10]
['6', [2, 3], [-1, 8], 6, -31]
['7', [3, 4], [8, 13], 7, 69]
['8', [1], [3], 8, 7]
['9', [5, 6], [10, -31], 9, 82]
['1', ['SYSIN'], [0], 1, 0]
['2', ['SYSIN'], [3], 2, 5]
['3', ['SYSIN'], [1], 3, 5]
['4', ['SYSIN'], [1], 4, 10]
['5', [1, 2], [0, 5], 5, -2]
['6', [2, 3], [5, 5], 6, -13]
['7', [3, 4], [5, 10], 7, 48]
['8', [1], [0], 8, -2]
['9', [5, 6], [-2, -13], 9, 4]
['1', ['SYSIN'], [1], 1, 1]
['2', ['SYSIN'], [1], 2, 1]
['3', ['SYSIN'], [1], 3, 5]
['4', ['SYSIN'], [3], 4, 12]
['5', [1, 2], [1, 1], 5, 4]
['6', [2, 3], [1, 5], 6, -17]
['7', [3, 4], [5, 12], 7, 54]
['8', [1], [1], 8, 1]
['9', [5, 6], [4, -17], 9, 38]
['1', ['SYSIN'], [1], 1, 1]
['2', ['SYSIN'], [1], 2, 1]
['3', ['SYSIN'], [1], 3, 5]
['4', ['SYSIN'], [1], 4, 10]
['5', [1, 2], [1, 1], 5, 4]
['6', [2, 3], [1, 5], 6, -17]
['7', [3, 4], [5, 10], 7, 48]
['8', [1], [1], 8, 1]
['9', [5, 6], [4, -17], 9, 38]
['1', ['SYSIN'], [3], 1, 3]
['2', ['SYSIN'], [4], 2, 7]
['3', ['SYSIN'], [3], 3, 11]
['4', ['SYSIN'], [3], 4, 12]
['5', [1, 2], [3, 7], 5, 2]
['6', [2, 3], [7, 11], 6, -35]
['7', [3, 4], [11, 12], 7, 78]
['8', [1], [3], 8, 7]
['9', [5, 6], [2, -35], 9, 46]
['1', ['SYSIN'], [2], 1, 2]
['2', ['SYSIN'], [3], 2, 5]
['3', ['SYSIN'], [4], 3, 14]
['4', ['SYSIN'], [4], 4, 13]
['5', [1, 2], [2, 5], 5, 2]
['6', [2, 3], [5, 14], 6, -49]
['7', [3, 4], [14, 13], 7, 93]
['8', [1], [2], 8, 4]
['9', [5, 6], [2, -49], 9, 60]
['1', ['SYSIN'], [1], 1, 1]
['2', ['SYSIN'], [0], 2, -1]
['3', ['SYSIN'], [3], 3, 11]
['4', ['SYSIN'], [2], 4, 11]
['5', [1, 2], [1, -1], 5, 6]
['6', [2, 3], [-1, 11], 6, -43]
['7', [3, 4], [11, 11], 7, 75]
['8', [1], [1], 8, 1]
['9', [5, 6], [6, -43], 9, 74]
['1', ['SYSIN'], [2], 1, 2]
['2', ['SYSIN'], [4], 2, 7]
['3', ['SYSIN'], [2], 3, 8]
['4', ['SYSIN'], [2], 4, 11]
['5', [1, 2], [2, 7], 5, 0]
['6', [2, 3], [7, 8], 6, -23]
['7', [3, 4], [8, 11], 7, 63]
['8', [1], [2], 8, 4]
['9', [5, 6], [0, -23], 9, 24]
['1', ['SYSIN'], [1], 1, 1]
['2', ['SYSIN'], [2], 2, 3]
['3', ['SYSIN'], [4], 3, 14]
['4', ['SYSIN'], [3], 4, 12]
['5', [1, 2], [1, 3], 5, 2]
['6', [2, 3], [3, 14], 6, -51]
['7', [3, 4], [14, 12], 7, 90]
['8', [1], [1], 8, 1]
['9', [5, 6], [2, -51], 9, 62]

TotalBuggyObservations:
10

BuggyObservations:
['1', ['SYSIN'], [2], 1, 2]
['2', ['SYSIN'], [1], 2, 1]
['3', ['SYSIN'], [1], 3, 5]
['4', ['SYSIN'], [0], 4, 9]
['5', [1, 2], [2, 1], 5, 6]
['6', [2, 3], [1, 5], 6, -17]
['7', [3, 4], [5, 9], 7, 93]
['8', [1], [2], 8, 4]
['9', [5, 6], [6, -17], 9, 48]
['1', ['SYSIN'], [3], 1, 3]
['2', ['SYSIN'], [0], 2, -1]
['3', ['SYSIN'], [3], 3, 11]
['4', ['SYSIN'], [3], 4, 12]
['5', [1, 2], [3, -1], 5, 10]
['6', [2, 3], [-1, 11], 6, -43]
['7', [3, 4], [11, 12], 7, 159]
['8', [1], [3], 8, 7]
['9', [5, 6], [10, -43], 9, 94]
['1', ['SYSIN'], [3], 1, 3]
['2', ['SYSIN'], [2], 2, 3]
['3', ['SYSIN'], [0], 3, 2]
['4', ['SYSIN'], [4], 4, 13]
['5', [1, 2], [3, 3], 5, 6]
['6', [2, 3], [3, 2], 6, -3]
['7', [3, 4], [2, 13], 7, 93]
['8', [1], [3], 8, 7]
['9', [5, 6], [6, -3], 9, 34]
['1', ['SYSIN'], [1], 1, 1]
['2', ['SYSIN'], [3], 2, 5]
['3', ['SYSIN'], [2], 3, 8]
['4', ['SYSIN'], [0], 4, 9]
['5', [1, 2], [1, 5], 5, 0]
['6', [2, 3], [5, 8], 6, -25]
['7', [3, 4], [8, 9], 7, 117]
['8', [1], [1], 8, 1]
['9', [5, 6], [0, -25], 9, 26]
['1', ['SYSIN'], [0], 1, 0]
['2', ['SYSIN'], [1], 2, 1]
['3', ['SYSIN'], [0], 3, 2]
['4', ['SYSIN'], [2], 4, 11]
['5', [1, 2], [0, 1], 5, 2]
['6', [2, 3], [1, 2], 6, -5]
['7', [3, 4], [2, 11], 7, 81]
['8', [1], [0], 8, -2]
['9', [5, 6], [2, -5], 9, 16]
['1', ['SYSIN'], [2], 1, 2]
['2', ['SYSIN'], [1], 2, 1]
['3', ['SYSIN'], [3], 3, 11]
['4', ['SYSIN'], [4], 4, 13]
['5', [1, 2], [2, 1], 5, 6]
['6', [2, 3], [1, 11], 6, -41]
['7', [3, 4], [11, 13], 7, 165]
['8', [1], [2], 8, 4]
['9', [5, 6], [6, -41], 9, 72]
['1', ['SYSIN'], [1], 1, 1]
['2', ['SYSIN'], [3], 2, 5]
['3', ['SYSIN'], [0], 3, 2]
['4', ['SYSIN'], [3], 4, 12]
['5', [1, 2], [1, 5], 5, 0]
['6', [2, 3], [5, 2], 6, -1]
['7', [3, 4], [2, 12], 7, 87]
['8', [1], [1], 8, 1]
['9', [5, 6], [0, -1], 9, 2]
['1', ['SYSIN'], [0], 1, 0]
['2', ['SYSIN'], [3], 2, 5]
['3', ['SYSIN'], [2], 3, 8]
['4', ['SYSIN'], [3], 4, 12]
['5', [1, 2], [0, 5], 5, -2]
['6', [2, 3], [5, 8], 6, -25]
['7', [3, 4], [8, 12], 7, 135]
['8', [1], [0], 8, -2]
['9', [5, 6], [-2, -25], 9, 16]
['1', ['SYSIN'], [3], 1, 3]
['2', ['SYSIN'], [0], 2, -1]
['3', ['SYSIN'], [3], 3, 11]
['4', ['SYSIN'], [4], 4, 13]
['5', [1, 2], [3, -1], 5, 10]
['6', [2, 3], [-1, 11], 6, -43]
['7', [3, 4], [11, 13], 7, 165]
['8', [1], [3], 8, 7]
['9', [5, 6], [10, -43], 9, 94]
['1', ['SYSIN'], [4], 1, 4]
['2', ['SYSIN'], [3], 2, 5]
['3', ['SYSIN'], [2], 3, 8]
['4', ['SYSIN'], [3], 4, 12]
['5', [1, 2], [4, 5], 5, 6]
['6', [2, 3], [5, 8], 6, -25]
['7', [3, 4], [8, 12], 7, 135]
['8', [1], [4], 8, 10]
['9', [5, 6], [6, -25], 9, 56]

BuggyIds
7

MinRange:
0

MaxRange:
4
