Subsystems:
9
8
7
6
5
4
3
2
1

SYSINS:
1, 2, 3, 4

SYSOUTS:
9, 8, 7, 6, 5, 4, 3, 2, 1

TotalRegularObservations:
10

NormalObservations:
['1', ['SYSIN'], [1], 1, 1]
['2', ['SYSIN'], [1], 2, 1]
['3', ['SYSIN'], [1], 3, 5]
['4', ['SYSIN'], [1], 4, 10]
['5', [1, 2], [1, 1], 5, 4]
['6', [2, 3], [1, 5], 6, -17]
['7', [3, 4], [5, 10], 7, 48]
['8', [1], [1], 8, 1]
['9', [5, 6], [4, -17], 9, 38]
['1', ['SYSIN'], [0], 1, 0]
['2', ['SYSIN'], [2], 2, 3]
['3', ['SYSIN'], [4], 3, 14]
['4', ['SYSIN'], [4], 4, 13]
['5', [1, 2], [0, 3], 5, 0]
['6', [2, 3], [3, 14], 6, -51]
['7', [3, 4], [14, 13], 7, 93]
['8', [1], [0], 8, -2]
['9', [5, 6], [0, -51], 9, 52]
['1', ['SYSIN'], [0], 1, 0]
['2', ['SYSIN'], [1], 2, 1]
['3', ['SYSIN'], [3], 3, 11]
['4', ['SYSIN'], [2], 4, 11]
['5', [1, 2], [0, 1], 5, 2]
['6', [2, 3], [1, 11], 6, -41]
['7', [3, 4], [11, 11], 7, 75]
['8', [1], [0], 8, -2]
['9', [5, 6], [2, -41], 9, 52]
['1', ['SYSIN'], [2], 1, 2]
['2', ['SYSIN'], [3], 2, 5]
['3', ['SYSIN'], [3], 3, 11]
['4', ['SYSIN'], [3], 4, 12]
['5', [1, 2], [2, 5], 5, 2]
['6', [2, 3], [5, 11], 6, -37]
['7', [3, 4], [11, 12], 7, 78]
['8', [1], [2], 8, 4]
['9', [5, 6], [2, -37], 9, 48]
['1', ['SYSIN'], [4], 1, 4]
['2', ['SYSIN'], [3], 2, 5]
['3', ['SYSIN'], [4], 3, 14]
['4', ['SYSIN'], [4], 4, 13]
['5', [1, 2], [4, 5], 5, 6]
['6', [2, 3], [5, 14], 6, -49]
['7', [3, 4], [14, 13], 7, 93]
['8', [1], [4], 8, 10]
['9', [5, 6], [6, -49], 9, 80]
['1', ['SYSIN'], [2], 1, 2]
['2', ['SYSIN'], [3], 2, 5]
['3', ['SYSIN'], [2], 3, 8]
['4', ['SYSIN'], [0], 4, 9]
['5', [1, 2], [2, 5], 5, 2]
['6', [2, 3], [5, 8], 6, -25]
['7', [3, 4], [8, 9], 7, 57]
['8', [1], [2], 8, 4]
['9', [5, 6], [2, -25], 9, 36]
['1', ['SYSIN'], [2], 1, 2]
['2', ['SYSIN'], [1], 2, 1]
['3', ['SYSIN'], [4], 3, 14]
['4', ['SYSIN'], [1], 4, 10]
['5', [1, 2], [2, 1], 5, 6]
['6', [2, 3], [1, 14], 6, -53]
['7', [3, 4], [14, 10], 7, 84]
['8', [1], [2], 8, 4]
['9', [5, 6], [6, -53], 9, 84]
['1', ['SYSIN'], [2], 1, 2]
['2', ['SYSIN'], [1], 2, 1]
['3', ['SYSIN'], [2], 3, 8]
['4', ['SYSIN'], [0], 4, 9]
['5', [1, 2], [2, 1], 5, 6]
['6', [2, 3], [1, 8], 6, -29]
['7', [3, 4], [8, 9], 7, 57]
['8', [1], [2], 8, 4]
['9', [5, 6], [6, -29], 9, 60]
['1', ['SYSIN'], [1], 1, 1]
['2', ['SYSIN'], [3], 2, 5]
['3', ['SYSIN'], [3], 3, 11]
['4', ['SYSIN'], [3], 4, 12]
['5', [1, 2], [1, 5], 5, 0]
['6', [2, 3], [5, 11], 6, -37]
['7', [3, 4], [11, 12], 7, 78]
['8', [1], [1], 8, 1]
['9', [5, 6], [0, -37], 9, 38]
['1', ['SYSIN'], [3], 1, 3]
['2', ['SYSIN'], [0], 2, -1]
['3', ['SYSIN'], [4], 3, 14]
['4', ['SYSIN'], [2], 4, 11]
['5', [1, 2], [3, -1], 5, 10]
['6', [2, 3], [-1, 14], 6, -55]
['7', [3, 4], [14, 11], 7, 87]
['8', [1], [3], 8, 7]
['9', [5, 6], [10, -55], 9, 106]

TotalBuggyObservations:
10

BuggyObservations:
['1', ['SYSIN'], [1], 1, 1]
['2', ['SYSIN'], [1], 2, 4]
['3', ['SYSIN'], [1], 3, 5]
['4', ['SYSIN'], [3], 4, 16]
['5', [1, 2], [1, 4], 5, 1]
['6', [2, 3], [4, 5], 6, -14]
['7', [3, 4], [5, 16], 7, 66]
['8', [1], [1], 8, 1]
['9', [5, 6], [1, -14], 9, 40]
['1', ['SYSIN'], [0], 1, 0]
['2', ['SYSIN'], [4], 2, 16]
['3', ['SYSIN'], [4], 3, 14]
['4', ['SYSIN'], [1], 4, 12]
['5', [1, 2], [0, 16], 5, -13]
['6', [2, 3], [16, 14], 6, -38]
['7', [3, 4], [14, 12], 7, 90]
['8', [1], [0], 8, -2]
['9', [5, 6], [-13, -38], 9, -52]
['1', ['SYSIN'], [1], 1, 1]
['2', ['SYSIN'], [0], 2, 0]
['3', ['SYSIN'], [1], 3, 5]
['4', ['SYSIN'], [2], 4, 14]
['5', [1, 2], [1, 0], 5, 5]
['6', [2, 3], [0, 5], 6, -18]
['7', [3, 4], [5, 14], 7, 60]
['8', [1], [1], 8, 1]
['9', [5, 6], [5, -18], 9, 88]
['1', ['SYSIN'], [1], 1, 1]
['2', ['SYSIN'], [3], 2, 12]
['3', ['SYSIN'], [3], 3, 11]
['4', ['SYSIN'], [2], 4, 14]
['5', [1, 2], [1, 12], 5, -7]
['6', [2, 3], [12, 11], 6, -30]
['7', [3, 4], [11, 14], 7, 84]
['8', [1], [1], 8, 1]
['9', [5, 6], [-7, -30], 9, -8]
['1', ['SYSIN'], [2], 1, 2]
['2', ['SYSIN'], [2], 2, 8]
['3', ['SYSIN'], [1], 3, 5]
['4', ['SYSIN'], [1], 4, 12]
['5', [1, 2], [2, 8], 5, -1]
['6', [2, 3], [8, 5], 6, -10]
['7', [3, 4], [5, 12], 7, 54]
['8', [1], [2], 8, 4]
['9', [5, 6], [-1, -10], 9, 12]
['1', ['SYSIN'], [2], 1, 2]
['2', ['SYSIN'], [3], 2, 12]
['3', ['SYSIN'], [0], 3, 2]
['4', ['SYSIN'], [3], 4, 16]
['5', [1, 2], [2, 12], 5, -5]
['6', [2, 3], [12, 2], 6, 6]
['7', [3, 4], [2, 16], 7, 54]
['8', [1], [2], 8, 4]
['9', [5, 6], [-5, 6], 9, -60]
['1', ['SYSIN'], [3], 1, 3]
['2', ['SYSIN'], [0], 2, 0]
['3', ['SYSIN'], [2], 3, 8]
['4', ['SYSIN'], [0], 4, 10]
['5', [1, 2], [3, 0], 5, 9]
['6', [2, 3], [0, 8], 6, -30]
['7', [3, 4], [8, 10], 7, 60]
['8', [1], [3], 8, 7]
['9', [5, 6], [9, -30], 9, 152]
['1', ['SYSIN'], [2], 1, 2]
['2', ['SYSIN'], [1], 2, 4]
['3', ['SYSIN'], [0], 3, 2]
['4', ['SYSIN'], [0], 4, 10]
['5', [1, 2], [2, 4], 5, 3]
['6', [2, 3], [4, 2], 6, -2]
['7', [3, 4], [2, 10], 7, 36]
['8', [1], [2], 8, 4]
['9', [5, 6], [3, -2], 9, 36]
['1', ['SYSIN'], [1], 1, 1]
['2', ['SYSIN'], [1], 2, 4]
['3', ['SYSIN'], [1], 3, 5]
['4', ['SYSIN'], [0], 4, 10]
['5', [1, 2], [1, 4], 5, 1]
['6', [2, 3], [4, 5], 6, -14]
['7', [3, 4], [5, 10], 7, 48]
['8', [1], [1], 8, 1]
['9', [5, 6], [1, -14], 9, 40]
['1', ['SYSIN'], [0], 1, 0]
['2', ['SYSIN'], [2], 2, 8]
['3', ['SYSIN'], [0], 3, 2]
['4', ['SYSIN'], [3], 4, 16]
['5', [1, 2], [0, 8], 5, -5]
['6', [2, 3], [8, 2], 6, 2]
['7', [3, 4], [2, 16], 7, 54]
['8', [1], [0], 8, -2]
['9', [5, 6], [-5, 2], 9, -52]

BuggyIds
2, 9, 4

MinRange:
0

MaxRange:
4
