Subsystems:
9
8
7
6
5
4
3
2
1

SYSINS:
1, 2, 3, 4

SYSOUTS:
9, 8, 7, 6, 5, 4, 3, 2, 1

TotalRegularObservations:
10

NormalObservations:
['1', ['SYSIN'], [3], 1, 3]
['2', ['SYSIN'], [4], 2, 7]
['3', ['SYSIN'], [7], 3, 23]
['4', ['SYSIN'], [5], 4, 14]
['5', [1, 2], [3, 7], 5, 2]
['6', [2, 3], [7, 23], 6, -83]
['7', [3, 4], [23, 14], 7, 132]
['8', [1], [3], 8, 7]
['9', [5, 6], [2, -83], 9, 94]
['1', ['SYSIN'], [1], 1, 1]
['2', ['SYSIN'], [1], 2, 1]
['3', ['SYSIN'], [1], 3, 5]
['4', ['SYSIN'], [1], 4, 10]
['5', [1, 2], [1, 1], 5, 4]
['6', [2, 3], [1, 5], 6, -17]
['7', [3, 4], [5, 10], 7, 48]
['8', [1], [1], 8, 1]
['9', [5, 6], [4, -17], 9, 38]
['1', ['SYSIN'], [4], 1, 4]
['2', ['SYSIN'], [4], 2, 7]
['3', ['SYSIN'], [6], 3, 20]
['4', ['SYSIN'], [3], 4, 12]
['5', [1, 2], [4, 7], 5, 4]
['6', [2, 3], [7, 20], 6, -71]
['7', [3, 4], [20, 12], 7, 114]
['8', [1], [4], 8, 10]
['9', [5, 6], [4, -71], 9, 92]
['1', ['SYSIN'], [4], 1, 4]
['2', ['SYSIN'], [9], 2, 17]
['3', ['SYSIN'], [7], 3, 23]
['4', ['SYSIN'], [7], 4, 16]
['5', [1, 2], [4, 17], 5, -6]
['6', [2, 3], [17, 23], 6, -73]
['7', [3, 4], [23, 16], 7, 138]
['8', [1], [4], 8, 10]
['9', [5, 6], [-6, -73], 9, 44]
['1', ['SYSIN'], [7], 1, 7]
['2', ['SYSIN'], [9], 2, 17]
['3', ['SYSIN'], [7], 3, 23]
['4', ['SYSIN'], [2], 4, 11]
['5', [1, 2], [7, 17], 5, 0]
['6', [2, 3], [17, 23], 6, -73]
['7', [3, 4], [23, 11], 7, 123]
['8', [1], [7], 8, 19]
['9', [5, 6], [0, -73], 9, 74]
['1', ['SYSIN'], [6], 1, 6]
['2', ['SYSIN'], [1], 2, 1]
['3', ['SYSIN'], [5], 3, 17]
['4', ['SYSIN'], [9], 4, 18]
['5', [1, 2], [6, 1], 5, 14]
['6', [2, 3], [1, 17], 6, -65]
['7', [3, 4], [17, 18], 7, 120]
['8', [1], [6], 8, 16]
['9', [5, 6], [14, -65], 9, 136]
['1', ['SYSIN'], [2], 1, 2]
['2', ['SYSIN'], [1], 2, 1]
['3', ['SYSIN'], [3], 3, 11]
['4', ['SYSIN'], [4], 4, 13]
['5', [1, 2], [2, 1], 5, 6]
['6', [2, 3], [1, 11], 6, -41]
['7', [3, 4], [11, 13], 7, 81]
['8', [1], [2], 8, 4]
['9', [5, 6], [6, -41], 9, 72]
['1', ['SYSIN'], [5], 1, 5]
['2', ['SYSIN'], [4], 2, 7]
['3', ['SYSIN'], [8], 3, 26]
['4', ['SYSIN'], [1], 4, 10]
['5', [1, 2], [5, 7], 5, 6]
['6', [2, 3], [7, 26], 6, -95]
['7', [3, 4], [26, 10], 7, 132]
['8', [1], [5], 8, 13]
['9', [5, 6], [6, -95], 9, 126]
['1', ['SYSIN'], [1], 1, 1]
['2', ['SYSIN'], [4], 2, 7]
['3', ['SYSIN'], [9], 3, 29]
['4', ['SYSIN'], [9], 4, 18]
['5', [1, 2], [1, 7], 5, -2]
['6', [2, 3], [7, 29], 6, -107]
['7', [3, 4], [29, 18], 7, 168]
['8', [1], [1], 8, 1]
['9', [5, 6], [-2, -107], 9, 98]
['1', ['SYSIN'], [2], 1, 2]
['2', ['SYSIN'], [7], 2, 13]
['3', ['SYSIN'], [8], 3, 26]
['4', ['SYSIN'], [5], 4, 14]
['5', [1, 2], [2, 13], 5, -6]
['6', [2, 3], [13, 26], 6, -89]
['7', [3, 4], [26, 14], 7, 144]
['8', [1], [2], 8, 4]
['9', [5, 6], [-6, -89], 9, 60]

TotalBuggyObservations:
10

BuggyObservations:
['1', ['SYSIN'], [0], 1, 0]
['2', ['SYSIN'], [9], 2, 17]
['3', ['SYSIN'], [2], 3, 15]
['4', ['SYSIN'], [5], 4, 14]
['5', [1, 2], [0, 17], 5, -14]
['6', [2, 3], [17, 15], 6, -41]
['7', [3, 4], [15, 14], 7, 100]
['8', [1], [0], 8, -1]
['9', [5, 6], [-14, -41], 9, -28]
['1', ['SYSIN'], [6], 1, 6]
['2', ['SYSIN'], [8], 2, 15]
['3', ['SYSIN'], [3], 3, 21]
['4', ['SYSIN'], [8], 4, 17]
['5', [1, 2], [6, 15], 5, 0]
['6', [2, 3], [15, 21], 6, -67]
['7', [3, 4], [21, 17], 7, 133]
['8', [1], [6], 8, 35]
['9', [5, 6], [0, -67], 9, 68]
['1', ['SYSIN'], [8], 1, 8]
['2', ['SYSIN'], [9], 2, 17]
['3', ['SYSIN'], [8], 3, 51]
['4', ['SYSIN'], [9], 4, 18]
['5', [1, 2], [8, 17], 5, 2]
['6', [2, 3], [17, 51], 6, -185]
['7', [3, 4], [51, 18], 7, 256]
['8', [1], [8], 8, 47]
['9', [5, 6], [2, -185], 9, 196]
['1', ['SYSIN'], [7], 1, 7]
['2', ['SYSIN'], [4], 2, 7]
['3', ['SYSIN'], [6], 3, 39]
['4', ['SYSIN'], [8], 4, 17]
['5', [1, 2], [7, 7], 5, 10]
['6', [2, 3], [7, 39], 6, -147]
['7', [3, 4], [39, 17], 7, 205]
['8', [1], [7], 8, 41]
['9', [5, 6], [10, -147], 9, 198]
['1', ['SYSIN'], [1], 1, 1]
['2', ['SYSIN'], [1], 2, 1]
['3', ['SYSIN'], [3], 3, 21]
['4', ['SYSIN'], [1], 4, 10]
['5', [1, 2], [1, 1], 5, 4]
['6', [2, 3], [1, 21], 6, -81]
['7', [3, 4], [21, 10], 7, 112]
['8', [1], [1], 8, 5]
['9', [5, 6], [4, -81], 9, 102]
['1', ['SYSIN'], [9], 1, 9]
['2', ['SYSIN'], [9], 2, 17]
['3', ['SYSIN'], [6], 3, 39]
['4', ['SYSIN'], [8], 4, 17]
['5', [1, 2], [9, 17], 5, 4]
['6', [2, 3], [17, 39], 6, -137]
['7', [3, 4], [39, 17], 7, 205]
['8', [1], [9], 8, 53]
['9', [5, 6], [4, -137], 9, 158]
['1', ['SYSIN'], [8], 1, 8]
['2', ['SYSIN'], [1], 2, 1]
['3', ['SYSIN'], [8], 3, 51]
['4', ['SYSIN'], [7], 4, 16]
['5', [1, 2], [8, 1], 5, 18]
['6', [2, 3], [1, 51], 6, -201]
['7', [3, 4], [51, 16], 7, 250]
['8', [1], [8], 8, 47]
['9', [5, 6], [18, -201], 9, 292]
['1', ['SYSIN'], [7], 1, 7]
['2', ['SYSIN'], [5], 2, 9]
['3', ['SYSIN'], [5], 3, 33]
['4', ['SYSIN'], [4], 4, 13]
['5', [1, 2], [7, 9], 5, 8]
['6', [2, 3], [9, 33], 6, -121]
['7', [3, 4], [33, 13], 7, 169]
['8', [1], [7], 8, 41]
['9', [5, 6], [8, -121], 9, 162]
['1', ['SYSIN'], [4], 1, 4]
['2', ['SYSIN'], [9], 2, 17]
['3', ['SYSIN'], [7], 3, 45]
['4', ['SYSIN'], [6], 4, 15]
['5', [1, 2], [4, 17], 5, -6]
['6', [2, 3], [17, 45], 6, -161]
['7', [3, 4], [45, 15], 7, 223]
['8', [1], [4], 8, 23]
['9', [5, 6], [-6, -161], 9, 132]
['1', ['SYSIN'], [6], 1, 6]
['2', ['SYSIN'], [7], 2, 13]
['3', ['SYSIN'], [5], 3, 33]
['4', ['SYSIN'], [9], 4, 18]
['5', [1, 2], [6, 13], 5, 2]
['6', [2, 3], [13, 33], 6, -117]
['7', [3, 4], [33, 18], 7, 184]
['8', [1], [6], 8, 35]
['9', [5, 6], [2, -117], 9, 128]

BuggyIds
3, 3, 8

MinRange:
0

MaxRange:
9
