Subsystems:
9
8
7
6
5
4
3
2
1

SYSINS:
1, 2, 3, 4

SYSOUTS:
9, 8, 7, 6, 5, 4, 3, 2, 1

TotalRegularObservations:
10

NormalObservations:
['1', ['SYSIN'], [1], 1, 1]
['2', ['SYSIN'], [6], 2, 11]
['3', ['SYSIN'], [2], 3, 8]
['4', ['SYSIN'], [0], 4, 9]
['5', [1, 2], [1, 11], 5, -6]
['6', [2, 3], [11, 8], 6, -19]
['7', [3, 4], [8, 9], 7, 57]
['8', [1], [1], 8, 1]
['9', [5, 6], [-6, -19], 9, -10]
['1', ['SYSIN'], [5], 1, 5]
['2', ['SYSIN'], [2], 2, 3]
['3', ['SYSIN'], [1], 3, 5]
['4', ['SYSIN'], [2], 4, 11]
['5', [1, 2], [5, 3], 5, 10]
['6', [2, 3], [3, 5], 6, -15]
['7', [3, 4], [5, 11], 7, 51]
['8', [1], [5], 8, 13]
['9', [5, 6], [10, -15], 9, 66]
['1', ['SYSIN'], [1], 1, 1]
['2', ['SYSIN'], [1], 2, 1]
['3', ['SYSIN'], [3], 3, 11]
['4', ['SYSIN'], [9], 4, 18]
['5', [1, 2], [1, 1], 5, 4]
['6', [2, 3], [1, 11], 6, -41]
['7', [3, 4], [11, 18], 7, 96]
['8', [1], [1], 8, 1]
['9', [5, 6], [4, -41], 9, 62]
['1', ['SYSIN'], [7], 1, 7]
['2', ['SYSIN'], [0], 2, -1]
['3', ['SYSIN'], [7], 3, 23]
['4', ['SYSIN'], [4], 4, 13]
['5', [1, 2], [7, -1], 5, 18]
['6', [2, 3], [-1, 23], 6, -91]
['7', [3, 4], [23, 13], 7, 129]
['8', [1], [7], 8, 19]
['9', [5, 6], [18, -91], 9, 182]
['1', ['SYSIN'], [7], 1, 7]
['2', ['SYSIN'], [8], 2, 15]
['3', ['SYSIN'], [8], 3, 26]
['4', ['SYSIN'], [7], 4, 16]
['5', [1, 2], [7, 15], 5, 2]
['6', [2, 3], [15, 26], 6, -87]
['7', [3, 4], [26, 16], 7, 150]
['8', [1], [7], 8, 19]
['9', [5, 6], [2, -87], 9, 98]
['1', ['SYSIN'], [4], 1, 4]
['2', ['SYSIN'], [1], 2, 1]
['3', ['SYSIN'], [4], 3, 14]
['4', ['SYSIN'], [5], 4, 14]
['5', [1, 2], [4, 1], 5, 10]
['6', [2, 3], [1, 14], 6, -53]
['7', [3, 4], [14, 14], 7, 96]
['8', [1], [4], 8, 10]
['9', [5, 6], [10, -53], 9, 104]
['1', ['SYSIN'], [8], 1, 8]
['2', ['SYSIN'], [1], 2, 1]
['3', ['SYSIN'], [9], 3, 29]
['4', ['SYSIN'], [3], 4, 12]
['5', [1, 2], [8, 1], 5, 18]
['6', [2, 3], [1, 29], 6, -113]
['7', [3, 4], [29, 12], 7, 150]
['8', [1], [8], 8, 22]
['9', [5, 6], [18, -113], 9, 204]
['1', ['SYSIN'], [2], 1, 2]
['2', ['SYSIN'], [6], 2, 11]
['3', ['SYSIN'], [1], 3, 5]
['4', ['SYSIN'], [6], 4, 15]
['5', [1, 2], [2, 11], 5, -4]
['6', [2, 3], [11, 5], 6, -7]
['7', [3, 4], [5, 15], 7, 63]
['8', [1], [2], 8, 4]
['9', [5, 6], [-4, -7], 9, -12]
['1', ['SYSIN'], [4], 1, 4]
['2', ['SYSIN'], [6], 2, 11]
['3', ['SYSIN'], [4], 3, 14]
['4', ['SYSIN'], [2], 4, 11]
['5', [1, 2], [4, 11], 5, 0]
['6', [2, 3], [11, 14], 6, -43]
['7', [3, 4], [14, 11], 7, 87]
['8', [1], [4], 8, 10]
['9', [5, 6], [0, -43], 9, 44]
['1', ['SYSIN'], [9], 1, 9]
['2', ['SYSIN'], [4], 2, 7]
['3', ['SYSIN'], [4], 3, 14]
['4', ['SYSIN'], [4], 4, 13]
['5', [1, 2], [9, 7], 5, 14]
['6', [2, 3], [7, 14], 6, -47]
['7', [3, 4], [14, 13], 7, 93]
['8', [1], [9], 8, 25]
['9', [5, 6], [14, -47], 9, 118]

TotalBuggyObservations:
10

BuggyObservations:
['1', ['SYSIN'], [6], 1, 6]
['2', ['SYSIN'], [5], 2, 9]
['3', ['SYSIN'], [9], 3, 29]
['4', ['SYSIN'], [1], 4, 10]
['5', [1, 2], [6, 9], 5, 10]
['6', [2, 3], [9, 29], 6, -211]
['7', [3, 4], [29, 10], 7, 144]
['8', [1], [6], 8, 16]
['9', [5, 6], [10, -211], 9, 262]
['1', ['SYSIN'], [5], 1, 5]
['2', ['SYSIN'], [8], 2, 15]
['3', ['SYSIN'], [9], 3, 29]
['4', ['SYSIN'], [1], 4, 10]
['5', [1, 2], [5, 15], 5, -6]
['6', [2, 3], [15, 29], 6, -199]
['7', [3, 4], [29, 10], 7, 144]
['8', [1], [5], 8, 13]
['9', [5, 6], [-6, -199], 9, 170]
['1', ['SYSIN'], [8], 1, 8]
['2', ['SYSIN'], [1], 2, 1]
['3', ['SYSIN'], [7], 3, 23]
['4', ['SYSIN'], [2], 4, 11]
['5', [1, 2], [8, 1], 5, 34]
['6', [2, 3], [1, 23], 6, -179]
['7', [3, 4], [23, 11], 7, 123]
['8', [1], [8], 8, 22]
['9', [5, 6], [34, -179], 9, 350]
['1', ['SYSIN'], [3], 1, 3]
['2', ['SYSIN'], [7], 2, 13]
['3', ['SYSIN'], [0], 3, 2]
['4', ['SYSIN'], [8], 4, 17]
['5', [1, 2], [3, 13], 5, -10]
['6', [2, 3], [13, 2], 6, 13]
['7', [3, 4], [2, 17], 7, 57]
['8', [1], [3], 8, 7]
['9', [5, 6], [-10, 13], 9, -62]
['1', ['SYSIN'], [6], 1, 6]
['2', ['SYSIN'], [3], 2, 5]
['3', ['SYSIN'], [3], 3, 11]
['4', ['SYSIN'], [4], 4, 13]
['5', [1, 2], [6, 5], 5, 18]
['6', [2, 3], [5, 11], 6, -75]
['7', [3, 4], [11, 13], 7, 81]
['8', [1], [6], 8, 16]
['9', [5, 6], [18, -75], 9, 166]
['1', ['SYSIN'], [5], 1, 5]
['2', ['SYSIN'], [2], 2, 3]
['3', ['SYSIN'], [7], 3, 23]
['4', ['SYSIN'], [1], 4, 10]
['5', [1, 2], [5, 3], 5, 18]
['6', [2, 3], [3, 23], 6, -175]
['7', [3, 4], [23, 10], 7, 120]
['8', [1], [5], 8, 13]
['9', [5, 6], [18, -175], 9, 266]
['1', ['SYSIN'], [8], 1, 8]
['2', ['SYSIN'], [6], 2, 11]
['3', ['SYSIN'], [5], 3, 17]
['4', ['SYSIN'], [8], 4, 17]
['5', [1, 2], [8, 11], 5, 14]
['6', [2, 3], [11, 17], 6, -111]
['7', [3, 4], [17, 17], 7, 117]
['8', [1], [8], 8, 22]
['9', [5, 6], [14, -111], 9, 182]
['1', ['SYSIN'], [1], 1, 1]
['2', ['SYSIN'], [3], 2, 5]
['3', ['SYSIN'], [6], 3, 20]
['4', ['SYSIN'], [2], 4, 11]
['5', [1, 2], [1, 5], 5, -2]
['6', [2, 3], [5, 20], 6, -147]
['7', [3, 4], [20, 11], 7, 111]
['8', [1], [1], 8, 1]
['9', [5, 6], [-2, -147], 9, 138]
['1', ['SYSIN'], [5], 1, 5]
['2', ['SYSIN'], [1], 2, 1]
['3', ['SYSIN'], [2], 3, 8]
['4', ['SYSIN'], [9], 4, 18]
['5', [1, 2], [5, 1], 5, 22]
['6', [2, 3], [1, 8], 6, -59]
['7', [3, 4], [8, 18], 7, 84]
['8', [1], [5], 8, 13]
['9', [5, 6], [22, -59], 9, 170]
['1', ['SYSIN'], [1], 1, 1]
['2', ['SYSIN'], [6], 2, 11]
['3', ['SYSIN'], [1], 3, 5]
['4', ['SYSIN'], [1], 4, 10]
['5', [1, 2], [1, 11], 5, -14]
['6', [2, 3], [11, 5], 6, -15]
['7', [3, 4], [5, 10], 7, 48]
['8', [1], [1], 8, 1]
['9', [5, 6], [-14, -15], 9, -54]

BuggyIds
5, 6

MinRange:
0

MaxRange:
9
