Subsystems:
9
8
7
6
5
4
3
2
1

SYSINS:
1, 2, 3, 4

SYSOUTS:
9, 8, 7, 6, 5, 4, 3, 2, 1

TotalRegularObservations:
250

NormalObservations:
['1', ['SYSIN'], [3], 1, 3]
['2', ['SYSIN'], [3], 2, 5]
['3', ['SYSIN'], [4], 3, 14]
['4', ['SYSIN'], [4], 4, 13]
['5', [1, 2], [3, 5], 5, 4]
['6', [2, 3], [5, 14], 6, -49]
['7', [3, 4], [14, 13], 7, 93]
['8', [1], [3], 8, 7]
['9', [5, 6], [4, -49], 9, 70]
['1', ['SYSIN'], [1], 1, 1]
['2', ['SYSIN'], [3], 2, 5]
['3', ['SYSIN'], [2], 3, 8]
['4', ['SYSIN'], [2], 4, 11]
['5', [1, 2], [1, 5], 5, 0]
['6', [2, 3], [5, 8], 6, -25]
['7', [3, 4], [8, 11], 7, 63]
['8', [1], [1], 8, 1]
['9', [5, 6], [0, -25], 9, 26]
['1', ['SYSIN'], [1], 1, 1]
['2', ['SYSIN'], [0], 2, -1]
['3', ['SYSIN'], [0], 3, 2]
['4', ['SYSIN'], [0], 4, 9]
['5', [1, 2], [1, -1], 5, 6]
['6', [2, 3], [-1, 2], 6, -7]
['7', [3, 4], [2, 9], 7, 33]
['8', [1], [1], 8, 1]
['9', [5, 6], [6, -7], 9, 38]
['1', ['SYSIN'], [0], 1, 0]
['2', ['SYSIN'], [0], 2, -1]
['3', ['SYSIN'], [0], 3, 2]
['4', ['SYSIN'], [0], 4, 9]
['5', [1, 2], [0, -1], 5, 4]
['6', [2, 3], [-1, 2], 6, -7]
['7', [3, 4], [2, 9], 7, 33]
['8', [1], [0], 8, -2]
['9', [5, 6], [4, -7], 9, 28]
['1', ['SYSIN'], [1], 1, 1]
['2', ['SYSIN'], [2], 2, 3]
['3', ['SYSIN'], [0], 3, 2]
['4', ['SYSIN'], [1], 4, 10]
['5', [1, 2], [1, 3], 5, 2]
['6', [2, 3], [3, 2], 6, -3]
['7', [3, 4], [2, 10], 7, 36]
['8', [1], [1], 8, 1]
['9', [5, 6], [2, -3], 9, 14]
['1', ['SYSIN'], [1], 1, 1]
['2', ['SYSIN'], [4], 2, 7]
['3', ['SYSIN'], [2], 3, 8]
['4', ['SYSIN'], [3], 4, 12]
['5', [1, 2], [1, 7], 5, -2]
['6', [2, 3], [7, 8], 6, -23]
['7', [3, 4], [8, 12], 7, 66]
['8', [1], [1], 8, 1]
['9', [5, 6], [-2, -23], 9, 14]
['1', ['SYSIN'], [3], 1, 3]
['2', ['SYSIN'], [3], 2, 5]
['3', ['SYSIN'], [3], 3, 11]
['4', ['SYSIN'], [4], 4, 13]
['5', [1, 2], [3, 5], 5, 4]
['6', [2, 3], [5, 11], 6, -37]
['7', [3, 4], [11, 13], 7, 81]
['8', [1], [3], 8, 7]
['9', [5, 6], [4, -37], 9, 58]
['1', ['SYSIN'], [2], 1, 2]
['2', ['SYSIN'], [2], 2, 3]
['3', ['SYSIN'], [1], 3, 5]
['4', ['SYSIN'], [1], 4, 10]
['5', [1, 2], [2, 3], 5, 4]
['6', [2, 3], [3, 5], 6, -15]
['7', [3, 4], [5, 10], 7, 48]
['8', [1], [2], 8, 4]
['9', [5, 6], [4, -15], 9, 36]
['1', ['SYSIN'], [0], 1, 0]
['2', ['SYSIN'], [1], 2, 1]
['3', ['SYSIN'], [4], 3, 14]
['4', ['SYSIN'], [1], 4, 10]
['5', [1, 2], [0, 1], 5, 2]
['6', [2, 3], [1, 14], 6, -53]
['7', [3, 4], [14, 10], 7, 84]
['8', [1], [0], 8, -2]
['9', [5, 6], [2, -53], 9, 64]
['1', ['SYSIN'], [0], 1, 0]
['2', ['SYSIN'], [4], 2, 7]
['3', ['SYSIN'], [3], 3, 11]
['4', ['SYSIN'], [4], 4, 13]
['5', [1, 2], [0, 7], 5, -4]
['6', [2, 3], [7, 11], 6, -35]
['7', [3, 4], [11, 13], 7, 81]
['8', [1], [0], 8, -2]
['9', [5, 6], [-4, -35], 9, 16]
['1', ['SYSIN'], [1], 1, 1]
['2', ['SYSIN'], [2], 2, 3]
['3', ['SYSIN'], [3], 3, 11]
['4', ['SYSIN'], [2], 4, 11]
['5', [1, 2], [1, 3], 5, 2]
['6', [2, 3], [3, 11], 6, -39]
['7', [3, 4], [11, 11], 7, 75]
['8', [1], [1], 8, 1]
['9', [5, 6], [2, -39], 9, 50]
['1', ['SYSIN'], [4], 1, 4]
['2', ['SYSIN'], [2], 2, 3]
['3', ['SYSIN'], [1], 3, 5]
['4', ['SYSIN'], [1], 4, 10]
['5', [1, 2], [4, 3], 5, 8]
['6', [2, 3], [3, 5], 6, -15]
['7', [3, 4], [5, 10], 7, 48]
['8', [1], [4], 8, 10]
['9', [5, 6], [8, -15], 9, 56]
['1', ['SYSIN'], [0], 1, 0]
['2', ['SYSIN'], [2], 2, 3]
['3', ['SYSIN'], [3], 3, 11]
['4', ['SYSIN'], [3], 4, 12]
['5', [1, 2], [0, 3], 5, 0]
['6', [2, 3], [3, 11], 6, -39]
['7', [3, 4], [11, 12], 7, 78]
['8', [1], [0], 8, -2]
['9', [5, 6], [0, -39], 9, 40]
['1', ['SYSIN'], [2], 1, 2]
['2', ['SYSIN'], [2], 2, 3]
['3', ['SYSIN'], [0], 3, 2]
['4', ['SYSIN'], [1], 4, 10]
['5', [1, 2], [2, 3], 5, 4]
['6', [2, 3], [3, 2], 6, -3]
['7', [3, 4], [2, 10], 7, 36]
['8', [1], [2], 8, 4]
['9', [5, 6], [4, -3], 9, 24]
['1', ['SYSIN'], [3], 1, 3]
['2', ['SYSIN'], [2], 2, 3]
['3', ['SYSIN'], [0], 3, 2]
['4', ['SYSIN'], [0], 4, 9]
['5', [1, 2], [3, 3], 5, 6]
['6', [2, 3], [3, 2], 6, -3]
['7', [3, 4], [2, 9], 7, 33]
['8', [1], [3], 8, 7]
['9', [5, 6], [6, -3], 9, 34]
['1', ['SYSIN'], [3], 1, 3]
['2', ['SYSIN'], [1], 2, 1]
['3', ['SYSIN'], [0], 3, 2]
['4', ['SYSIN'], [0], 4, 9]
['5', [1, 2], [3, 1], 5, 8]
['6', [2, 3], [1, 2], 6, -5]
['7', [3, 4], [2, 9], 7, 33]
['8', [1], [3], 8, 7]
['9', [5, 6], [8, -5], 9, 46]
['1', ['SYSIN'], [0], 1, 0]
['2', ['SYSIN'], [3], 2, 5]
['3', ['SYSIN'], [4], 3, 14]
['4', ['SYSIN'], [2], 4, 11]
['5', [1, 2], [0, 5], 5, -2]
['6', [2, 3], [5, 14], 6, -49]
['7', [3, 4], [14, 11], 7, 87]
['8', [1], [0], 8, -2]
['9', [5, 6], [-2, -49], 9, 40]
['1', ['SYSIN'], [4], 1, 4]
['2', ['SYSIN'], [2], 2, 3]
['3', ['SYSIN'], [1], 3, 5]
['4', ['SYSIN'], [1], 4, 10]
['5', [1, 2], [4, 3], 5, 8]
['6', [2, 3], [3, 5], 6, -15]
['7', [3, 4], [5, 10], 7, 48]
['8', [1], [4], 8, 10]
['9', [5, 6], [8, -15], 9, 56]
['1', ['SYSIN'], [4], 1, 4]
['2', ['SYSIN'], [4], 2, 7]
['3', ['SYSIN'], [0], 3, 2]
['4', ['SYSIN'], [1], 4, 10]
['5', [1, 2], [4, 7], 5, 4]
['6', [2, 3], [7, 2], 6, 1]
['7', [3, 4], [2, 10], 7, 36]
['8', [1], [4], 8, 10]
['9', [5, 6], [4, 1], 9, 20]
['1', ['SYSIN'], [4], 1, 4]
['2', ['SYSIN'], [1], 2, 1]
['3', ['SYSIN'], [1], 3, 5]
['4', ['SYSIN'], [4], 4, 13]
['5', [1, 2], [4, 1], 5, 10]
['6', [2, 3], [1, 5], 6, -17]
['7', [3, 4], [5, 13], 7, 57]
['8', [1], [4], 8, 10]
['9', [5, 6], [10, -17], 9, 68]
['1', ['SYSIN'], [4], 1, 4]
['2', ['SYSIN'], [1], 2, 1]
['3', ['SYSIN'], [1], 3, 5]
['4', ['SYSIN'], [1], 4, 10]
['5', [1, 2], [4, 1], 5, 10]
['6', [2, 3], [1, 5], 6, -17]
['7', [3, 4], [5, 10], 7, 48]
['8', [1], [4], 8, 10]
['9', [5, 6], [10, -17], 9, 68]
['1', ['SYSIN'], [3], 1, 3]
['2', ['SYSIN'], [2], 2, 3]
['3', ['SYSIN'], [4], 3, 14]
['4', ['SYSIN'], [0], 4, 9]
['5', [1, 2], [3, 3], 5, 6]
['6', [2, 3], [3, 14], 6, -51]
['7', [3, 4], [14, 9], 7, 81]
['8', [1], [3], 8, 7]
['9', [5, 6], [6, -51], 9, 82]
['1', ['SYSIN'], [3], 1, 3]
['2', ['SYSIN'], [0], 2, -1]
['3', ['SYSIN'], [4], 3, 14]
['4', ['SYSIN'], [0], 4, 9]
['5', [1, 2], [3, -1], 5, 10]
['6', [2, 3], [-1, 14], 6, -55]
['7', [3, 4], [14, 9], 7, 81]
['8', [1], [3], 8, 7]
['9', [5, 6], [10, -55], 9, 106]
['1', ['SYSIN'], [1], 1, 1]
['2', ['SYSIN'], [1], 2, 1]
['3', ['SYSIN'], [1], 3, 5]
['4', ['SYSIN'], [1], 4, 10]
['5', [1, 2], [1, 1], 5, 4]
['6', [2, 3], [1, 5], 6, -17]
['7', [3, 4], [5, 10], 7, 48]
['8', [1], [1], 8, 1]
['9', [5, 6], [4, -17], 9, 38]
['1', ['SYSIN'], [0], 1, 0]
['2', ['SYSIN'], [3], 2, 5]
['3', ['SYSIN'], [3], 3, 11]
['4', ['SYSIN'], [3], 4, 12]
['5', [1, 2], [0, 5], 5, -2]
['6', [2, 3], [5, 11], 6, -37]
['7', [3, 4], [11, 12], 7, 78]
['8', [1], [0], 8, -2]
['9', [5, 6], [-2, -37], 9, 28]
['1', ['SYSIN'], [0], 1, 0]
['2', ['SYSIN'], [2], 2, 3]
['3', ['SYSIN'], [4], 3, 14]
['4', ['SYSIN'], [1], 4, 10]
['5', [1, 2], [0, 3], 5, 0]
['6', [2, 3], [3, 14], 6, -51]
['7', [3, 4], [14, 10], 7, 84]
['8', [1], [0], 8, -2]
['9', [5, 6], [0, -51], 9, 52]
['1', ['SYSIN'], [2], 1, 2]
['2', ['SYSIN'], [0], 2, -1]
['3', ['SYSIN'], [0], 3, 2]
['4', ['SYSIN'], [4], 4, 13]
['5', [1, 2], [2, -1], 5, 8]
['6', [2, 3], [-1, 2], 6, -7]
['7', [3, 4], [2, 13], 7, 45]
['8', [1], [2], 8, 4]
['9', [5, 6], [8, -7], 9, 48]
['1', ['SYSIN'], [0], 1, 0]
['2', ['SYSIN'], [0], 2, -1]
['3', ['SYSIN'], [1], 3, 5]
['4', ['SYSIN'], [1], 4, 10]
['5', [1, 2], [0, -1], 5, 4]
['6', [2, 3], [-1, 5], 6, -19]
['7', [3, 4], [5, 10], 7, 48]
['8', [1], [0], 8, -2]
['9', [5, 6], [4, -19], 9, 40]
['1', ['SYSIN'], [0], 1, 0]
['2', ['SYSIN'], [4], 2, 7]
['3', ['SYSIN'], [2], 3, 8]
['4', ['SYSIN'], [2], 4, 11]
['5', [1, 2], [0, 7], 5, -4]
['6', [2, 3], [7, 8], 6, -23]
['7', [3, 4], [8, 11], 7, 63]
['8', [1], [0], 8, -2]
['9', [5, 6], [-4, -23], 9, 4]
['1', ['SYSIN'], [0], 1, 0]
['2', ['SYSIN'], [4], 2, 7]
['3', ['SYSIN'], [0], 3, 2]
['4', ['SYSIN'], [1], 4, 10]
['5', [1, 2], [0, 7], 5, -4]
['6', [2, 3], [7, 2], 6, 1]
['7', [3, 4], [2, 10], 7, 36]
['8', [1], [0], 8, -2]
['9', [5, 6], [-4, 1], 9, -20]
['1', ['SYSIN'], [3], 1, 3]
['2', ['SYSIN'], [0], 2, -1]
['3', ['SYSIN'], [0], 3, 2]
['4', ['SYSIN'], [2], 4, 11]
['5', [1, 2], [3, -1], 5, 10]
['6', [2, 3], [-1, 2], 6, -7]
['7', [3, 4], [2, 11], 7, 39]
['8', [1], [3], 8, 7]
['9', [5, 6], [10, -7], 9, 58]
['1', ['SYSIN'], [1], 1, 1]
['2', ['SYSIN'], [0], 2, -1]
['3', ['SYSIN'], [1], 3, 5]
['4', ['SYSIN'], [4], 4, 13]
['5', [1, 2], [1, -1], 5, 6]
['6', [2, 3], [-1, 5], 6, -19]
['7', [3, 4], [5, 13], 7, 57]
['8', [1], [1], 8, 1]
['9', [5, 6], [6, -19], 9, 50]
['1', ['SYSIN'], [1], 1, 1]
['2', ['SYSIN'], [2], 2, 3]
['3', ['SYSIN'], [0], 3, 2]
['4', ['SYSIN'], [1], 4, 10]
['5', [1, 2], [1, 3], 5, 2]
['6', [2, 3], [3, 2], 6, -3]
['7', [3, 4], [2, 10], 7, 36]
['8', [1], [1], 8, 1]
['9', [5, 6], [2, -3], 9, 14]
['1', ['SYSIN'], [2], 1, 2]
['2', ['SYSIN'], [3], 2, 5]
['3', ['SYSIN'], [0], 3, 2]
['4', ['SYSIN'], [3], 4, 12]
['5', [1, 2], [2, 5], 5, 2]
['6', [2, 3], [5, 2], 6, -1]
['7', [3, 4], [2, 12], 7, 42]
['8', [1], [2], 8, 4]
['9', [5, 6], [2, -1], 9, 12]
['1', ['SYSIN'], [1], 1, 1]
['2', ['SYSIN'], [4], 2, 7]
['3', ['SYSIN'], [0], 3, 2]
['4', ['SYSIN'], [1], 4, 10]
['5', [1, 2], [1, 7], 5, -2]
['6', [2, 3], [7, 2], 6, 1]
['7', [3, 4], [2, 10], 7, 36]
['8', [1], [1], 8, 1]
['9', [5, 6], [-2, 1], 9, -10]
['1', ['SYSIN'], [2], 1, 2]
['2', ['SYSIN'], [2], 2, 3]
['3', ['SYSIN'], [0], 3, 2]
['4', ['SYSIN'], [4], 4, 13]
['5', [1, 2], [2, 3], 5, 4]
['6', [2, 3], [3, 2], 6, -3]
['7', [3, 4], [2, 13], 7, 45]
['8', [1], [2], 8, 4]
['9', [5, 6], [4, -3], 9, 24]
['1', ['SYSIN'], [3], 1, 3]
['2', ['SYSIN'], [2], 2, 3]
['3', ['SYSIN'], [2], 3, 8]
['4', ['SYSIN'], [0], 4, 9]
['5', [1, 2], [3, 3], 5, 6]
['6', [2, 3], [3, 8], 6, -27]
['7', [3, 4], [8, 9], 7, 57]
['8', [1], [3], 8, 7]
['9', [5, 6], [6, -27], 9, 58]
['1', ['SYSIN'], [3], 1, 3]
['2', ['SYSIN'], [2], 2, 3]
['3', ['SYSIN'], [4], 3, 14]
['4', ['SYSIN'], [2], 4, 11]
['5', [1, 2], [3, 3], 5, 6]
['6', [2, 3], [3, 14], 6, -51]
['7', [3, 4], [14, 11], 7, 87]
['8', [1], [3], 8, 7]
['9', [5, 6], [6, -51], 9, 82]
['1', ['SYSIN'], [1], 1, 1]
['2', ['SYSIN'], [4], 2, 7]
['3', ['SYSIN'], [2], 3, 8]
['4', ['SYSIN'], [2], 4, 11]
['5', [1, 2], [1, 7], 5, -2]
['6', [2, 3], [7, 8], 6, -23]
['7', [3, 4], [8, 11], 7, 63]
['8', [1], [1], 8, 1]
['9', [5, 6], [-2, -23], 9, 14]
['1', ['SYSIN'], [2], 1, 2]
['2', ['SYSIN'], [2], 2, 3]
['3', ['SYSIN'], [1], 3, 5]
['4', ['SYSIN'], [0], 4, 9]
['5', [1, 2], [2, 3], 5, 4]
['6', [2, 3], [3, 5], 6, -15]
['7', [3, 4], [5, 9], 7, 45]
['8', [1], [2], 8, 4]
['9', [5, 6], [4, -15], 9, 36]
['1', ['SYSIN'], [1], 1, 1]
['2', ['SYSIN'], [4], 2, 7]
['3', ['SYSIN'], [0], 3, 2]
['4', ['SYSIN'], [1], 4, 10]
['5', [1, 2], [1, 7], 5, -2]
['6', [2, 3], [7, 2], 6, 1]
['7', [3, 4], [2, 10], 7, 36]
['8', [1], [1], 8, 1]
['9', [5, 6], [-2, 1], 9, -10]
['1', ['SYSIN'], [3], 1, 3]
['2', ['SYSIN'], [3], 2, 5]
['3', ['SYSIN'], [1], 3, 5]
['4', ['SYSIN'], [1], 4, 10]
['5', [1, 2], [3, 5], 5, 4]
['6', [2, 3], [5, 5], 6, -13]
['7', [3, 4], [5, 10], 7, 48]
['8', [1], [3], 8, 7]
['9', [5, 6], [4, -13], 9, 34]
['1', ['SYSIN'], [1], 1, 1]
['2', ['SYSIN'], [4], 2, 7]
['3', ['SYSIN'], [4], 3, 14]
['4', ['SYSIN'], [2], 4, 11]
['5', [1, 2], [1, 7], 5, -2]
['6', [2, 3], [7, 14], 6, -47]
['7', [3, 4], [14, 11], 7, 87]
['8', [1], [1], 8, 1]
['9', [5, 6], [-2, -47], 9, 38]
['1', ['SYSIN'], [1], 1, 1]
['2', ['SYSIN'], [0], 2, -1]
['3', ['SYSIN'], [1], 3, 5]
['4', ['SYSIN'], [2], 4, 11]
['5', [1, 2], [1, -1], 5, 6]
['6', [2, 3], [-1, 5], 6, -19]
['7', [3, 4], [5, 11], 7, 51]
['8', [1], [1], 8, 1]
['9', [5, 6], [6, -19], 9, 50]
['1', ['SYSIN'], [2], 1, 2]
['2', ['SYSIN'], [0], 2, -1]
['3', ['SYSIN'], [2], 3, 8]
['4', ['SYSIN'], [2], 4, 11]
['5', [1, 2], [2, -1], 5, 8]
['6', [2, 3], [-1, 8], 6, -31]
['7', [3, 4], [8, 11], 7, 63]
['8', [1], [2], 8, 4]
['9', [5, 6], [8, -31], 9, 72]
['1', ['SYSIN'], [3], 1, 3]
['2', ['SYSIN'], [2], 2, 3]
['3', ['SYSIN'], [2], 3, 8]
['4', ['SYSIN'], [3], 4, 12]
['5', [1, 2], [3, 3], 5, 6]
['6', [2, 3], [3, 8], 6, -27]
['7', [3, 4], [8, 12], 7, 66]
['8', [1], [3], 8, 7]
['9', [5, 6], [6, -27], 9, 58]
['1', ['SYSIN'], [0], 1, 0]
['2', ['SYSIN'], [4], 2, 7]
['3', ['SYSIN'], [2], 3, 8]
['4', ['SYSIN'], [2], 4, 11]
['5', [1, 2], [0, 7], 5, -4]
['6', [2, 3], [7, 8], 6, -23]
['7', [3, 4], [8, 11], 7, 63]
['8', [1], [0], 8, -2]
['9', [5, 6], [-4, -23], 9, 4]
['1', ['SYSIN'], [3], 1, 3]
['2', ['SYSIN'], [3], 2, 5]
['3', ['SYSIN'], [2], 3, 8]
['4', ['SYSIN'], [2], 4, 11]
['5', [1, 2], [3, 5], 5, 4]
['6', [2, 3], [5, 8], 6, -25]
['7', [3, 4], [8, 11], 7, 63]
['8', [1], [3], 8, 7]
['9', [5, 6], [4, -25], 9, 46]
['1', ['SYSIN'], [0], 1, 0]
['2', ['SYSIN'], [2], 2, 3]
['3', ['SYSIN'], [3], 3, 11]
['4', ['SYSIN'], [0], 4, 9]
['5', [1, 2], [0, 3], 5, 0]
['6', [2, 3], [3, 11], 6, -39]
['7', [3, 4], [11, 9], 7, 69]
['8', [1], [0], 8, -2]
['9', [5, 6], [0, -39], 9, 40]
['1', ['SYSIN'], [4], 1, 4]
['2', ['SYSIN'], [2], 2, 3]
['3', ['SYSIN'], [3], 3, 11]
['4', ['SYSIN'], [1], 4, 10]
['5', [1, 2], [4, 3], 5, 8]
['6', [2, 3], [3, 11], 6, -39]
['7', [3, 4], [11, 10], 7, 72]
['8', [1], [4], 8, 10]
['9', [5, 6], [8, -39], 9, 80]
['1', ['SYSIN'], [4], 1, 4]
['2', ['SYSIN'], [0], 2, -1]
['3', ['SYSIN'], [4], 3, 14]
['4', ['SYSIN'], [2], 4, 11]
['5', [1, 2], [4, -1], 5, 12]
['6', [2, 3], [-1, 14], 6, -55]
['7', [3, 4], [14, 11], 7, 87]
['8', [1], [4], 8, 10]
['9', [5, 6], [12, -55], 9, 116]
['1', ['SYSIN'], [2], 1, 2]
['2', ['SYSIN'], [1], 2, 1]
['3', ['SYSIN'], [0], 3, 2]
['4', ['SYSIN'], [2], 4, 11]
['5', [1, 2], [2, 1], 5, 6]
['6', [2, 3], [1, 2], 6, -5]
['7', [3, 4], [2, 11], 7, 39]
['8', [1], [2], 8, 4]
['9', [5, 6], [6, -5], 9, 36]
['1', ['SYSIN'], [3], 1, 3]
['2', ['SYSIN'], [0], 2, -1]
['3', ['SYSIN'], [4], 3, 14]
['4', ['SYSIN'], [0], 4, 9]
['5', [1, 2], [3, -1], 5, 10]
['6', [2, 3], [-1, 14], 6, -55]
['7', [3, 4], [14, 9], 7, 81]
['8', [1], [3], 8, 7]
['9', [5, 6], [10, -55], 9, 106]
['1', ['SYSIN'], [3], 1, 3]
['2', ['SYSIN'], [2], 2, 3]
['3', ['SYSIN'], [0], 3, 2]
['4', ['SYSIN'], [0], 4, 9]
['5', [1, 2], [3, 3], 5, 6]
['6', [2, 3], [3, 2], 6, -3]
['7', [3, 4], [2, 9], 7, 33]
['8', [1], [3], 8, 7]
['9', [5, 6], [6, -3], 9, 34]
['1', ['SYSIN'], [3], 1, 3]
['2', ['SYSIN'], [3], 2, 5]
['3', ['SYSIN'], [4], 3, 14]
['4', ['SYSIN'], [1], 4, 10]
['5', [1, 2], [3, 5], 5, 4]
['6', [2, 3], [5, 14], 6, -49]
['7', [3, 4], [14, 10], 7, 84]
['8', [1], [3], 8, 7]
['9', [5, 6], [4, -49], 9, 70]
['1', ['SYSIN'], [4], 1, 4]
['2', ['SYSIN'], [2], 2, 3]
['3', ['SYSIN'], [3], 3, 11]
['4', ['SYSIN'], [1], 4, 10]
['5', [1, 2], [4, 3], 5, 8]
['6', [2, 3], [3, 11], 6, -39]
['7', [3, 4], [11, 10], 7, 72]
['8', [1], [4], 8, 10]
['9', [5, 6], [8, -39], 9, 80]
['1', ['SYSIN'], [1], 1, 1]
['2', ['SYSIN'], [0], 2, -1]
['3', ['SYSIN'], [0], 3, 2]
['4', ['SYSIN'], [0], 4, 9]
['5', [1, 2], [1, -1], 5, 6]
['6', [2, 3], [-1, 2], 6, -7]
['7', [3, 4], [2, 9], 7, 33]
['8', [1], [1], 8, 1]
['9', [5, 6], [6, -7], 9, 38]
['1', ['SYSIN'], [3], 1, 3]
['2', ['SYSIN'], [4], 2, 7]
['3', ['SYSIN'], [0], 3, 2]
['4', ['SYSIN'], [1], 4, 10]
['5', [1, 2], [3, 7], 5, 2]
['6', [2, 3], [7, 2], 6, 1]
['7', [3, 4], [2, 10], 7, 36]
['8', [1], [3], 8, 7]
['9', [5, 6], [2, 1], 9, 10]
['1', ['SYSIN'], [1], 1, 1]
['2', ['SYSIN'], [3], 2, 5]
['3', ['SYSIN'], [0], 3, 2]
['4', ['SYSIN'], [2], 4, 11]
['5', [1, 2], [1, 5], 5, 0]
['6', [2, 3], [5, 2], 6, -1]
['7', [3, 4], [2, 11], 7, 39]
['8', [1], [1], 8, 1]
['9', [5, 6], [0, -1], 9, 2]
['1', ['SYSIN'], [3], 1, 3]
['2', ['SYSIN'], [1], 2, 1]
['3', ['SYSIN'], [1], 3, 5]
['4', ['SYSIN'], [1], 4, 10]
['5', [1, 2], [3, 1], 5, 8]
['6', [2, 3], [1, 5], 6, -17]
['7', [3, 4], [5, 10], 7, 48]
['8', [1], [3], 8, 7]
['9', [5, 6], [8, -17], 9, 58]
['1', ['SYSIN'], [2], 1, 2]
['2', ['SYSIN'], [1], 2, 1]
['3', ['SYSIN'], [0], 3, 2]
['4', ['SYSIN'], [2], 4, 11]
['5', [1, 2], [2, 1], 5, 6]
['6', [2, 3], [1, 2], 6, -5]
['7', [3, 4], [2, 11], 7, 39]
['8', [1], [2], 8, 4]
['9', [5, 6], [6, -5], 9, 36]
['1', ['SYSIN'], [3], 1, 3]
['2', ['SYSIN'], [3], 2, 5]
['3', ['SYSIN'], [0], 3, 2]
['4', ['SYSIN'], [4], 4, 13]
['5', [1, 2], [3, 5], 5, 4]
['6', [2, 3], [5, 2], 6, -1]
['7', [3, 4], [2, 13], 7, 45]
['8', [1], [3], 8, 7]
['9', [5, 6], [4, -1], 9, 22]
['1', ['SYSIN'], [4], 1, 4]
['2', ['SYSIN'], [3], 2, 5]
['3', ['SYSIN'], [4], 3, 14]
['4', ['SYSIN'], [1], 4, 10]
['5', [1, 2], [4, 5], 5, 6]
['6', [2, 3], [5, 14], 6, -49]
['7', [3, 4], [14, 10], 7, 84]
['8', [1], [4], 8, 10]
['9', [5, 6], [6, -49], 9, 80]
['1', ['SYSIN'], [4], 1, 4]
['2', ['SYSIN'], [4], 2, 7]
['3', ['SYSIN'], [0], 3, 2]
['4', ['SYSIN'], [0], 4, 9]
['5', [1, 2], [4, 7], 5, 4]
['6', [2, 3], [7, 2], 6, 1]
['7', [3, 4], [2, 9], 7, 33]
['8', [1], [4], 8, 10]
['9', [5, 6], [4, 1], 9, 20]
['1', ['SYSIN'], [0], 1, 0]
['2', ['SYSIN'], [1], 2, 1]
['3', ['SYSIN'], [0], 3, 2]
['4', ['SYSIN'], [2], 4, 11]
['5', [1, 2], [0, 1], 5, 2]
['6', [2, 3], [1, 2], 6, -5]
['7', [3, 4], [2, 11], 7, 39]
['8', [1], [0], 8, -2]
['9', [5, 6], [2, -5], 9, 16]
['1', ['SYSIN'], [2], 1, 2]
['2', ['SYSIN'], [3], 2, 5]
['3', ['SYSIN'], [0], 3, 2]
['4', ['SYSIN'], [2], 4, 11]
['5', [1, 2], [2, 5], 5, 2]
['6', [2, 3], [5, 2], 6, -1]
['7', [3, 4], [2, 11], 7, 39]
['8', [1], [2], 8, 4]
['9', [5, 6], [2, -1], 9, 12]
['1', ['SYSIN'], [3], 1, 3]
['2', ['SYSIN'], [0], 2, -1]
['3', ['SYSIN'], [1], 3, 5]
['4', ['SYSIN'], [0], 4, 9]
['5', [1, 2], [3, -1], 5, 10]
['6', [2, 3], [-1, 5], 6, -19]
['7', [3, 4], [5, 9], 7, 45]
['8', [1], [3], 8, 7]
['9', [5, 6], [10, -19], 9, 70]
['1', ['SYSIN'], [1], 1, 1]
['2', ['SYSIN'], [4], 2, 7]
['3', ['SYSIN'], [0], 3, 2]
['4', ['SYSIN'], [4], 4, 13]
['5', [1, 2], [1, 7], 5, -2]
['6', [2, 3], [7, 2], 6, 1]
['7', [3, 4], [2, 13], 7, 45]
['8', [1], [1], 8, 1]
['9', [5, 6], [-2, 1], 9, -10]
['1', ['SYSIN'], [0], 1, 0]
['2', ['SYSIN'], [0], 2, -1]
['3', ['SYSIN'], [4], 3, 14]
['4', ['SYSIN'], [3], 4, 12]
['5', [1, 2], [0, -1], 5, 4]
['6', [2, 3], [-1, 14], 6, -55]
['7', [3, 4], [14, 12], 7, 90]
['8', [1], [0], 8, -2]
['9', [5, 6], [4, -55], 9, 76]
['1', ['SYSIN'], [3], 1, 3]
['2', ['SYSIN'], [3], 2, 5]
['3', ['SYSIN'], [2], 3, 8]
['4', ['SYSIN'], [1], 4, 10]
['5', [1, 2], [3, 5], 5, 4]
['6', [2, 3], [5, 8], 6, -25]
['7', [3, 4], [8, 10], 7, 60]
['8', [1], [3], 8, 7]
['9', [5, 6], [4, -25], 9, 46]
['1', ['SYSIN'], [1], 1, 1]
['2', ['SYSIN'], [4], 2, 7]
['3', ['SYSIN'], [0], 3, 2]
['4', ['SYSIN'], [0], 4, 9]
['5', [1, 2], [1, 7], 5, -2]
['6', [2, 3], [7, 2], 6, 1]
['7', [3, 4], [2, 9], 7, 33]
['8', [1], [1], 8, 1]
['9', [5, 6], [-2, 1], 9, -10]
['1', ['SYSIN'], [1], 1, 1]
['2', ['SYSIN'], [2], 2, 3]
['3', ['SYSIN'], [0], 3, 2]
['4', ['SYSIN'], [4], 4, 13]
['5', [1, 2], [1, 3], 5, 2]
['6', [2, 3], [3, 2], 6, -3]
['7', [3, 4], [2, 13], 7, 45]
['8', [1], [1], 8, 1]
['9', [5, 6], [2, -3], 9, 14]
['1', ['SYSIN'], [0], 1, 0]
['2', ['SYSIN'], [2], 2, 3]
['3', ['SYSIN'], [3], 3, 11]
['4', ['SYSIN'], [0], 4, 9]
['5', [1, 2], [0, 3], 5, 0]
['6', [2, 3], [3, 11], 6, -39]
['7', [3, 4], [11, 9], 7, 69]
['8', [1], [0], 8, -2]
['9', [5, 6], [0, -39], 9, 40]
['1', ['SYSIN'], [3], 1, 3]
['2', ['SYSIN'], [0], 2, -1]
['3', ['SYSIN'], [4], 3, 14]
['4', ['SYSIN'], [1], 4, 10]
['5', [1, 2], [3, -1], 5, 10]
['6', [2, 3], [-1, 14], 6, -55]
['7', [3, 4], [14, 10], 7, 84]
['8', [1], [3], 8, 7]
['9', [5, 6], [10, -55], 9, 106]
['1', ['SYSIN'], [2], 1, 2]
['2', ['SYSIN'], [0], 2, -1]
['3', ['SYSIN'], [3], 3, 11]
['4', ['SYSIN'], [3], 4, 12]
['5', [1, 2], [2, -1], 5, 8]
['6', [2, 3], [-1, 11], 6, -43]
['7', [3, 4], [11, 12], 7, 78]
['8', [1], [2], 8, 4]
['9', [5, 6], [8, -43], 9, 84]
['1', ['SYSIN'], [3], 1, 3]
['2', ['SYSIN'], [1], 2, 1]
['3', ['SYSIN'], [2], 3, 8]
['4', ['SYSIN'], [0], 4, 9]
['5', [1, 2], [3, 1], 5, 8]
['6', [2, 3], [1, 8], 6, -29]
['7', [3, 4], [8, 9], 7, 57]
['8', [1], [3], 8, 7]
['9', [5, 6], [8, -29], 9, 70]
['1', ['SYSIN'], [3], 1, 3]
['2', ['SYSIN'], [3], 2, 5]
['3', ['SYSIN'], [3], 3, 11]
['4', ['SYSIN'], [0], 4, 9]
['5', [1, 2], [3, 5], 5, 4]
['6', [2, 3], [5, 11], 6, -37]
['7', [3, 4], [11, 9], 7, 69]
['8', [1], [3], 8, 7]
['9', [5, 6], [4, -37], 9, 58]
['1', ['SYSIN'], [1], 1, 1]
['2', ['SYSIN'], [3], 2, 5]
['3', ['SYSIN'], [0], 3, 2]
['4', ['SYSIN'], [4], 4, 13]
['5', [1, 2], [1, 5], 5, 0]
['6', [2, 3], [5, 2], 6, -1]
['7', [3, 4], [2, 13], 7, 45]
['8', [1], [1], 8, 1]
['9', [5, 6], [0, -1], 9, 2]
['1', ['SYSIN'], [0], 1, 0]
['2', ['SYSIN'], [2], 2, 3]
['3', ['SYSIN'], [2], 3, 8]
['4', ['SYSIN'], [1], 4, 10]
['5', [1, 2], [0, 3], 5, 0]
['6', [2, 3], [3, 8], 6, -27]
['7', [3, 4], [8, 10], 7, 60]
['8', [1], [0], 8, -2]
['9', [5, 6], [0, -27], 9, 28]
['1', ['SYSIN'], [3], 1, 3]
['2', ['SYSIN'], [2], 2, 3]
['3', ['SYSIN'], [0], 3, 2]
['4', ['SYSIN'], [3], 4, 12]
['5', [1, 2], [3, 3], 5, 6]
['6', [2, 3], [3, 2], 6, -3]
['7', [3, 4], [2, 12], 7, 42]
['8', [1], [3], 8, 7]
['9', [5, 6], [6, -3], 9, 34]
['1', ['SYSIN'], [3], 1, 3]
['2', ['SYSIN'], [1], 2, 1]
['3', ['SYSIN'], [4], 3, 14]
['4', ['SYSIN'], [4], 4, 13]
['5', [1, 2], [3, 1], 5, 8]
['6', [2, 3], [1, 14], 6, -53]
['7', [3, 4], [14, 13], 7, 93]
['8', [1], [3], 8, 7]
['9', [5, 6], [8, -53], 9, 94]
['1', ['SYSIN'], [3], 1, 3]
['2', ['SYSIN'], [2], 2, 3]
['3', ['SYSIN'], [1], 3, 5]
['4', ['SYSIN'], [2], 4, 11]
['5', [1, 2], [3, 3], 5, 6]
['6', [2, 3], [3, 5], 6, -15]
['7', [3, 4], [5, 11], 7, 51]
['8', [1], [3], 8, 7]
['9', [5, 6], [6, -15], 9, 46]
['1', ['SYSIN'], [0], 1, 0]
['2', ['SYSIN'], [4], 2, 7]
['3', ['SYSIN'], [4], 3, 14]
['4', ['SYSIN'], [3], 4, 12]
['5', [1, 2], [0, 7], 5, -4]
['6', [2, 3], [7, 14], 6, -47]
['7', [3, 4], [14, 12], 7, 90]
['8', [1], [0], 8, -2]
['9', [5, 6], [-4, -47], 9, 28]
['1', ['SYSIN'], [1], 1, 1]
['2', ['SYSIN'], [1], 2, 1]
['3', ['SYSIN'], [3], 3, 11]
['4', ['SYSIN'], [1], 4, 10]
['5', [1, 2], [1, 1], 5, 4]
['6', [2, 3], [1, 11], 6, -41]
['7', [3, 4], [11, 10], 7, 72]
['8', [1], [1], 8, 1]
['9', [5, 6], [4, -41], 9, 62]
['1', ['SYSIN'], [0], 1, 0]
['2', ['SYSIN'], [0], 2, -1]
['3', ['SYSIN'], [0], 3, 2]
['4', ['SYSIN'], [1], 4, 10]
['5', [1, 2], [0, -1], 5, 4]
['6', [2, 3], [-1, 2], 6, -7]
['7', [3, 4], [2, 10], 7, 36]
['8', [1], [0], 8, -2]
['9', [5, 6], [4, -7], 9, 28]
['1', ['SYSIN'], [4], 1, 4]
['2', ['SYSIN'], [4], 2, 7]
['3', ['SYSIN'], [4], 3, 14]
['4', ['SYSIN'], [4], 4, 13]
['5', [1, 2], [4, 7], 5, 4]
['6', [2, 3], [7, 14], 6, -47]
['7', [3, 4], [14, 13], 7, 93]
['8', [1], [4], 8, 10]
['9', [5, 6], [4, -47], 9, 68]
['1', ['SYSIN'], [1], 1, 1]
['2', ['SYSIN'], [0], 2, -1]
['3', ['SYSIN'], [4], 3, 14]
['4', ['SYSIN'], [3], 4, 12]
['5', [1, 2], [1, -1], 5, 6]
['6', [2, 3], [-1, 14], 6, -55]
['7', [3, 4], [14, 12], 7, 90]
['8', [1], [1], 8, 1]
['9', [5, 6], [6, -55], 9, 86]
['1', ['SYSIN'], [4], 1, 4]
['2', ['SYSIN'], [2], 2, 3]
['3', ['SYSIN'], [2], 3, 8]
['4', ['SYSIN'], [4], 4, 13]
['5', [1, 2], [4, 3], 5, 8]
['6', [2, 3], [3, 8], 6, -27]
['7', [3, 4], [8, 13], 7, 69]
['8', [1], [4], 8, 10]
['9', [5, 6], [8, -27], 9, 68]
['1', ['SYSIN'], [0], 1, 0]
['2', ['SYSIN'], [4], 2, 7]
['3', ['SYSIN'], [1], 3, 5]
['4', ['SYSIN'], [1], 4, 10]
['5', [1, 2], [0, 7], 5, -4]
['6', [2, 3], [7, 5], 6, -11]
['7', [3, 4], [5, 10], 7, 48]
['8', [1], [0], 8, -2]
['9', [5, 6], [-4, -11], 9, -8]
['1', ['SYSIN'], [1], 1, 1]
['2', ['SYSIN'], [0], 2, -1]
['3', ['SYSIN'], [4], 3, 14]
['4', ['SYSIN'], [1], 4, 10]
['5', [1, 2], [1, -1], 5, 6]
['6', [2, 3], [-1, 14], 6, -55]
['7', [3, 4], [14, 10], 7, 84]
['8', [1], [1], 8, 1]
['9', [5, 6], [6, -55], 9, 86]
['1', ['SYSIN'], [1], 1, 1]
['2', ['SYSIN'], [0], 2, -1]
['3', ['SYSIN'], [4], 3, 14]
['4', ['SYSIN'], [4], 4, 13]
['5', [1, 2], [1, -1], 5, 6]
['6', [2, 3], [-1, 14], 6, -55]
['7', [3, 4], [14, 13], 7, 93]
['8', [1], [1], 8, 1]
['9', [5, 6], [6, -55], 9, 86]
['1', ['SYSIN'], [4], 1, 4]
['2', ['SYSIN'], [2], 2, 3]
['3', ['SYSIN'], [0], 3, 2]
['4', ['SYSIN'], [4], 4, 13]
['5', [1, 2], [4, 3], 5, 8]
['6', [2, 3], [3, 2], 6, -3]
['7', [3, 4], [2, 13], 7, 45]
['8', [1], [4], 8, 10]
['9', [5, 6], [8, -3], 9, 44]
['1', ['SYSIN'], [2], 1, 2]
['2', ['SYSIN'], [3], 2, 5]
['3', ['SYSIN'], [0], 3, 2]
['4', ['SYSIN'], [2], 4, 11]
['5', [1, 2], [2, 5], 5, 2]
['6', [2, 3], [5, 2], 6, -1]
['7', [3, 4], [2, 11], 7, 39]
['8', [1], [2], 8, 4]
['9', [5, 6], [2, -1], 9, 12]
['1', ['SYSIN'], [4], 1, 4]
['2', ['SYSIN'], [3], 2, 5]
['3', ['SYSIN'], [1], 3, 5]
['4', ['SYSIN'], [3], 4, 12]
['5', [1, 2], [4, 5], 5, 6]
['6', [2, 3], [5, 5], 6, -13]
['7', [3, 4], [5, 12], 7, 54]
['8', [1], [4], 8, 10]
['9', [5, 6], [6, -13], 9, 44]
['1', ['SYSIN'], [2], 1, 2]
['2', ['SYSIN'], [4], 2, 7]
['3', ['SYSIN'], [3], 3, 11]
['4', ['SYSIN'], [4], 4, 13]
['5', [1, 2], [2, 7], 5, 0]
['6', [2, 3], [7, 11], 6, -35]
['7', [3, 4], [11, 13], 7, 81]
['8', [1], [2], 8, 4]
['9', [5, 6], [0, -35], 9, 36]
['1', ['SYSIN'], [4], 1, 4]
['2', ['SYSIN'], [1], 2, 1]
['3', ['SYSIN'], [2], 3, 8]
['4', ['SYSIN'], [0], 4, 9]
['5', [1, 2], [4, 1], 5, 10]
['6', [2, 3], [1, 8], 6, -29]
['7', [3, 4], [8, 9], 7, 57]
['8', [1], [4], 8, 10]
['9', [5, 6], [10, -29], 9, 80]
['1', ['SYSIN'], [0], 1, 0]
['2', ['SYSIN'], [4], 2, 7]
['3', ['SYSIN'], [2], 3, 8]
['4', ['SYSIN'], [1], 4, 10]
['5', [1, 2], [0, 7], 5, -4]
['6', [2, 3], [7, 8], 6, -23]
['7', [3, 4], [8, 10], 7, 60]
['8', [1], [0], 8, -2]
['9', [5, 6], [-4, -23], 9, 4]
['1', ['SYSIN'], [3], 1, 3]
['2', ['SYSIN'], [4], 2, 7]
['3', ['SYSIN'], [2], 3, 8]
['4', ['SYSIN'], [2], 4, 11]
['5', [1, 2], [3, 7], 5, 2]
['6', [2, 3], [7, 8], 6, -23]
['7', [3, 4], [8, 11], 7, 63]
['8', [1], [3], 8, 7]
['9', [5, 6], [2, -23], 9, 34]
['1', ['SYSIN'], [3], 1, 3]
['2', ['SYSIN'], [3], 2, 5]
['3', ['SYSIN'], [0], 3, 2]
['4', ['SYSIN'], [3], 4, 12]
['5', [1, 2], [3, 5], 5, 4]
['6', [2, 3], [5, 2], 6, -1]
['7', [3, 4], [2, 12], 7, 42]
['8', [1], [3], 8, 7]
['9', [5, 6], [4, -1], 9, 22]
['1', ['SYSIN'], [2], 1, 2]
['2', ['SYSIN'], [3], 2, 5]
['3', ['SYSIN'], [0], 3, 2]
['4', ['SYSIN'], [3], 4, 12]
['5', [1, 2], [2, 5], 5, 2]
['6', [2, 3], [5, 2], 6, -1]
['7', [3, 4], [2, 12], 7, 42]
['8', [1], [2], 8, 4]
['9', [5, 6], [2, -1], 9, 12]
['1', ['SYSIN'], [0], 1, 0]
['2', ['SYSIN'], [4], 2, 7]
['3', ['SYSIN'], [2], 3, 8]
['4', ['SYSIN'], [3], 4, 12]
['5', [1, 2], [0, 7], 5, -4]
['6', [2, 3], [7, 8], 6, -23]
['7', [3, 4], [8, 12], 7, 66]
['8', [1], [0], 8, -2]
['9', [5, 6], [-4, -23], 9, 4]
['1', ['SYSIN'], [2], 1, 2]
['2', ['SYSIN'], [1], 2, 1]
['3', ['SYSIN'], [2], 3, 8]
['4', ['SYSIN'], [4], 4, 13]
['5', [1, 2], [2, 1], 5, 6]
['6', [2, 3], [1, 8], 6, -29]
['7', [3, 4], [8, 13], 7, 69]
['8', [1], [2], 8, 4]
['9', [5, 6], [6, -29], 9, 60]
['1', ['SYSIN'], [1], 1, 1]
['2', ['SYSIN'], [1], 2, 1]
['3', ['SYSIN'], [0], 3, 2]
['4', ['SYSIN'], [2], 4, 11]
['5', [1, 2], [1, 1], 5, 4]
['6', [2, 3], [1, 2], 6, -5]
['7', [3, 4], [2, 11], 7, 39]
['8', [1], [1], 8, 1]
['9', [5, 6], [4, -5], 9, 26]
['1', ['SYSIN'], [1], 1, 1]
['2', ['SYSIN'], [0], 2, -1]
['3', ['SYSIN'], [1], 3, 5]
['4', ['SYSIN'], [1], 4, 10]
['5', [1, 2], [1, -1], 5, 6]
['6', [2, 3], [-1, 5], 6, -19]
['7', [3, 4], [5, 10], 7, 48]
['8', [1], [1], 8, 1]
['9', [5, 6], [6, -19], 9, 50]
['1', ['SYSIN'], [1], 1, 1]
['2', ['SYSIN'], [0], 2, -1]
['3', ['SYSIN'], [2], 3, 8]
['4', ['SYSIN'], [0], 4, 9]
['5', [1, 2], [1, -1], 5, 6]
['6', [2, 3], [-1, 8], 6, -31]
['7', [3, 4], [8, 9], 7, 57]
['8', [1], [1], 8, 1]
['9', [5, 6], [6, -31], 9, 62]
['1', ['SYSIN'], [2], 1, 2]
['2', ['SYSIN'], [4], 2, 7]
['3', ['SYSIN'], [0], 3, 2]
['4', ['SYSIN'], [4], 4, 13]
['5', [1, 2], [2, 7], 5, 0]
['6', [2, 3], [7, 2], 6, 1]
['7', [3, 4], [2, 13], 7, 45]
['8', [1], [2], 8, 4]
['9', [5, 6], [0, 1], 9, 0]
['1', ['SYSIN'], [2], 1, 2]
['2', ['SYSIN'], [2], 2, 3]
['3', ['SYSIN'], [2], 3, 8]
['4', ['SYSIN'], [2], 4, 11]
['5', [1, 2], [2, 3], 5, 4]
['6', [2, 3], [3, 8], 6, -27]
['7', [3, 4], [8, 11], 7, 63]
['8', [1], [2], 8, 4]
['9', [5, 6], [4, -27], 9, 48]
['1', ['SYSIN'], [2], 1, 2]
['2', ['SYSIN'], [2], 2, 3]
['3', ['SYSIN'], [4], 3, 14]
['4', ['SYSIN'], [4], 4, 13]
['5', [1, 2], [2, 3], 5, 4]
['6', [2, 3], [3, 14], 6, -51]
['7', [3, 4], [14, 13], 7, 93]
['8', [1], [2], 8, 4]
['9', [5, 6], [4, -51], 9, 72]
['1', ['SYSIN'], [3], 1, 3]
['2', ['SYSIN'], [4], 2, 7]
['3', ['SYSIN'], [3], 3, 11]
['4', ['SYSIN'], [0], 4, 9]
['5', [1, 2], [3, 7], 5, 2]
['6', [2, 3], [7, 11], 6, -35]
['7', [3, 4], [11, 9], 7, 69]
['8', [1], [3], 8, 7]
['9', [5, 6], [2, -35], 9, 46]
['1', ['SYSIN'], [4], 1, 4]
['2', ['SYSIN'], [1], 2, 1]
['3', ['SYSIN'], [0], 3, 2]
['4', ['SYSIN'], [2], 4, 11]
['5', [1, 2], [4, 1], 5, 10]
['6', [2, 3], [1, 2], 6, -5]
['7', [3, 4], [2, 11], 7, 39]
['8', [1], [4], 8, 10]
['9', [5, 6], [10, -5], 9, 56]
['1', ['SYSIN'], [1], 1, 1]
['2', ['SYSIN'], [3], 2, 5]
['3', ['SYSIN'], [0], 3, 2]
['4', ['SYSIN'], [4], 4, 13]
['5', [1, 2], [1, 5], 5, 0]
['6', [2, 3], [5, 2], 6, -1]
['7', [3, 4], [2, 13], 7, 45]
['8', [1], [1], 8, 1]
['9', [5, 6], [0, -1], 9, 2]
['1', ['SYSIN'], [0], 1, 0]
['2', ['SYSIN'], [3], 2, 5]
['3', ['SYSIN'], [1], 3, 5]
['4', ['SYSIN'], [0], 4, 9]
['5', [1, 2], [0, 5], 5, -2]
['6', [2, 3], [5, 5], 6, -13]
['7', [3, 4], [5, 9], 7, 45]
['8', [1], [0], 8, -2]
['9', [5, 6], [-2, -13], 9, 4]
['1', ['SYSIN'], [0], 1, 0]
['2', ['SYSIN'], [1], 2, 1]
['3', ['SYSIN'], [4], 3, 14]
['4', ['SYSIN'], [0], 4, 9]
['5', [1, 2], [0, 1], 5, 2]
['6', [2, 3], [1, 14], 6, -53]
['7', [3, 4], [14, 9], 7, 81]
['8', [1], [0], 8, -2]
['9', [5, 6], [2, -53], 9, 64]
['1', ['SYSIN'], [0], 1, 0]
['2', ['SYSIN'], [4], 2, 7]
['3', ['SYSIN'], [2], 3, 8]
['4', ['SYSIN'], [3], 4, 12]
['5', [1, 2], [0, 7], 5, -4]
['6', [2, 3], [7, 8], 6, -23]
['7', [3, 4], [8, 12], 7, 66]
['8', [1], [0], 8, -2]
['9', [5, 6], [-4, -23], 9, 4]
['1', ['SYSIN'], [0], 1, 0]
['2', ['SYSIN'], [3], 2, 5]
['3', ['SYSIN'], [4], 3, 14]
['4', ['SYSIN'], [1], 4, 10]
['5', [1, 2], [0, 5], 5, -2]
['6', [2, 3], [5, 14], 6, -49]
['7', [3, 4], [14, 10], 7, 84]
['8', [1], [0], 8, -2]
['9', [5, 6], [-2, -49], 9, 40]
['1', ['SYSIN'], [1], 1, 1]
['2', ['SYSIN'], [1], 2, 1]
['3', ['SYSIN'], [2], 3, 8]
['4', ['SYSIN'], [0], 4, 9]
['5', [1, 2], [1, 1], 5, 4]
['6', [2, 3], [1, 8], 6, -29]
['7', [3, 4], [8, 9], 7, 57]
['8', [1], [1], 8, 1]
['9', [5, 6], [4, -29], 9, 50]
['1', ['SYSIN'], [4], 1, 4]
['2', ['SYSIN'], [3], 2, 5]
['3', ['SYSIN'], [3], 3, 11]
['4', ['SYSIN'], [0], 4, 9]
['5', [1, 2], [4, 5], 5, 6]
['6', [2, 3], [5, 11], 6, -37]
['7', [3, 4], [11, 9], 7, 69]
['8', [1], [4], 8, 10]
['9', [5, 6], [6, -37], 9, 68]
['1', ['SYSIN'], [1], 1, 1]
['2', ['SYSIN'], [4], 2, 7]
['3', ['SYSIN'], [4], 3, 14]
['4', ['SYSIN'], [4], 4, 13]
['5', [1, 2], [1, 7], 5, -2]
['6', [2, 3], [7, 14], 6, -47]
['7', [3, 4], [14, 13], 7, 93]
['8', [1], [1], 8, 1]
['9', [5, 6], [-2, -47], 9, 38]
['1', ['SYSIN'], [3], 1, 3]
['2', ['SYSIN'], [0], 2, -1]
['3', ['SYSIN'], [1], 3, 5]
['4', ['SYSIN'], [0], 4, 9]
['5', [1, 2], [3, -1], 5, 10]
['6', [2, 3], [-1, 5], 6, -19]
['7', [3, 4], [5, 9], 7, 45]
['8', [1], [3], 8, 7]
['9', [5, 6], [10, -19], 9, 70]
['1', ['SYSIN'], [2], 1, 2]
['2', ['SYSIN'], [3], 2, 5]
['3', ['SYSIN'], [2], 3, 8]
['4', ['SYSIN'], [4], 4, 13]
['5', [1, 2], [2, 5], 5, 2]
['6', [2, 3], [5, 8], 6, -25]
['7', [3, 4], [8, 13], 7, 69]
['8', [1], [2], 8, 4]
['9', [5, 6], [2, -25], 9, 36]
['1', ['SYSIN'], [1], 1, 1]
['2', ['SYSIN'], [2], 2, 3]
['3', ['SYSIN'], [4], 3, 14]
['4', ['SYSIN'], [1], 4, 10]
['5', [1, 2], [1, 3], 5, 2]
['6', [2, 3], [3, 14], 6, -51]
['7', [3, 4], [14, 10], 7, 84]
['8', [1], [1], 8, 1]
['9', [5, 6], [2, -51], 9, 62]
['1', ['SYSIN'], [1], 1, 1]
['2', ['SYSIN'], [2], 2, 3]
['3', ['SYSIN'], [4], 3, 14]
['4', ['SYSIN'], [4], 4, 13]
['5', [1, 2], [1, 3], 5, 2]
['6', [2, 3], [3, 14], 6, -51]
['7', [3, 4], [14, 13], 7, 93]
['8', [1], [1], 8, 1]
['9', [5, 6], [2, -51], 9, 62]
['1', ['SYSIN'], [0], 1, 0]
['2', ['SYSIN'], [3], 2, 5]
['3', ['SYSIN'], [3], 3, 11]
['4', ['SYSIN'], [1], 4, 10]
['5', [1, 2], [0, 5], 5, -2]
['6', [2, 3], [5, 11], 6, -37]
['7', [3, 4], [11, 10], 7, 72]
['8', [1], [0], 8, -2]
['9', [5, 6], [-2, -37], 9, 28]
['1', ['SYSIN'], [1], 1, 1]
['2', ['SYSIN'], [3], 2, 5]
['3', ['SYSIN'], [4], 3, 14]
['4', ['SYSIN'], [4], 4, 13]
['5', [1, 2], [1, 5], 5, 0]
['6', [2, 3], [5, 14], 6, -49]
['7', [3, 4], [14, 13], 7, 93]
['8', [1], [1], 8, 1]
['9', [5, 6], [0, -49], 9, 50]
['1', ['SYSIN'], [0], 1, 0]
['2', ['SYSIN'], [0], 2, -1]
['3', ['SYSIN'], [2], 3, 8]
['4', ['SYSIN'], [0], 4, 9]
['5', [1, 2], [0, -1], 5, 4]
['6', [2, 3], [-1, 8], 6, -31]
['7', [3, 4], [8, 9], 7, 57]
['8', [1], [0], 8, -2]
['9', [5, 6], [4, -31], 9, 52]
['1', ['SYSIN'], [3], 1, 3]
['2', ['SYSIN'], [0], 2, -1]
['3', ['SYSIN'], [2], 3, 8]
['4', ['SYSIN'], [3], 4, 12]
['5', [1, 2], [3, -1], 5, 10]
['6', [2, 3], [-1, 8], 6, -31]
['7', [3, 4], [8, 12], 7, 66]
['8', [1], [3], 8, 7]
['9', [5, 6], [10, -31], 9, 82]
['1', ['SYSIN'], [1], 1, 1]
['2', ['SYSIN'], [1], 2, 1]
['3', ['SYSIN'], [4], 3, 14]
['4', ['SYSIN'], [4], 4, 13]
['5', [1, 2], [1, 1], 5, 4]
['6', [2, 3], [1, 14], 6, -53]
['7', [3, 4], [14, 13], 7, 93]
['8', [1], [1], 8, 1]
['9', [5, 6], [4, -53], 9, 74]
['1', ['SYSIN'], [4], 1, 4]
['2', ['SYSIN'], [0], 2, -1]
['3', ['SYSIN'], [1], 3, 5]
['4', ['SYSIN'], [1], 4, 10]
['5', [1, 2], [4, -1], 5, 12]
['6', [2, 3], [-1, 5], 6, -19]
['7', [3, 4], [5, 10], 7, 48]
['8', [1], [4], 8, 10]
['9', [5, 6], [12, -19], 9, 80]
['1', ['SYSIN'], [3], 1, 3]
['2', ['SYSIN'], [2], 2, 3]
['3', ['SYSIN'], [2], 3, 8]
['4', ['SYSIN'], [3], 4, 12]
['5', [1, 2], [3, 3], 5, 6]
['6', [2, 3], [3, 8], 6, -27]
['7', [3, 4], [8, 12], 7, 66]
['8', [1], [3], 8, 7]
['9', [5, 6], [6, -27], 9, 58]
['1', ['SYSIN'], [2], 1, 2]
['2', ['SYSIN'], [0], 2, -1]
['3', ['SYSIN'], [0], 3, 2]
['4', ['SYSIN'], [3], 4, 12]
['5', [1, 2], [2, -1], 5, 8]
['6', [2, 3], [-1, 2], 6, -7]
['7', [3, 4], [2, 12], 7, 42]
['8', [1], [2], 8, 4]
['9', [5, 6], [8, -7], 9, 48]
['1', ['SYSIN'], [4], 1, 4]
['2', ['SYSIN'], [1], 2, 1]
['3', ['SYSIN'], [4], 3, 14]
['4', ['SYSIN'], [4], 4, 13]
['5', [1, 2], [4, 1], 5, 10]
['6', [2, 3], [1, 14], 6, -53]
['7', [3, 4], [14, 13], 7, 93]
['8', [1], [4], 8, 10]
['9', [5, 6], [10, -53], 9, 104]
['1', ['SYSIN'], [3], 1, 3]
['2', ['SYSIN'], [0], 2, -1]
['3', ['SYSIN'], [0], 3, 2]
['4', ['SYSIN'], [0], 4, 9]
['5', [1, 2], [3, -1], 5, 10]
['6', [2, 3], [-1, 2], 6, -7]
['7', [3, 4], [2, 9], 7, 33]
['8', [1], [3], 8, 7]
['9', [5, 6], [10, -7], 9, 58]
['1', ['SYSIN'], [4], 1, 4]
['2', ['SYSIN'], [3], 2, 5]
['3', ['SYSIN'], [1], 3, 5]
['4', ['SYSIN'], [1], 4, 10]
['5', [1, 2], [4, 5], 5, 6]
['6', [2, 3], [5, 5], 6, -13]
['7', [3, 4], [5, 10], 7, 48]
['8', [1], [4], 8, 10]
['9', [5, 6], [6, -13], 9, 44]
['1', ['SYSIN'], [4], 1, 4]
['2', ['SYSIN'], [4], 2, 7]
['3', ['SYSIN'], [3], 3, 11]
['4', ['SYSIN'], [0], 4, 9]
['5', [1, 2], [4, 7], 5, 4]
['6', [2, 3], [7, 11], 6, -35]
['7', [3, 4], [11, 9], 7, 69]
['8', [1], [4], 8, 10]
['9', [5, 6], [4, -35], 9, 56]
['1', ['SYSIN'], [1], 1, 1]
['2', ['SYSIN'], [2], 2, 3]
['3', ['SYSIN'], [2], 3, 8]
['4', ['SYSIN'], [1], 4, 10]
['5', [1, 2], [1, 3], 5, 2]
['6', [2, 3], [3, 8], 6, -27]
['7', [3, 4], [8, 10], 7, 60]
['8', [1], [1], 8, 1]
['9', [5, 6], [2, -27], 9, 38]
['1', ['SYSIN'], [0], 1, 0]
['2', ['SYSIN'], [2], 2, 3]
['3', ['SYSIN'], [0], 3, 2]
['4', ['SYSIN'], [4], 4, 13]
['5', [1, 2], [0, 3], 5, 0]
['6', [2, 3], [3, 2], 6, -3]
['7', [3, 4], [2, 13], 7, 45]
['8', [1], [0], 8, -2]
['9', [5, 6], [0, -3], 9, 4]
['1', ['SYSIN'], [2], 1, 2]
['2', ['SYSIN'], [2], 2, 3]
['3', ['SYSIN'], [1], 3, 5]
['4', ['SYSIN'], [0], 4, 9]
['5', [1, 2], [2, 3], 5, 4]
['6', [2, 3], [3, 5], 6, -15]
['7', [3, 4], [5, 9], 7, 45]
['8', [1], [2], 8, 4]
['9', [5, 6], [4, -15], 9, 36]
['1', ['SYSIN'], [1], 1, 1]
['2', ['SYSIN'], [3], 2, 5]
['3', ['SYSIN'], [3], 3, 11]
['4', ['SYSIN'], [3], 4, 12]
['5', [1, 2], [1, 5], 5, 0]
['6', [2, 3], [5, 11], 6, -37]
['7', [3, 4], [11, 12], 7, 78]
['8', [1], [1], 8, 1]
['9', [5, 6], [0, -37], 9, 38]
['1', ['SYSIN'], [2], 1, 2]
['2', ['SYSIN'], [1], 2, 1]
['3', ['SYSIN'], [2], 3, 8]
['4', ['SYSIN'], [3], 4, 12]
['5', [1, 2], [2, 1], 5, 6]
['6', [2, 3], [1, 8], 6, -29]
['7', [3, 4], [8, 12], 7, 66]
['8', [1], [2], 8, 4]
['9', [5, 6], [6, -29], 9, 60]
['1', ['SYSIN'], [4], 1, 4]
['2', ['SYSIN'], [2], 2, 3]
['3', ['SYSIN'], [3], 3, 11]
['4', ['SYSIN'], [2], 4, 11]
['5', [1, 2], [4, 3], 5, 8]
['6', [2, 3], [3, 11], 6, -39]
['7', [3, 4], [11, 11], 7, 75]
['8', [1], [4], 8, 10]
['9', [5, 6], [8, -39], 9, 80]
['1', ['SYSIN'], [1], 1, 1]
['2', ['SYSIN'], [2], 2, 3]
['3', ['SYSIN'], [1], 3, 5]
['4', ['SYSIN'], [3], 4, 12]
['5', [1, 2], [1, 3], 5, 2]
['6', [2, 3], [3, 5], 6, -15]
['7', [3, 4], [5, 12], 7, 54]
['8', [1], [1], 8, 1]
['9', [5, 6], [2, -15], 9, 26]
['1', ['SYSIN'], [0], 1, 0]
['2', ['SYSIN'], [0], 2, -1]
['3', ['SYSIN'], [2], 3, 8]
['4', ['SYSIN'], [0], 4, 9]
['5', [1, 2], [0, -1], 5, 4]
['6', [2, 3], [-1, 8], 6, -31]
['7', [3, 4], [8, 9], 7, 57]
['8', [1], [0], 8, -2]
['9', [5, 6], [4, -31], 9, 52]
['1', ['SYSIN'], [4], 1, 4]
['2', ['SYSIN'], [2], 2, 3]
['3', ['SYSIN'], [1], 3, 5]
['4', ['SYSIN'], [3], 4, 12]
['5', [1, 2], [4, 3], 5, 8]
['6', [2, 3], [3, 5], 6, -15]
['7', [3, 4], [5, 12], 7, 54]
['8', [1], [4], 8, 10]
['9', [5, 6], [8, -15], 9, 56]
['1', ['SYSIN'], [0], 1, 0]
['2', ['SYSIN'], [2], 2, 3]
['3', ['SYSIN'], [3], 3, 11]
['4', ['SYSIN'], [0], 4, 9]
['5', [1, 2], [0, 3], 5, 0]
['6', [2, 3], [3, 11], 6, -39]
['7', [3, 4], [11, 9], 7, 69]
['8', [1], [0], 8, -2]
['9', [5, 6], [0, -39], 9, 40]
['1', ['SYSIN'], [0], 1, 0]
['2', ['SYSIN'], [2], 2, 3]
['3', ['SYSIN'], [3], 3, 11]
['4', ['SYSIN'], [1], 4, 10]
['5', [1, 2], [0, 3], 5, 0]
['6', [2, 3], [3, 11], 6, -39]
['7', [3, 4], [11, 10], 7, 72]
['8', [1], [0], 8, -2]
['9', [5, 6], [0, -39], 9, 40]
['1', ['SYSIN'], [2], 1, 2]
['2', ['SYSIN'], [4], 2, 7]
['3', ['SYSIN'], [3], 3, 11]
['4', ['SYSIN'], [0], 4, 9]
['5', [1, 2], [2, 7], 5, 0]
['6', [2, 3], [7, 11], 6, -35]
['7', [3, 4], [11, 9], 7, 69]
['8', [1], [2], 8, 4]
['9', [5, 6], [0, -35], 9, 36]
['1', ['SYSIN'], [0], 1, 0]
['2', ['SYSIN'], [0], 2, -1]
['3', ['SYSIN'], [4], 3, 14]
['4', ['SYSIN'], [2], 4, 11]
['5', [1, 2], [0, -1], 5, 4]
['6', [2, 3], [-1, 14], 6, -55]
['7', [3, 4], [14, 11], 7, 87]
['8', [1], [0], 8, -2]
['9', [5, 6], [4, -55], 9, 76]
['1', ['SYSIN'], [4], 1, 4]
['2', ['SYSIN'], [3], 2, 5]
['3', ['SYSIN'], [1], 3, 5]
['4', ['SYSIN'], [1], 4, 10]
['5', [1, 2], [4, 5], 5, 6]
['6', [2, 3], [5, 5], 6, -13]
['7', [3, 4], [5, 10], 7, 48]
['8', [1], [4], 8, 10]
['9', [5, 6], [6, -13], 9, 44]
['1', ['SYSIN'], [1], 1, 1]
['2', ['SYSIN'], [3], 2, 5]
['3', ['SYSIN'], [0], 3, 2]
['4', ['SYSIN'], [4], 4, 13]
['5', [1, 2], [1, 5], 5, 0]
['6', [2, 3], [5, 2], 6, -1]
['7', [3, 4], [2, 13], 7, 45]
['8', [1], [1], 8, 1]
['9', [5, 6], [0, -1], 9, 2]
['1', ['SYSIN'], [0], 1, 0]
['2', ['SYSIN'], [1], 2, 1]
['3', ['SYSIN'], [4], 3, 14]
['4', ['SYSIN'], [2], 4, 11]
['5', [1, 2], [0, 1], 5, 2]
['6', [2, 3], [1, 14], 6, -53]
['7', [3, 4], [14, 11], 7, 87]
['8', [1], [0], 8, -2]
['9', [5, 6], [2, -53], 9, 64]
['1', ['SYSIN'], [3], 1, 3]
['2', ['SYSIN'], [4], 2, 7]
['3', ['SYSIN'], [3], 3, 11]
['4', ['SYSIN'], [4], 4, 13]
['5', [1, 2], [3, 7], 5, 2]
['6', [2, 3], [7, 11], 6, -35]
['7', [3, 4], [11, 13], 7, 81]
['8', [1], [3], 8, 7]
['9', [5, 6], [2, -35], 9, 46]
['1', ['SYSIN'], [3], 1, 3]
['2', ['SYSIN'], [1], 2, 1]
['3', ['SYSIN'], [3], 3, 11]
['4', ['SYSIN'], [1], 4, 10]
['5', [1, 2], [3, 1], 5, 8]
['6', [2, 3], [1, 11], 6, -41]
['7', [3, 4], [11, 10], 7, 72]
['8', [1], [3], 8, 7]
['9', [5, 6], [8, -41], 9, 82]
['1', ['SYSIN'], [1], 1, 1]
['2', ['SYSIN'], [2], 2, 3]
['3', ['SYSIN'], [0], 3, 2]
['4', ['SYSIN'], [4], 4, 13]
['5', [1, 2], [1, 3], 5, 2]
['6', [2, 3], [3, 2], 6, -3]
['7', [3, 4], [2, 13], 7, 45]
['8', [1], [1], 8, 1]
['9', [5, 6], [2, -3], 9, 14]
['1', ['SYSIN'], [2], 1, 2]
['2', ['SYSIN'], [1], 2, 1]
['3', ['SYSIN'], [1], 3, 5]
['4', ['SYSIN'], [3], 4, 12]
['5', [1, 2], [2, 1], 5, 6]
['6', [2, 3], [1, 5], 6, -17]
['7', [3, 4], [5, 12], 7, 54]
['8', [1], [2], 8, 4]
['9', [5, 6], [6, -17], 9, 48]
['1', ['SYSIN'], [1], 1, 1]
['2', ['SYSIN'], [4], 2, 7]
['3', ['SYSIN'], [4], 3, 14]
['4', ['SYSIN'], [3], 4, 12]
['5', [1, 2], [1, 7], 5, -2]
['6', [2, 3], [7, 14], 6, -47]
['7', [3, 4], [14, 12], 7, 90]
['8', [1], [1], 8, 1]
['9', [5, 6], [-2, -47], 9, 38]
['1', ['SYSIN'], [1], 1, 1]
['2', ['SYSIN'], [4], 2, 7]
['3', ['SYSIN'], [4], 3, 14]
['4', ['SYSIN'], [1], 4, 10]
['5', [1, 2], [1, 7], 5, -2]
['6', [2, 3], [7, 14], 6, -47]
['7', [3, 4], [14, 10], 7, 84]
['8', [1], [1], 8, 1]
['9', [5, 6], [-2, -47], 9, 38]
['1', ['SYSIN'], [2], 1, 2]
['2', ['SYSIN'], [0], 2, -1]
['3', ['SYSIN'], [1], 3, 5]
['4', ['SYSIN'], [0], 4, 9]
['5', [1, 2], [2, -1], 5, 8]
['6', [2, 3], [-1, 5], 6, -19]
['7', [3, 4], [5, 9], 7, 45]
['8', [1], [2], 8, 4]
['9', [5, 6], [8, -19], 9, 60]
['1', ['SYSIN'], [0], 1, 0]
['2', ['SYSIN'], [0], 2, -1]
['3', ['SYSIN'], [2], 3, 8]
['4', ['SYSIN'], [2], 4, 11]
['5', [1, 2], [0, -1], 5, 4]
['6', [2, 3], [-1, 8], 6, -31]
['7', [3, 4], [8, 11], 7, 63]
['8', [1], [0], 8, -2]
['9', [5, 6], [4, -31], 9, 52]
['1', ['SYSIN'], [0], 1, 0]
['2', ['SYSIN'], [4], 2, 7]
['3', ['SYSIN'], [1], 3, 5]
['4', ['SYSIN'], [0], 4, 9]
['5', [1, 2], [0, 7], 5, -4]
['6', [2, 3], [7, 5], 6, -11]
['7', [3, 4], [5, 9], 7, 45]
['8', [1], [0], 8, -2]
['9', [5, 6], [-4, -11], 9, -8]
['1', ['SYSIN'], [4], 1, 4]
['2', ['SYSIN'], [2], 2, 3]
['3', ['SYSIN'], [3], 3, 11]
['4', ['SYSIN'], [3], 4, 12]
['5', [1, 2], [4, 3], 5, 8]
['6', [2, 3], [3, 11], 6, -39]
['7', [3, 4], [11, 12], 7, 78]
['8', [1], [4], 8, 10]
['9', [5, 6], [8, -39], 9, 80]
['1', ['SYSIN'], [0], 1, 0]
['2', ['SYSIN'], [0], 2, -1]
['3', ['SYSIN'], [3], 3, 11]
['4', ['SYSIN'], [3], 4, 12]
['5', [1, 2], [0, -1], 5, 4]
['6', [2, 3], [-1, 11], 6, -43]
['7', [3, 4], [11, 12], 7, 78]
['8', [1], [0], 8, -2]
['9', [5, 6], [4, -43], 9, 64]
['1', ['SYSIN'], [0], 1, 0]
['2', ['SYSIN'], [3], 2, 5]
['3', ['SYSIN'], [0], 3, 2]
['4', ['SYSIN'], [4], 4, 13]
['5', [1, 2], [0, 5], 5, -2]
['6', [2, 3], [5, 2], 6, -1]
['7', [3, 4], [2, 13], 7, 45]
['8', [1], [0], 8, -2]
['9', [5, 6], [-2, -1], 9, -8]
['1', ['SYSIN'], [0], 1, 0]
['2', ['SYSIN'], [0], 2, -1]
['3', ['SYSIN'], [2], 3, 8]
['4', ['SYSIN'], [0], 4, 9]
['5', [1, 2], [0, -1], 5, 4]
['6', [2, 3], [-1, 8], 6, -31]
['7', [3, 4], [8, 9], 7, 57]
['8', [1], [0], 8, -2]
['9', [5, 6], [4, -31], 9, 52]
['1', ['SYSIN'], [4], 1, 4]
['2', ['SYSIN'], [2], 2, 3]
['3', ['SYSIN'], [4], 3, 14]
['4', ['SYSIN'], [4], 4, 13]
['5', [1, 2], [4, 3], 5, 8]
['6', [2, 3], [3, 14], 6, -51]
['7', [3, 4], [14, 13], 7, 93]
['8', [1], [4], 8, 10]
['9', [5, 6], [8, -51], 9, 92]
['1', ['SYSIN'], [1], 1, 1]
['2', ['SYSIN'], [2], 2, 3]
['3', ['SYSIN'], [3], 3, 11]
['4', ['SYSIN'], [1], 4, 10]
['5', [1, 2], [1, 3], 5, 2]
['6', [2, 3], [3, 11], 6, -39]
['7', [3, 4], [11, 10], 7, 72]
['8', [1], [1], 8, 1]
['9', [5, 6], [2, -39], 9, 50]
['1', ['SYSIN'], [2], 1, 2]
['2', ['SYSIN'], [1], 2, 1]
['3', ['SYSIN'], [2], 3, 8]
['4', ['SYSIN'], [4], 4, 13]
['5', [1, 2], [2, 1], 5, 6]
['6', [2, 3], [1, 8], 6, -29]
['7', [3, 4], [8, 13], 7, 69]
['8', [1], [2], 8, 4]
['9', [5, 6], [6, -29], 9, 60]
['1', ['SYSIN'], [0], 1, 0]
['2', ['SYSIN'], [3], 2, 5]
['3', ['SYSIN'], [2], 3, 8]
['4', ['SYSIN'], [0], 4, 9]
['5', [1, 2], [0, 5], 5, -2]
['6', [2, 3], [5, 8], 6, -25]
['7', [3, 4], [8, 9], 7, 57]
['8', [1], [0], 8, -2]
['9', [5, 6], [-2, -25], 9, 16]
['1', ['SYSIN'], [3], 1, 3]
['2', ['SYSIN'], [0], 2, -1]
['3', ['SYSIN'], [4], 3, 14]
['4', ['SYSIN'], [1], 4, 10]
['5', [1, 2], [3, -1], 5, 10]
['6', [2, 3], [-1, 14], 6, -55]
['7', [3, 4], [14, 10], 7, 84]
['8', [1], [3], 8, 7]
['9', [5, 6], [10, -55], 9, 106]
['1', ['SYSIN'], [2], 1, 2]
['2', ['SYSIN'], [3], 2, 5]
['3', ['SYSIN'], [4], 3, 14]
['4', ['SYSIN'], [3], 4, 12]
['5', [1, 2], [2, 5], 5, 2]
['6', [2, 3], [5, 14], 6, -49]
['7', [3, 4], [14, 12], 7, 90]
['8', [1], [2], 8, 4]
['9', [5, 6], [2, -49], 9, 60]
['1', ['SYSIN'], [1], 1, 1]
['2', ['SYSIN'], [0], 2, -1]
['3', ['SYSIN'], [2], 3, 8]
['4', ['SYSIN'], [3], 4, 12]
['5', [1, 2], [1, -1], 5, 6]
['6', [2, 3], [-1, 8], 6, -31]
['7', [3, 4], [8, 12], 7, 66]
['8', [1], [1], 8, 1]
['9', [5, 6], [6, -31], 9, 62]
['1', ['SYSIN'], [2], 1, 2]
['2', ['SYSIN'], [1], 2, 1]
['3', ['SYSIN'], [2], 3, 8]
['4', ['SYSIN'], [3], 4, 12]
['5', [1, 2], [2, 1], 5, 6]
['6', [2, 3], [1, 8], 6, -29]
['7', [3, 4], [8, 12], 7, 66]
['8', [1], [2], 8, 4]
['9', [5, 6], [6, -29], 9, 60]
['1', ['SYSIN'], [4], 1, 4]
['2', ['SYSIN'], [1], 2, 1]
['3', ['SYSIN'], [3], 3, 11]
['4', ['SYSIN'], [1], 4, 10]
['5', [1, 2], [4, 1], 5, 10]
['6', [2, 3], [1, 11], 6, -41]
['7', [3, 4], [11, 10], 7, 72]
['8', [1], [4], 8, 10]
['9', [5, 6], [10, -41], 9, 92]
['1', ['SYSIN'], [2], 1, 2]
['2', ['SYSIN'], [0], 2, -1]
['3', ['SYSIN'], [3], 3, 11]
['4', ['SYSIN'], [2], 4, 11]
['5', [1, 2], [2, -1], 5, 8]
['6', [2, 3], [-1, 11], 6, -43]
['7', [3, 4], [11, 11], 7, 75]
['8', [1], [2], 8, 4]
['9', [5, 6], [8, -43], 9, 84]
['1', ['SYSIN'], [4], 1, 4]
['2', ['SYSIN'], [0], 2, -1]
['3', ['SYSIN'], [1], 3, 5]
['4', ['SYSIN'], [1], 4, 10]
['5', [1, 2], [4, -1], 5, 12]
['6', [2, 3], [-1, 5], 6, -19]
['7', [3, 4], [5, 10], 7, 48]
['8', [1], [4], 8, 10]
['9', [5, 6], [12, -19], 9, 80]
['1', ['SYSIN'], [3], 1, 3]
['2', ['SYSIN'], [3], 2, 5]
['3', ['SYSIN'], [0], 3, 2]
['4', ['SYSIN'], [4], 4, 13]
['5', [1, 2], [3, 5], 5, 4]
['6', [2, 3], [5, 2], 6, -1]
['7', [3, 4], [2, 13], 7, 45]
['8', [1], [3], 8, 7]
['9', [5, 6], [4, -1], 9, 22]
['1', ['SYSIN'], [3], 1, 3]
['2', ['SYSIN'], [1], 2, 1]
['3', ['SYSIN'], [1], 3, 5]
['4', ['SYSIN'], [4], 4, 13]
['5', [1, 2], [3, 1], 5, 8]
['6', [2, 3], [1, 5], 6, -17]
['7', [3, 4], [5, 13], 7, 57]
['8', [1], [3], 8, 7]
['9', [5, 6], [8, -17], 9, 58]
['1', ['SYSIN'], [2], 1, 2]
['2', ['SYSIN'], [4], 2, 7]
['3', ['SYSIN'], [3], 3, 11]
['4', ['SYSIN'], [2], 4, 11]
['5', [1, 2], [2, 7], 5, 0]
['6', [2, 3], [7, 11], 6, -35]
['7', [3, 4], [11, 11], 7, 75]
['8', [1], [2], 8, 4]
['9', [5, 6], [0, -35], 9, 36]
['1', ['SYSIN'], [3], 1, 3]
['2', ['SYSIN'], [0], 2, -1]
['3', ['SYSIN'], [3], 3, 11]
['4', ['SYSIN'], [0], 4, 9]
['5', [1, 2], [3, -1], 5, 10]
['6', [2, 3], [-1, 11], 6, -43]
['7', [3, 4], [11, 9], 7, 69]
['8', [1], [3], 8, 7]
['9', [5, 6], [10, -43], 9, 94]
['1', ['SYSIN'], [0], 1, 0]
['2', ['SYSIN'], [2], 2, 3]
['3', ['SYSIN'], [4], 3, 14]
['4', ['SYSIN'], [2], 4, 11]
['5', [1, 2], [0, 3], 5, 0]
['6', [2, 3], [3, 14], 6, -51]
['7', [3, 4], [14, 11], 7, 87]
['8', [1], [0], 8, -2]
['9', [5, 6], [0, -51], 9, 52]
['1', ['SYSIN'], [0], 1, 0]
['2', ['SYSIN'], [4], 2, 7]
['3', ['SYSIN'], [3], 3, 11]
['4', ['SYSIN'], [1], 4, 10]
['5', [1, 2], [0, 7], 5, -4]
['6', [2, 3], [7, 11], 6, -35]
['7', [3, 4], [11, 10], 7, 72]
['8', [1], [0], 8, -2]
['9', [5, 6], [-4, -35], 9, 16]
['1', ['SYSIN'], [0], 1, 0]
['2', ['SYSIN'], [0], 2, -1]
['3', ['SYSIN'], [1], 3, 5]
['4', ['SYSIN'], [2], 4, 11]
['5', [1, 2], [0, -1], 5, 4]
['6', [2, 3], [-1, 5], 6, -19]
['7', [3, 4], [5, 11], 7, 51]
['8', [1], [0], 8, -2]
['9', [5, 6], [4, -19], 9, 40]
['1', ['SYSIN'], [2], 1, 2]
['2', ['SYSIN'], [4], 2, 7]
['3', ['SYSIN'], [3], 3, 11]
['4', ['SYSIN'], [0], 4, 9]
['5', [1, 2], [2, 7], 5, 0]
['6', [2, 3], [7, 11], 6, -35]
['7', [3, 4], [11, 9], 7, 69]
['8', [1], [2], 8, 4]
['9', [5, 6], [0, -35], 9, 36]
['1', ['SYSIN'], [4], 1, 4]
['2', ['SYSIN'], [4], 2, 7]
['3', ['SYSIN'], [0], 3, 2]
['4', ['SYSIN'], [3], 4, 12]
['5', [1, 2], [4, 7], 5, 4]
['6', [2, 3], [7, 2], 6, 1]
['7', [3, 4], [2, 12], 7, 42]
['8', [1], [4], 8, 10]
['9', [5, 6], [4, 1], 9, 20]
['1', ['SYSIN'], [2], 1, 2]
['2', ['SYSIN'], [3], 2, 5]
['3', ['SYSIN'], [0], 3, 2]
['4', ['SYSIN'], [1], 4, 10]
['5', [1, 2], [2, 5], 5, 2]
['6', [2, 3], [5, 2], 6, -1]
['7', [3, 4], [2, 10], 7, 36]
['8', [1], [2], 8, 4]
['9', [5, 6], [2, -1], 9, 12]
['1', ['SYSIN'], [3], 1, 3]
['2', ['SYSIN'], [4], 2, 7]
['3', ['SYSIN'], [3], 3, 11]
['4', ['SYSIN'], [1], 4, 10]
['5', [1, 2], [3, 7], 5, 2]
['6', [2, 3], [7, 11], 6, -35]
['7', [3, 4], [11, 10], 7, 72]
['8', [1], [3], 8, 7]
['9', [5, 6], [2, -35], 9, 46]
['1', ['SYSIN'], [1], 1, 1]
['2', ['SYSIN'], [4], 2, 7]
['3', ['SYSIN'], [3], 3, 11]
['4', ['SYSIN'], [4], 4, 13]
['5', [1, 2], [1, 7], 5, -2]
['6', [2, 3], [7, 11], 6, -35]
['7', [3, 4], [11, 13], 7, 81]
['8', [1], [1], 8, 1]
['9', [5, 6], [-2, -35], 9, 26]
['1', ['SYSIN'], [4], 1, 4]
['2', ['SYSIN'], [3], 2, 5]
['3', ['SYSIN'], [1], 3, 5]
['4', ['SYSIN'], [2], 4, 11]
['5', [1, 2], [4, 5], 5, 6]
['6', [2, 3], [5, 5], 6, -13]
['7', [3, 4], [5, 11], 7, 51]
['8', [1], [4], 8, 10]
['9', [5, 6], [6, -13], 9, 44]
['1', ['SYSIN'], [0], 1, 0]
['2', ['SYSIN'], [4], 2, 7]
['3', ['SYSIN'], [2], 3, 8]
['4', ['SYSIN'], [2], 4, 11]
['5', [1, 2], [0, 7], 5, -4]
['6', [2, 3], [7, 8], 6, -23]
['7', [3, 4], [8, 11], 7, 63]
['8', [1], [0], 8, -2]
['9', [5, 6], [-4, -23], 9, 4]
['1', ['SYSIN'], [2], 1, 2]
['2', ['SYSIN'], [3], 2, 5]
['3', ['SYSIN'], [2], 3, 8]
['4', ['SYSIN'], [2], 4, 11]
['5', [1, 2], [2, 5], 5, 2]
['6', [2, 3], [5, 8], 6, -25]
['7', [3, 4], [8, 11], 7, 63]
['8', [1], [2], 8, 4]
['9', [5, 6], [2, -25], 9, 36]
['1', ['SYSIN'], [1], 1, 1]
['2', ['SYSIN'], [2], 2, 3]
['3', ['SYSIN'], [2], 3, 8]
['4', ['SYSIN'], [1], 4, 10]
['5', [1, 2], [1, 3], 5, 2]
['6', [2, 3], [3, 8], 6, -27]
['7', [3, 4], [8, 10], 7, 60]
['8', [1], [1], 8, 1]
['9', [5, 6], [2, -27], 9, 38]
['1', ['SYSIN'], [1], 1, 1]
['2', ['SYSIN'], [4], 2, 7]
['3', ['SYSIN'], [1], 3, 5]
['4', ['SYSIN'], [3], 4, 12]
['5', [1, 2], [1, 7], 5, -2]
['6', [2, 3], [7, 5], 6, -11]
['7', [3, 4], [5, 12], 7, 54]
['8', [1], [1], 8, 1]
['9', [5, 6], [-2, -11], 9, 2]
['1', ['SYSIN'], [3], 1, 3]
['2', ['SYSIN'], [0], 2, -1]
['3', ['SYSIN'], [2], 3, 8]
['4', ['SYSIN'], [4], 4, 13]
['5', [1, 2], [3, -1], 5, 10]
['6', [2, 3], [-1, 8], 6, -31]
['7', [3, 4], [8, 13], 7, 69]
['8', [1], [3], 8, 7]
['9', [5, 6], [10, -31], 9, 82]
['1', ['SYSIN'], [1], 1, 1]
['2', ['SYSIN'], [3], 2, 5]
['3', ['SYSIN'], [0], 3, 2]
['4', ['SYSIN'], [2], 4, 11]
['5', [1, 2], [1, 5], 5, 0]
['6', [2, 3], [5, 2], 6, -1]
['7', [3, 4], [2, 11], 7, 39]
['8', [1], [1], 8, 1]
['9', [5, 6], [0, -1], 9, 2]
['1', ['SYSIN'], [3], 1, 3]
['2', ['SYSIN'], [0], 2, -1]
['3', ['SYSIN'], [2], 3, 8]
['4', ['SYSIN'], [1], 4, 10]
['5', [1, 2], [3, -1], 5, 10]
['6', [2, 3], [-1, 8], 6, -31]
['7', [3, 4], [8, 10], 7, 60]
['8', [1], [3], 8, 7]
['9', [5, 6], [10, -31], 9, 82]
['1', ['SYSIN'], [2], 1, 2]
['2', ['SYSIN'], [4], 2, 7]
['3', ['SYSIN'], [3], 3, 11]
['4', ['SYSIN'], [0], 4, 9]
['5', [1, 2], [2, 7], 5, 0]
['6', [2, 3], [7, 11], 6, -35]
['7', [3, 4], [11, 9], 7, 69]
['8', [1], [2], 8, 4]
['9', [5, 6], [0, -35], 9, 36]
['1', ['SYSIN'], [4], 1, 4]
['2', ['SYSIN'], [0], 2, -1]
['3', ['SYSIN'], [0], 3, 2]
['4', ['SYSIN'], [0], 4, 9]
['5', [1, 2], [4, -1], 5, 12]
['6', [2, 3], [-1, 2], 6, -7]
['7', [3, 4], [2, 9], 7, 33]
['8', [1], [4], 8, 10]
['9', [5, 6], [12, -7], 9, 68]
['1', ['SYSIN'], [2], 1, 2]
['2', ['SYSIN'], [0], 2, -1]
['3', ['SYSIN'], [4], 3, 14]
['4', ['SYSIN'], [4], 4, 13]
['5', [1, 2], [2, -1], 5, 8]
['6', [2, 3], [-1, 14], 6, -55]
['7', [3, 4], [14, 13], 7, 93]
['8', [1], [2], 8, 4]
['9', [5, 6], [8, -55], 9, 96]
['1', ['SYSIN'], [2], 1, 2]
['2', ['SYSIN'], [4], 2, 7]
['3', ['SYSIN'], [2], 3, 8]
['4', ['SYSIN'], [4], 4, 13]
['5', [1, 2], [2, 7], 5, 0]
['6', [2, 3], [7, 8], 6, -23]
['7', [3, 4], [8, 13], 7, 69]
['8', [1], [2], 8, 4]
['9', [5, 6], [0, -23], 9, 24]
['1', ['SYSIN'], [1], 1, 1]
['2', ['SYSIN'], [3], 2, 5]
['3', ['SYSIN'], [0], 3, 2]
['4', ['SYSIN'], [1], 4, 10]
['5', [1, 2], [1, 5], 5, 0]
['6', [2, 3], [5, 2], 6, -1]
['7', [3, 4], [2, 10], 7, 36]
['8', [1], [1], 8, 1]
['9', [5, 6], [0, -1], 9, 2]
['1', ['SYSIN'], [2], 1, 2]
['2', ['SYSIN'], [3], 2, 5]
['3', ['SYSIN'], [3], 3, 11]
['4', ['SYSIN'], [4], 4, 13]
['5', [1, 2], [2, 5], 5, 2]
['6', [2, 3], [5, 11], 6, -37]
['7', [3, 4], [11, 13], 7, 81]
['8', [1], [2], 8, 4]
['9', [5, 6], [2, -37], 9, 48]
['1', ['SYSIN'], [1], 1, 1]
['2', ['SYSIN'], [3], 2, 5]
['3', ['SYSIN'], [4], 3, 14]
['4', ['SYSIN'], [4], 4, 13]
['5', [1, 2], [1, 5], 5, 0]
['6', [2, 3], [5, 14], 6, -49]
['7', [3, 4], [14, 13], 7, 93]
['8', [1], [1], 8, 1]
['9', [5, 6], [0, -49], 9, 50]
['1', ['SYSIN'], [4], 1, 4]
['2', ['SYSIN'], [0], 2, -1]
['3', ['SYSIN'], [4], 3, 14]
['4', ['SYSIN'], [0], 4, 9]
['5', [1, 2], [4, -1], 5, 12]
['6', [2, 3], [-1, 14], 6, -55]
['7', [3, 4], [14, 9], 7, 81]
['8', [1], [4], 8, 10]
['9', [5, 6], [12, -55], 9, 116]
['1', ['SYSIN'], [0], 1, 0]
['2', ['SYSIN'], [4], 2, 7]
['3', ['SYSIN'], [2], 3, 8]
['4', ['SYSIN'], [1], 4, 10]
['5', [1, 2], [0, 7], 5, -4]
['6', [2, 3], [7, 8], 6, -23]
['7', [3, 4], [8, 10], 7, 60]
['8', [1], [0], 8, -2]
['9', [5, 6], [-4, -23], 9, 4]
['1', ['SYSIN'], [2], 1, 2]
['2', ['SYSIN'], [0], 2, -1]
['3', ['SYSIN'], [2], 3, 8]
['4', ['SYSIN'], [0], 4, 9]
['5', [1, 2], [2, -1], 5, 8]
['6', [2, 3], [-1, 8], 6, -31]
['7', [3, 4], [8, 9], 7, 57]
['8', [1], [2], 8, 4]
['9', [5, 6], [8, -31], 9, 72]
['1', ['SYSIN'], [0], 1, 0]
['2', ['SYSIN'], [2], 2, 3]
['3', ['SYSIN'], [2], 3, 8]
['4', ['SYSIN'], [2], 4, 11]
['5', [1, 2], [0, 3], 5, 0]
['6', [2, 3], [3, 8], 6, -27]
['7', [3, 4], [8, 11], 7, 63]
['8', [1], [0], 8, -2]
['9', [5, 6], [0, -27], 9, 28]
['1', ['SYSIN'], [2], 1, 2]
['2', ['SYSIN'], [0], 2, -1]
['3', ['SYSIN'], [0], 3, 2]
['4', ['SYSIN'], [0], 4, 9]
['5', [1, 2], [2, -1], 5, 8]
['6', [2, 3], [-1, 2], 6, -7]
['7', [3, 4], [2, 9], 7, 33]
['8', [1], [2], 8, 4]
['9', [5, 6], [8, -7], 9, 48]
['1', ['SYSIN'], [0], 1, 0]
['2', ['SYSIN'], [1], 2, 1]
['3', ['SYSIN'], [4], 3, 14]
['4', ['SYSIN'], [3], 4, 12]
['5', [1, 2], [0, 1], 5, 2]
['6', [2, 3], [1, 14], 6, -53]
['7', [3, 4], [14, 12], 7, 90]
['8', [1], [0], 8, -2]
['9', [5, 6], [2, -53], 9, 64]
['1', ['SYSIN'], [4], 1, 4]
['2', ['SYSIN'], [4], 2, 7]
['3', ['SYSIN'], [1], 3, 5]
['4', ['SYSIN'], [1], 4, 10]
['5', [1, 2], [4, 7], 5, 4]
['6', [2, 3], [7, 5], 6, -11]
['7', [3, 4], [5, 10], 7, 48]
['8', [1], [4], 8, 10]
['9', [5, 6], [4, -11], 9, 32]
['1', ['SYSIN'], [3], 1, 3]
['2', ['SYSIN'], [4], 2, 7]
['3', ['SYSIN'], [2], 3, 8]
['4', ['SYSIN'], [3], 4, 12]
['5', [1, 2], [3, 7], 5, 2]
['6', [2, 3], [7, 8], 6, -23]
['7', [3, 4], [8, 12], 7, 66]
['8', [1], [3], 8, 7]
['9', [5, 6], [2, -23], 9, 34]
['1', ['SYSIN'], [3], 1, 3]
['2', ['SYSIN'], [2], 2, 3]
['3', ['SYSIN'], [2], 3, 8]
['4', ['SYSIN'], [2], 4, 11]
['5', [1, 2], [3, 3], 5, 6]
['6', [2, 3], [3, 8], 6, -27]
['7', [3, 4], [8, 11], 7, 63]
['8', [1], [3], 8, 7]
['9', [5, 6], [6, -27], 9, 58]
['1', ['SYSIN'], [4], 1, 4]
['2', ['SYSIN'], [4], 2, 7]
['3', ['SYSIN'], [3], 3, 11]
['4', ['SYSIN'], [3], 4, 12]
['5', [1, 2], [4, 7], 5, 4]
['6', [2, 3], [7, 11], 6, -35]
['7', [3, 4], [11, 12], 7, 78]
['8', [1], [4], 8, 10]
['9', [5, 6], [4, -35], 9, 56]
['1', ['SYSIN'], [4], 1, 4]
['2', ['SYSIN'], [0], 2, -1]
['3', ['SYSIN'], [1], 3, 5]
['4', ['SYSIN'], [0], 4, 9]
['5', [1, 2], [4, -1], 5, 12]
['6', [2, 3], [-1, 5], 6, -19]
['7', [3, 4], [5, 9], 7, 45]
['8', [1], [4], 8, 10]
['9', [5, 6], [12, -19], 9, 80]
['1', ['SYSIN'], [0], 1, 0]
['2', ['SYSIN'], [4], 2, 7]
['3', ['SYSIN'], [1], 3, 5]
['4', ['SYSIN'], [4], 4, 13]
['5', [1, 2], [0, 7], 5, -4]
['6', [2, 3], [7, 5], 6, -11]
['7', [3, 4], [5, 13], 7, 57]
['8', [1], [0], 8, -2]
['9', [5, 6], [-4, -11], 9, -8]
['1', ['SYSIN'], [0], 1, 0]
['2', ['SYSIN'], [1], 2, 1]
['3', ['SYSIN'], [1], 3, 5]
['4', ['SYSIN'], [2], 4, 11]
['5', [1, 2], [0, 1], 5, 2]
['6', [2, 3], [1, 5], 6, -17]
['7', [3, 4], [5, 11], 7, 51]
['8', [1], [0], 8, -2]
['9', [5, 6], [2, -17], 9, 28]
['1', ['SYSIN'], [0], 1, 0]
['2', ['SYSIN'], [0], 2, -1]
['3', ['SYSIN'], [3], 3, 11]
['4', ['SYSIN'], [4], 4, 13]
['5', [1, 2], [0, -1], 5, 4]
['6', [2, 3], [-1, 11], 6, -43]
['7', [3, 4], [11, 13], 7, 81]
['8', [1], [0], 8, -2]
['9', [5, 6], [4, -43], 9, 64]
['1', ['SYSIN'], [3], 1, 3]
['2', ['SYSIN'], [0], 2, -1]
['3', ['SYSIN'], [3], 3, 11]
['4', ['SYSIN'], [1], 4, 10]
['5', [1, 2], [3, -1], 5, 10]
['6', [2, 3], [-1, 11], 6, -43]
['7', [3, 4], [11, 10], 7, 72]
['8', [1], [3], 8, 7]
['9', [5, 6], [10, -43], 9, 94]
['1', ['SYSIN'], [3], 1, 3]
['2', ['SYSIN'], [4], 2, 7]
['3', ['SYSIN'], [3], 3, 11]
['4', ['SYSIN'], [1], 4, 10]
['5', [1, 2], [3, 7], 5, 2]
['6', [2, 3], [7, 11], 6, -35]
['7', [3, 4], [11, 10], 7, 72]
['8', [1], [3], 8, 7]
['9', [5, 6], [2, -35], 9, 46]
['1', ['SYSIN'], [3], 1, 3]
['2', ['SYSIN'], [1], 2, 1]
['3', ['SYSIN'], [3], 3, 11]
['4', ['SYSIN'], [3], 4, 12]
['5', [1, 2], [3, 1], 5, 8]
['6', [2, 3], [1, 11], 6, -41]
['7', [3, 4], [11, 12], 7, 78]
['8', [1], [3], 8, 7]
['9', [5, 6], [8, -41], 9, 82]
['1', ['SYSIN'], [2], 1, 2]
['2', ['SYSIN'], [3], 2, 5]
['3', ['SYSIN'], [1], 3, 5]
['4', ['SYSIN'], [3], 4, 12]
['5', [1, 2], [2, 5], 5, 2]
['6', [2, 3], [5, 5], 6, -13]
['7', [3, 4], [5, 12], 7, 54]
['8', [1], [2], 8, 4]
['9', [5, 6], [2, -13], 9, 24]
['1', ['SYSIN'], [1], 1, 1]
['2', ['SYSIN'], [3], 2, 5]
['3', ['SYSIN'], [0], 3, 2]
['4', ['SYSIN'], [3], 4, 12]
['5', [1, 2], [1, 5], 5, 0]
['6', [2, 3], [5, 2], 6, -1]
['7', [3, 4], [2, 12], 7, 42]
['8', [1], [1], 8, 1]
['9', [5, 6], [0, -1], 9, 2]
['1', ['SYSIN'], [2], 1, 2]
['2', ['SYSIN'], [3], 2, 5]
['3', ['SYSIN'], [1], 3, 5]
['4', ['SYSIN'], [0], 4, 9]
['5', [1, 2], [2, 5], 5, 2]
['6', [2, 3], [5, 5], 6, -13]
['7', [3, 4], [5, 9], 7, 45]
['8', [1], [2], 8, 4]
['9', [5, 6], [2, -13], 9, 24]
['1', ['SYSIN'], [0], 1, 0]
['2', ['SYSIN'], [0], 2, -1]
['3', ['SYSIN'], [1], 3, 5]
['4', ['SYSIN'], [4], 4, 13]
['5', [1, 2], [0, -1], 5, 4]
['6', [2, 3], [-1, 5], 6, -19]
['7', [3, 4], [5, 13], 7, 57]
['8', [1], [0], 8, -2]
['9', [5, 6], [4, -19], 9, 40]
['1', ['SYSIN'], [2], 1, 2]
['2', ['SYSIN'], [3], 2, 5]
['3', ['SYSIN'], [1], 3, 5]
['4', ['SYSIN'], [3], 4, 12]
['5', [1, 2], [2, 5], 5, 2]
['6', [2, 3], [5, 5], 6, -13]
['7', [3, 4], [5, 12], 7, 54]
['8', [1], [2], 8, 4]
['9', [5, 6], [2, -13], 9, 24]
['1', ['SYSIN'], [1], 1, 1]
['2', ['SYSIN'], [4], 2, 7]
['3', ['SYSIN'], [4], 3, 14]
['4', ['SYSIN'], [2], 4, 11]
['5', [1, 2], [1, 7], 5, -2]
['6', [2, 3], [7, 14], 6, -47]
['7', [3, 4], [14, 11], 7, 87]
['8', [1], [1], 8, 1]
['9', [5, 6], [-2, -47], 9, 38]
['1', ['SYSIN'], [0], 1, 0]
['2', ['SYSIN'], [3], 2, 5]
['3', ['SYSIN'], [2], 3, 8]
['4', ['SYSIN'], [3], 4, 12]
['5', [1, 2], [0, 5], 5, -2]
['6', [2, 3], [5, 8], 6, -25]
['7', [3, 4], [8, 12], 7, 66]
['8', [1], [0], 8, -2]
['9', [5, 6], [-2, -25], 9, 16]
['1', ['SYSIN'], [3], 1, 3]
['2', ['SYSIN'], [2], 2, 3]
['3', ['SYSIN'], [1], 3, 5]
['4', ['SYSIN'], [1], 4, 10]
['5', [1, 2], [3, 3], 5, 6]
['6', [2, 3], [3, 5], 6, -15]
['7', [3, 4], [5, 10], 7, 48]
['8', [1], [3], 8, 7]
['9', [5, 6], [6, -15], 9, 46]
['1', ['SYSIN'], [3], 1, 3]
['2', ['SYSIN'], [3], 2, 5]
['3', ['SYSIN'], [0], 3, 2]
['4', ['SYSIN'], [3], 4, 12]
['5', [1, 2], [3, 5], 5, 4]
['6', [2, 3], [5, 2], 6, -1]
['7', [3, 4], [2, 12], 7, 42]
['8', [1], [3], 8, 7]
['9', [5, 6], [4, -1], 9, 22]
['1', ['SYSIN'], [4], 1, 4]
['2', ['SYSIN'], [1], 2, 1]
['3', ['SYSIN'], [4], 3, 14]
['4', ['SYSIN'], [0], 4, 9]
['5', [1, 2], [4, 1], 5, 10]
['6', [2, 3], [1, 14], 6, -53]
['7', [3, 4], [14, 9], 7, 81]
['8', [1], [4], 8, 10]
['9', [5, 6], [10, -53], 9, 104]
['1', ['SYSIN'], [1], 1, 1]
['2', ['SYSIN'], [2], 2, 3]
['3', ['SYSIN'], [1], 3, 5]
['4', ['SYSIN'], [2], 4, 11]
['5', [1, 2], [1, 3], 5, 2]
['6', [2, 3], [3, 5], 6, -15]
['7', [3, 4], [5, 11], 7, 51]
['8', [1], [1], 8, 1]
['9', [5, 6], [2, -15], 9, 26]
['1', ['SYSIN'], [1], 1, 1]
['2', ['SYSIN'], [4], 2, 7]
['3', ['SYSIN'], [1], 3, 5]
['4', ['SYSIN'], [3], 4, 12]
['5', [1, 2], [1, 7], 5, -2]
['6', [2, 3], [7, 5], 6, -11]
['7', [3, 4], [5, 12], 7, 54]
['8', [1], [1], 8, 1]
['9', [5, 6], [-2, -11], 9, 2]
['1', ['SYSIN'], [3], 1, 3]
['2', ['SYSIN'], [4], 2, 7]
['3', ['SYSIN'], [3], 3, 11]
['4', ['SYSIN'], [4], 4, 13]
['5', [1, 2], [3, 7], 5, 2]
['6', [2, 3], [7, 11], 6, -35]
['7', [3, 4], [11, 13], 7, 81]
['8', [1], [3], 8, 7]
['9', [5, 6], [2, -35], 9, 46]
['1', ['SYSIN'], [4], 1, 4]
['2', ['SYSIN'], [1], 2, 1]
['3', ['SYSIN'], [4], 3, 14]
['4', ['SYSIN'], [0], 4, 9]
['5', [1, 2], [4, 1], 5, 10]
['6', [2, 3], [1, 14], 6, -53]
['7', [3, 4], [14, 9], 7, 81]
['8', [1], [4], 8, 10]
['9', [5, 6], [10, -53], 9, 104]
['1', ['SYSIN'], [1], 1, 1]
['2', ['SYSIN'], [3], 2, 5]
['3', ['SYSIN'], [1], 3, 5]
['4', ['SYSIN'], [3], 4, 12]
['5', [1, 2], [1, 5], 5, 0]
['6', [2, 3], [5, 5], 6, -13]
['7', [3, 4], [5, 12], 7, 54]
['8', [1], [1], 8, 1]
['9', [5, 6], [0, -13], 9, 14]
['1', ['SYSIN'], [3], 1, 3]
['2', ['SYSIN'], [2], 2, 3]
['3', ['SYSIN'], [0], 3, 2]
['4', ['SYSIN'], [3], 4, 12]
['5', [1, 2], [3, 3], 5, 6]
['6', [2, 3], [3, 2], 6, -3]
['7', [3, 4], [2, 12], 7, 42]
['8', [1], [3], 8, 7]
['9', [5, 6], [6, -3], 9, 34]
['1', ['SYSIN'], [4], 1, 4]
['2', ['SYSIN'], [0], 2, -1]
['3', ['SYSIN'], [3], 3, 11]
['4', ['SYSIN'], [2], 4, 11]
['5', [1, 2], [4, -1], 5, 12]
['6', [2, 3], [-1, 11], 6, -43]
['7', [3, 4], [11, 11], 7, 75]
['8', [1], [4], 8, 10]
['9', [5, 6], [12, -43], 9, 104]
['1', ['SYSIN'], [4], 1, 4]
['2', ['SYSIN'], [1], 2, 1]
['3', ['SYSIN'], [0], 3, 2]
['4', ['SYSIN'], [1], 4, 10]
['5', [1, 2], [4, 1], 5, 10]
['6', [2, 3], [1, 2], 6, -5]
['7', [3, 4], [2, 10], 7, 36]
['8', [1], [4], 8, 10]
['9', [5, 6], [10, -5], 9, 56]
['1', ['SYSIN'], [1], 1, 1]
['2', ['SYSIN'], [2], 2, 3]
['3', ['SYSIN'], [2], 3, 8]
['4', ['SYSIN'], [1], 4, 10]
['5', [1, 2], [1, 3], 5, 2]
['6', [2, 3], [3, 8], 6, -27]
['7', [3, 4], [8, 10], 7, 60]
['8', [1], [1], 8, 1]
['9', [5, 6], [2, -27], 9, 38]
['1', ['SYSIN'], [2], 1, 2]
['2', ['SYSIN'], [2], 2, 3]
['3', ['SYSIN'], [2], 3, 8]
['4', ['SYSIN'], [4], 4, 13]
['5', [1, 2], [2, 3], 5, 4]
['6', [2, 3], [3, 8], 6, -27]
['7', [3, 4], [8, 13], 7, 69]
['8', [1], [2], 8, 4]
['9', [5, 6], [4, -27], 9, 48]
['1', ['SYSIN'], [2], 1, 2]
['2', ['SYSIN'], [1], 2, 1]
['3', ['SYSIN'], [0], 3, 2]
['4', ['SYSIN'], [1], 4, 10]
['5', [1, 2], [2, 1], 5, 6]
['6', [2, 3], [1, 2], 6, -5]
['7', [3, 4], [2, 10], 7, 36]
['8', [1], [2], 8, 4]
['9', [5, 6], [6, -5], 9, 36]
['1', ['SYSIN'], [1], 1, 1]
['2', ['SYSIN'], [4], 2, 7]
['3', ['SYSIN'], [2], 3, 8]
['4', ['SYSIN'], [2], 4, 11]
['5', [1, 2], [1, 7], 5, -2]
['6', [2, 3], [7, 8], 6, -23]
['7', [3, 4], [8, 11], 7, 63]
['8', [1], [1], 8, 1]
['9', [5, 6], [-2, -23], 9, 14]
['1', ['SYSIN'], [1], 1, 1]
['2', ['SYSIN'], [4], 2, 7]
['3', ['SYSIN'], [3], 3, 11]
['4', ['SYSIN'], [4], 4, 13]
['5', [1, 2], [1, 7], 5, -2]
['6', [2, 3], [7, 11], 6, -35]
['7', [3, 4], [11, 13], 7, 81]
['8', [1], [1], 8, 1]
['9', [5, 6], [-2, -35], 9, 26]
['1', ['SYSIN'], [3], 1, 3]
['2', ['SYSIN'], [1], 2, 1]
['3', ['SYSIN'], [0], 3, 2]
['4', ['SYSIN'], [0], 4, 9]
['5', [1, 2], [3, 1], 5, 8]
['6', [2, 3], [1, 2], 6, -5]
['7', [3, 4], [2, 9], 7, 33]
['8', [1], [3], 8, 7]
['9', [5, 6], [8, -5], 9, 46]
['1', ['SYSIN'], [4], 1, 4]
['2', ['SYSIN'], [4], 2, 7]
['3', ['SYSIN'], [2], 3, 8]
['4', ['SYSIN'], [1], 4, 10]
['5', [1, 2], [4, 7], 5, 4]
['6', [2, 3], [7, 8], 6, -23]
['7', [3, 4], [8, 10], 7, 60]
['8', [1], [4], 8, 10]
['9', [5, 6], [4, -23], 9, 44]
['1', ['SYSIN'], [0], 1, 0]
['2', ['SYSIN'], [1], 2, 1]
['3', ['SYSIN'], [1], 3, 5]
['4', ['SYSIN'], [1], 4, 10]
['5', [1, 2], [0, 1], 5, 2]
['6', [2, 3], [1, 5], 6, -17]
['7', [3, 4], [5, 10], 7, 48]
['8', [1], [0], 8, -2]
['9', [5, 6], [2, -17], 9, 28]
['1', ['SYSIN'], [2], 1, 2]
['2', ['SYSIN'], [4], 2, 7]
['3', ['SYSIN'], [3], 3, 11]
['4', ['SYSIN'], [4], 4, 13]
['5', [1, 2], [2, 7], 5, 0]
['6', [2, 3], [7, 11], 6, -35]
['7', [3, 4], [11, 13], 7, 81]
['8', [1], [2], 8, 4]
['9', [5, 6], [0, -35], 9, 36]
['1', ['SYSIN'], [2], 1, 2]
['2', ['SYSIN'], [3], 2, 5]
['3', ['SYSIN'], [3], 3, 11]
['4', ['SYSIN'], [3], 4, 12]
['5', [1, 2], [2, 5], 5, 2]
['6', [2, 3], [5, 11], 6, -37]
['7', [3, 4], [11, 12], 7, 78]
['8', [1], [2], 8, 4]
['9', [5, 6], [2, -37], 9, 48]
['1', ['SYSIN'], [0], 1, 0]
['2', ['SYSIN'], [3], 2, 5]
['3', ['SYSIN'], [2], 3, 8]
['4', ['SYSIN'], [2], 4, 11]
['5', [1, 2], [0, 5], 5, -2]
['6', [2, 3], [5, 8], 6, -25]
['7', [3, 4], [8, 11], 7, 63]
['8', [1], [0], 8, -2]
['9', [5, 6], [-2, -25], 9, 16]
['1', ['SYSIN'], [2], 1, 2]
['2', ['SYSIN'], [3], 2, 5]
['3', ['SYSIN'], [4], 3, 14]
['4', ['SYSIN'], [1], 4, 10]
['5', [1, 2], [2, 5], 5, 2]
['6', [2, 3], [5, 14], 6, -49]
['7', [3, 4], [14, 10], 7, 84]
['8', [1], [2], 8, 4]
['9', [5, 6], [2, -49], 9, 60]
['1', ['SYSIN'], [1], 1, 1]
['2', ['SYSIN'], [1], 2, 1]
['3', ['SYSIN'], [3], 3, 11]
['4', ['SYSIN'], [4], 4, 13]
['5', [1, 2], [1, 1], 5, 4]
['6', [2, 3], [1, 11], 6, -41]
['7', [3, 4], [11, 13], 7, 81]
['8', [1], [1], 8, 1]
['9', [5, 6], [4, -41], 9, 62]
['1', ['SYSIN'], [3], 1, 3]
['2', ['SYSIN'], [0], 2, -1]
['3', ['SYSIN'], [3], 3, 11]
['4', ['SYSIN'], [4], 4, 13]
['5', [1, 2], [3, -1], 5, 10]
['6', [2, 3], [-1, 11], 6, -43]
['7', [3, 4], [11, 13], 7, 81]
['8', [1], [3], 8, 7]
['9', [5, 6], [10, -43], 9, 94]

TotalBuggyObservations:
10

BuggyObservations:
['1', ['SYSIN'], [1], 1, 1]
['2', ['SYSIN'], [3], 2, 5]
['3', ['SYSIN'], [4], 3, 14]
['4', ['SYSIN'], [1], 4, 10]
['5', [1, 2], [1, 5], 5, -2]
['6', [2, 3], [5, 14], 6, -99]
['7', [3, 4], [14, 10], 7, 84]
['8', [1], [1], 8, 1]
['9', [5, 6], [-2, -99], 9, 90]
['1', ['SYSIN'], [2], 1, 2]
['2', ['SYSIN'], [1], 2, 1]
['3', ['SYSIN'], [4], 3, 14]
['4', ['SYSIN'], [3], 4, 12]
['5', [1, 2], [2, 1], 5, 10]
['6', [2, 3], [1, 14], 6, -107]
['7', [3, 4], [14, 12], 7, 90]
['8', [1], [2], 8, 4]
['9', [5, 6], [10, -107], 9, 158]
['1', ['SYSIN'], [2], 1, 2]
['2', ['SYSIN'], [4], 2, 7]
['3', ['SYSIN'], [2], 3, 8]
['4', ['SYSIN'], [1], 4, 10]
['5', [1, 2], [2, 7], 5, -2]
['6', [2, 3], [7, 8], 6, -47]
['7', [3, 4], [8, 10], 7, 60]
['8', [1], [2], 8, 4]
['9', [5, 6], [-2, -47], 9, 38]
['1', ['SYSIN'], [2], 1, 2]
['2', ['SYSIN'], [4], 2, 7]
['3', ['SYSIN'], [0], 3, 2]
['4', ['SYSIN'], [4], 4, 13]
['5', [1, 2], [2, 7], 5, -2]
['6', [2, 3], [7, 2], 6, 1]
['7', [3, 4], [2, 13], 7, 45]
['8', [1], [2], 8, 4]
['9', [5, 6], [-2, 1], 9, -10]
['1', ['SYSIN'], [1], 1, 1]
['2', ['SYSIN'], [1], 2, 1]
['3', ['SYSIN'], [3], 3, 11]
['4', ['SYSIN'], [0], 4, 9]
['5', [1, 2], [1, 1], 5, 6]
['6', [2, 3], [1, 11], 6, -83]
['7', [3, 4], [11, 9], 7, 69]
['8', [1], [1], 8, 1]
['9', [5, 6], [6, -83], 9, 114]
['1', ['SYSIN'], [2], 1, 2]
['2', ['SYSIN'], [3], 2, 5]
['3', ['SYSIN'], [4], 3, 14]
['4', ['SYSIN'], [3], 4, 12]
['5', [1, 2], [2, 5], 5, 2]
['6', [2, 3], [5, 14], 6, -99]
['7', [3, 4], [14, 12], 7, 90]
['8', [1], [2], 8, 4]
['9', [5, 6], [2, -99], 9, 110]
['1', ['SYSIN'], [1], 1, 1]
['2', ['SYSIN'], [0], 2, -1]
['3', ['SYSIN'], [1], 3, 5]
['4', ['SYSIN'], [4], 4, 13]
['5', [1, 2], [1, -1], 5, 10]
['6', [2, 3], [-1, 5], 6, -39]
['7', [3, 4], [5, 13], 7, 57]
['8', [1], [1], 8, 1]
['9', [5, 6], [10, -39], 9, 90]
['1', ['SYSIN'], [1], 1, 1]
['2', ['SYSIN'], [0], 2, -1]
['3', ['SYSIN'], [0], 3, 2]
['4', ['SYSIN'], [2], 4, 11]
['5', [1, 2], [1, -1], 5, 10]
['6', [2, 3], [-1, 2], 6, -15]
['7', [3, 4], [2, 11], 7, 39]
['8', [1], [1], 8, 1]
['9', [5, 6], [10, -15], 9, 66]
['1', ['SYSIN'], [0], 1, 0]
['2', ['SYSIN'], [3], 2, 5]
['3', ['SYSIN'], [4], 3, 14]
['4', ['SYSIN'], [2], 4, 11]
['5', [1, 2], [0, 5], 5, -6]
['6', [2, 3], [5, 14], 6, -99]
['7', [3, 4], [14, 11], 7, 87]
['8', [1], [0], 8, -2]
['9', [5, 6], [-6, -99], 9, 70]
['1', ['SYSIN'], [4], 1, 4]
['2', ['SYSIN'], [1], 2, 1]
['3', ['SYSIN'], [3], 3, 11]
['4', ['SYSIN'], [3], 4, 12]
['5', [1, 2], [4, 1], 5, 18]
['6', [2, 3], [1, 11], 6, -83]
['7', [3, 4], [11, 12], 7, 78]
['8', [1], [4], 8, 10]
['9', [5, 6], [18, -83], 9, 174]

BuggyIds
5, 6

MinRange:
0

MaxRange:
4
