Subsystems:
9
8
7
6
5
4
3
2
1

SYSINS:
1, 2, 3, 4

SYSOUTS:
9, 8, 7, 6, 5, 4, 3, 2, 1

TotalRegularObservations:
50

NormalObservations:
['1', ['SYSIN'], [5], 1, 5]
['2', ['SYSIN'], [1], 2, 1]
['3', ['SYSIN'], [0], 3, 2]
['4', ['SYSIN'], [4], 4, 13]
['5', [1, 2], [5, 1], 5, 12]
['6', [2, 3], [1, 2], 6, -5]
['7', [3, 4], [2, 13], 7, 45]
['8', [1], [5], 8, 13]
['9', [5, 6], [12, -5], 9, 66]
['1', ['SYSIN'], [0], 1, 0]
['2', ['SYSIN'], [6], 2, 11]
['3', ['SYSIN'], [8], 3, 26]
['4', ['SYSIN'], [7], 4, 16]
['5', [1, 2], [0, 11], 5, -8]
['6', [2, 3], [11, 26], 6, -91]
['7', [3, 4], [26, 16], 7, 150]
['8', [1], [0], 8, -2]
['9', [5, 6], [-8, -91], 9, 52]
['1', ['SYSIN'], [6], 1, 6]
['2', ['SYSIN'], [6], 2, 11]
['3', ['SYSIN'], [2], 3, 8]
['4', ['SYSIN'], [1], 4, 10]
['5', [1, 2], [6, 11], 5, 4]
['6', [2, 3], [11, 8], 6, -19]
['7', [3, 4], [8, 10], 7, 60]
['8', [1], [6], 8, 16]
['9', [5, 6], [4, -19], 9, 40]
['1', ['SYSIN'], [0], 1, 0]
['2', ['SYSIN'], [1], 2, 1]
['3', ['SYSIN'], [2], 3, 8]
['4', ['SYSIN'], [3], 4, 12]
['5', [1, 2], [0, 1], 5, 2]
['6', [2, 3], [1, 8], 6, -29]
['7', [3, 4], [8, 12], 7, 66]
['8', [1], [0], 8, -2]
['9', [5, 6], [2, -29], 9, 40]
['1', ['SYSIN'], [8], 1, 8]
['2', ['SYSIN'], [5], 2, 9]
['3', ['SYSIN'], [6], 3, 20]
['4', ['SYSIN'], [9], 4, 18]
['5', [1, 2], [8, 9], 5, 10]
['6', [2, 3], [9, 20], 6, -69]
['7', [3, 4], [20, 18], 7, 132]
['8', [1], [8], 8, 22]
['9', [5, 6], [10, -69], 9, 120]
['1', ['SYSIN'], [7], 1, 7]
['2', ['SYSIN'], [3], 2, 5]
['3', ['SYSIN'], [9], 3, 29]
['4', ['SYSIN'], [1], 4, 10]
['5', [1, 2], [7, 5], 5, 12]
['6', [2, 3], [5, 29], 6, -109]
['7', [3, 4], [29, 10], 7, 144]
['8', [1], [7], 8, 19]
['9', [5, 6], [12, -109], 9, 170]
['1', ['SYSIN'], [5], 1, 5]
['2', ['SYSIN'], [7], 2, 13]
['3', ['SYSIN'], [8], 3, 26]
['4', ['SYSIN'], [3], 4, 12]
['5', [1, 2], [5, 13], 5, 0]
['6', [2, 3], [13, 26], 6, -89]
['7', [3, 4], [26, 12], 7, 138]
['8', [1], [5], 8, 13]
['9', [5, 6], [0, -89], 9, 90]
['1', ['SYSIN'], [9], 1, 9]
['2', ['SYSIN'], [8], 2, 15]
['3', ['SYSIN'], [7], 3, 23]
['4', ['SYSIN'], [6], 4, 15]
['5', [1, 2], [9, 15], 5, 6]
['6', [2, 3], [15, 23], 6, -75]
['7', [3, 4], [23, 15], 7, 135]
['8', [1], [9], 8, 25]
['9', [5, 6], [6, -75], 9, 106]
['1', ['SYSIN'], [2], 1, 2]
['2', ['SYSIN'], [3], 2, 5]
['3', ['SYSIN'], [7], 3, 23]
['4', ['SYSIN'], [2], 4, 11]
['5', [1, 2], [2, 5], 5, 2]
['6', [2, 3], [5, 23], 6, -85]
['7', [3, 4], [23, 11], 7, 123]
['8', [1], [2], 8, 4]
['9', [5, 6], [2, -85], 9, 96]
['1', ['SYSIN'], [0], 1, 0]
['2', ['SYSIN'], [2], 2, 3]
['3', ['SYSIN'], [1], 3, 5]
['4', ['SYSIN'], [2], 4, 11]
['5', [1, 2], [0, 3], 5, 0]
['6', [2, 3], [3, 5], 6, -15]
['7', [3, 4], [5, 11], 7, 51]
['8', [1], [0], 8, -2]
['9', [5, 6], [0, -15], 9, 16]
['1', ['SYSIN'], [3], 1, 3]
['2', ['SYSIN'], [1], 2, 1]
['3', ['SYSIN'], [0], 3, 2]
['4', ['SYSIN'], [6], 4, 15]
['5', [1, 2], [3, 1], 5, 8]
['6', [2, 3], [1, 2], 6, -5]
['7', [3, 4], [2, 15], 7, 51]
['8', [1], [3], 8, 7]
['9', [5, 6], [8, -5], 9, 46]
['1', ['SYSIN'], [9], 1, 9]
['2', ['SYSIN'], [4], 2, 7]
['3', ['SYSIN'], [8], 3, 26]
['4', ['SYSIN'], [9], 4, 18]
['5', [1, 2], [9, 7], 5, 14]
['6', [2, 3], [7, 26], 6, -95]
['7', [3, 4], [26, 18], 7, 156]
['8', [1], [9], 8, 25]
['9', [5, 6], [14, -95], 9, 166]
['1', ['SYSIN'], [2], 1, 2]
['2', ['SYSIN'], [9], 2, 17]
['3', ['SYSIN'], [7], 3, 23]
['4', ['SYSIN'], [9], 4, 18]
['5', [1, 2], [2, 17], 5, -10]
['6', [2, 3], [17, 23], 6, -73]
['7', [3, 4], [23, 18], 7, 144]
['8', [1], [2], 8, 4]
['9', [5, 6], [-10, -73], 9, 24]
['1', ['SYSIN'], [4], 1, 4]
['2', ['SYSIN'], [3], 2, 5]
['3', ['SYSIN'], [8], 3, 26]
['4', ['SYSIN'], [7], 4, 16]
['5', [1, 2], [4, 5], 5, 6]
['6', [2, 3], [5, 26], 6, -97]
['7', [3, 4], [26, 16], 7, 150]
['8', [1], [4], 8, 10]
['9', [5, 6], [6, -97], 9, 128]
['1', ['SYSIN'], [7], 1, 7]
['2', ['SYSIN'], [1], 2, 1]
['3', ['SYSIN'], [1], 3, 5]
['4', ['SYSIN'], [0], 4, 9]
['5', [1, 2], [7, 1], 5, 16]
['6', [2, 3], [1, 5], 6, -17]
['7', [3, 4], [5, 9], 7, 45]
['8', [1], [7], 8, 19]
['9', [5, 6], [16, -17], 9, 98]
['1', ['SYSIN'], [5], 1, 5]
['2', ['SYSIN'], [9], 2, 17]
['3', ['SYSIN'], [6], 3, 20]
['4', ['SYSIN'], [8], 4, 17]
['5', [1, 2], [5, 17], 5, -4]
['6', [2, 3], [17, 20], 6, -61]
['7', [3, 4], [20, 17], 7, 129]
['8', [1], [5], 8, 13]
['9', [5, 6], [-4, -61], 9, 42]
['1', ['SYSIN'], [5], 1, 5]
['2', ['SYSIN'], [5], 2, 9]
['3', ['SYSIN'], [8], 3, 26]
['4', ['SYSIN'], [5], 4, 14]
['5', [1, 2], [5, 9], 5, 4]
['6', [2, 3], [9, 26], 6, -93]
['7', [3, 4], [26, 14], 7, 144]
['8', [1], [5], 8, 13]
['9', [5, 6], [4, -93], 9, 114]
['1', ['SYSIN'], [0], 1, 0]
['2', ['SYSIN'], [8], 2, 15]
['3', ['SYSIN'], [7], 3, 23]
['4', ['SYSIN'], [4], 4, 13]
['5', [1, 2], [0, 15], 5, -12]
['6', [2, 3], [15, 23], 6, -75]
['7', [3, 4], [23, 13], 7, 129]
['8', [1], [0], 8, -2]
['9', [5, 6], [-12, -75], 9, 16]
['1', ['SYSIN'], [8], 1, 8]
['2', ['SYSIN'], [7], 2, 13]
['3', ['SYSIN'], [9], 3, 29]
['4', ['SYSIN'], [0], 4, 9]
['5', [1, 2], [8, 13], 5, 6]
['6', [2, 3], [13, 29], 6, -101]
['7', [3, 4], [29, 9], 7, 141]
['8', [1], [8], 8, 22]
['9', [5, 6], [6, -101], 9, 132]
['1', ['SYSIN'], [1], 1, 1]
['2', ['SYSIN'], [4], 2, 7]
['3', ['SYSIN'], [6], 3, 20]
['4', ['SYSIN'], [8], 4, 17]
['5', [1, 2], [1, 7], 5, -2]
['6', [2, 3], [7, 20], 6, -71]
['7', [3, 4], [20, 17], 7, 129]
['8', [1], [1], 8, 1]
['9', [5, 6], [-2, -71], 9, 62]
['1', ['SYSIN'], [2], 1, 2]
['2', ['SYSIN'], [2], 2, 3]
['3', ['SYSIN'], [6], 3, 20]
['4', ['SYSIN'], [3], 4, 12]
['5', [1, 2], [2, 3], 5, 4]
['6', [2, 3], [3, 20], 6, -75]
['7', [3, 4], [20, 12], 7, 114]
['8', [1], [2], 8, 4]
['9', [5, 6], [4, -75], 9, 96]
['1', ['SYSIN'], [3], 1, 3]
['2', ['SYSIN'], [8], 2, 15]
['3', ['SYSIN'], [8], 3, 26]
['4', ['SYSIN'], [9], 4, 18]
['5', [1, 2], [3, 15], 5, -6]
['6', [2, 3], [15, 26], 6, -87]
['7', [3, 4], [26, 18], 7, 156]
['8', [1], [3], 8, 7]
['9', [5, 6], [-6, -87], 9, 58]
['1', ['SYSIN'], [2], 1, 2]
['2', ['SYSIN'], [9], 2, 17]
['3', ['SYSIN'], [4], 3, 14]
['4', ['SYSIN'], [4], 4, 13]
['5', [1, 2], [2, 17], 5, -10]
['6', [2, 3], [17, 14], 6, -37]
['7', [3, 4], [14, 13], 7, 93]
['8', [1], [2], 8, 4]
['9', [5, 6], [-10, -37], 9, -12]
['1', ['SYSIN'], [1], 1, 1]
['2', ['SYSIN'], [7], 2, 13]
['3', ['SYSIN'], [3], 3, 11]
['4', ['SYSIN'], [4], 4, 13]
['5', [1, 2], [1, 13], 5, -8]
['6', [2, 3], [13, 11], 6, -29]
['7', [3, 4], [11, 13], 7, 81]
['8', [1], [1], 8, 1]
['9', [5, 6], [-8, -29], 9, -10]
['1', ['SYSIN'], [8], 1, 8]
['2', ['SYSIN'], [8], 2, 15]
['3', ['SYSIN'], [9], 3, 29]
['4', ['SYSIN'], [3], 4, 12]
['5', [1, 2], [8, 15], 5, 4]
['6', [2, 3], [15, 29], 6, -99]
['7', [3, 4], [29, 12], 7, 150]
['8', [1], [8], 8, 22]
['9', [5, 6], [4, -99], 9, 120]
['1', ['SYSIN'], [3], 1, 3]
['2', ['SYSIN'], [6], 2, 11]
['3', ['SYSIN'], [0], 3, 2]
['4', ['SYSIN'], [2], 4, 11]
['5', [1, 2], [3, 11], 5, -2]
['6', [2, 3], [11, 2], 6, 5]
['7', [3, 4], [2, 11], 7, 39]
['8', [1], [3], 8, 7]
['9', [5, 6], [-2, 5], 9, -14]
['1', ['SYSIN'], [7], 1, 7]
['2', ['SYSIN'], [8], 2, 15]
['3', ['SYSIN'], [6], 3, 20]
['4', ['SYSIN'], [4], 4, 13]
['5', [1, 2], [7, 15], 5, 2]
['6', [2, 3], [15, 20], 6, -63]
['7', [3, 4], [20, 13], 7, 117]
['8', [1], [7], 8, 19]
['9', [5, 6], [2, -63], 9, 74]
['1', ['SYSIN'], [9], 1, 9]
['2', ['SYSIN'], [3], 2, 5]
['3', ['SYSIN'], [6], 3, 20]
['4', ['SYSIN'], [4], 4, 13]
['5', [1, 2], [9, 5], 5, 16]
['6', [2, 3], [5, 20], 6, -73]
['7', [3, 4], [20, 13], 7, 117]
['8', [1], [9], 8, 25]
['9', [5, 6], [16, -73], 9, 154]
['1', ['SYSIN'], [4], 1, 4]
['2', ['SYSIN'], [2], 2, 3]
['3', ['SYSIN'], [0], 3, 2]
['4', ['SYSIN'], [7], 4, 16]
['5', [1, 2], [4, 3], 5, 8]
['6', [2, 3], [3, 2], 6, -3]
['7', [3, 4], [2, 16], 7, 54]
['8', [1], [4], 8, 10]
['9', [5, 6], [8, -3], 9, 44]
['1', ['SYSIN'], [9], 1, 9]
['2', ['SYSIN'], [4], 2, 7]
['3', ['SYSIN'], [1], 3, 5]
['4', ['SYSIN'], [7], 4, 16]
['5', [1, 2], [9, 7], 5, 14]
['6', [2, 3], [7, 5], 6, -11]
['7', [3, 4], [5, 16], 7, 66]
['8', [1], [9], 8, 25]
['9', [5, 6], [14, -11], 9, 82]
['1', ['SYSIN'], [8], 1, 8]
['2', ['SYSIN'], [9], 2, 17]
['3', ['SYSIN'], [3], 3, 11]
['4', ['SYSIN'], [5], 4, 14]
['5', [1, 2], [8, 17], 5, 2]
['6', [2, 3], [17, 11], 6, -25]
['7', [3, 4], [11, 14], 7, 84]
['8', [1], [8], 8, 22]
['9', [5, 6], [2, -25], 9, 36]
['1', ['SYSIN'], [4], 1, 4]
['2', ['SYSIN'], [0], 2, -1]
['3', ['SYSIN'], [0], 3, 2]
['4', ['SYSIN'], [2], 4, 11]
['5', [1, 2], [4, -1], 5, 12]
['6', [2, 3], [-1, 2], 6, -7]
['7', [3, 4], [2, 11], 7, 39]
['8', [1], [4], 8, 10]
['9', [5, 6], [12, -7], 9, 68]
['1', ['SYSIN'], [1], 1, 1]
['2', ['SYSIN'], [1], 2, 1]
['3', ['SYSIN'], [9], 3, 29]
['4', ['SYSIN'], [9], 4, 18]
['5', [1, 2], [1, 1], 5, 4]
['6', [2, 3], [1, 29], 6, -113]
['7', [3, 4], [29, 18], 7, 168]
['8', [1], [1], 8, 1]
['9', [5, 6], [4, -113], 9, 134]
['1', ['SYSIN'], [5], 1, 5]
['2', ['SYSIN'], [3], 2, 5]
['3', ['SYSIN'], [2], 3, 8]
['4', ['SYSIN'], [5], 4, 14]
['5', [1, 2], [5, 5], 5, 8]
['6', [2, 3], [5, 8], 6, -25]
['7', [3, 4], [8, 14], 7, 72]
['8', [1], [5], 8, 13]
['9', [5, 6], [8, -25], 9, 66]
['1', ['SYSIN'], [7], 1, 7]
['2', ['SYSIN'], [2], 2, 3]
['3', ['SYSIN'], [2], 3, 8]
['4', ['SYSIN'], [0], 4, 9]
['5', [1, 2], [7, 3], 5, 14]
['6', [2, 3], [3, 8], 6, -27]
['7', [3, 4], [8, 9], 7, 57]
['8', [1], [7], 8, 19]
['9', [5, 6], [14, -27], 9, 98]
['1', ['SYSIN'], [1], 1, 1]
['2', ['SYSIN'], [7], 2, 13]
['3', ['SYSIN'], [6], 3, 20]
['4', ['SYSIN'], [5], 4, 14]
['5', [1, 2], [1, 13], 5, -8]
['6', [2, 3], [13, 20], 6, -65]
['7', [3, 4], [20, 14], 7, 120]
['8', [1], [1], 8, 1]
['9', [5, 6], [-8, -65], 9, 26]
['1', ['SYSIN'], [3], 1, 3]
['2', ['SYSIN'], [4], 2, 7]
['3', ['SYSIN'], [5], 3, 17]
['4', ['SYSIN'], [0], 4, 9]
['5', [1, 2], [3, 7], 5, 2]
['6', [2, 3], [7, 17], 6, -59]
['7', [3, 4], [17, 9], 7, 93]
['8', [1], [3], 8, 7]
['9', [5, 6], [2, -59], 9, 70]
['1', ['SYSIN'], [7], 1, 7]
['2', ['SYSIN'], [2], 2, 3]
['3', ['SYSIN'], [0], 3, 2]
['4', ['SYSIN'], [0], 4, 9]
['5', [1, 2], [7, 3], 5, 14]
['6', [2, 3], [3, 2], 6, -3]
['7', [3, 4], [2, 9], 7, 33]
['8', [1], [7], 8, 19]
['9', [5, 6], [14, -3], 9, 74]
['1', ['SYSIN'], [9], 1, 9]
['2', ['SYSIN'], [0], 2, -1]
['3', ['SYSIN'], [3], 3, 11]
['4', ['SYSIN'], [5], 4, 14]
['5', [1, 2], [9, -1], 5, 22]
['6', [2, 3], [-1, 11], 6, -43]
['7', [3, 4], [11, 14], 7, 84]
['8', [1], [9], 8, 25]
['9', [5, 6], [22, -43], 9, 154]
['1', ['SYSIN'], [6], 1, 6]
['2', ['SYSIN'], [5], 2, 9]
['3', ['SYSIN'], [2], 3, 8]
['4', ['SYSIN'], [5], 4, 14]
['5', [1, 2], [6, 9], 5, 6]
['6', [2, 3], [9, 8], 6, -21]
['7', [3, 4], [8, 14], 7, 72]
['8', [1], [6], 8, 16]
['9', [5, 6], [6, -21], 9, 52]
['1', ['SYSIN'], [3], 1, 3]
['2', ['SYSIN'], [0], 2, -1]
['3', ['SYSIN'], [9], 3, 29]
['4', ['SYSIN'], [4], 4, 13]
['5', [1, 2], [3, -1], 5, 10]
['6', [2, 3], [-1, 29], 6, -115]
['7', [3, 4], [29, 13], 7, 153]
['8', [1], [3], 8, 7]
['9', [5, 6], [10, -115], 9, 166]
['1', ['SYSIN'], [9], 1, 9]
['2', ['SYSIN'], [8], 2, 15]
['3', ['SYSIN'], [2], 3, 8]
['4', ['SYSIN'], [8], 4, 17]
['5', [1, 2], [9, 15], 5, 6]
['6', [2, 3], [15, 8], 6, -15]
['7', [3, 4], [8, 17], 7, 81]
['8', [1], [9], 8, 25]
['9', [5, 6], [6, -15], 9, 46]
['1', ['SYSIN'], [4], 1, 4]
['2', ['SYSIN'], [4], 2, 7]
['3', ['SYSIN'], [3], 3, 11]
['4', ['SYSIN'], [6], 4, 15]
['5', [1, 2], [4, 7], 5, 4]
['6', [2, 3], [7, 11], 6, -35]
['7', [3, 4], [11, 15], 7, 87]
['8', [1], [4], 8, 10]
['9', [5, 6], [4, -35], 9, 56]
['1', ['SYSIN'], [3], 1, 3]
['2', ['SYSIN'], [4], 2, 7]
['3', ['SYSIN'], [7], 3, 23]
['4', ['SYSIN'], [3], 4, 12]
['5', [1, 2], [3, 7], 5, 2]
['6', [2, 3], [7, 23], 6, -83]
['7', [3, 4], [23, 12], 7, 126]
['8', [1], [3], 8, 7]
['9', [5, 6], [2, -83], 9, 94]
['1', ['SYSIN'], [1], 1, 1]
['2', ['SYSIN'], [1], 2, 1]
['3', ['SYSIN'], [5], 3, 17]
['4', ['SYSIN'], [0], 4, 9]
['5', [1, 2], [1, 1], 5, 4]
['6', [2, 3], [1, 17], 6, -65]
['7', [3, 4], [17, 9], 7, 93]
['8', [1], [1], 8, 1]
['9', [5, 6], [4, -65], 9, 86]
['1', ['SYSIN'], [7], 1, 7]
['2', ['SYSIN'], [4], 2, 7]
['3', ['SYSIN'], [4], 3, 14]
['4', ['SYSIN'], [9], 4, 18]
['5', [1, 2], [7, 7], 5, 10]
['6', [2, 3], [7, 14], 6, -47]
['7', [3, 4], [14, 18], 7, 108]
['8', [1], [7], 8, 19]
['9', [5, 6], [10, -47], 9, 98]
['1', ['SYSIN'], [6], 1, 6]
['2', ['SYSIN'], [9], 2, 17]
['3', ['SYSIN'], [7], 3, 23]
['4', ['SYSIN'], [1], 4, 10]
['5', [1, 2], [6, 17], 5, -2]
['6', [2, 3], [17, 23], 6, -73]
['7', [3, 4], [23, 10], 7, 120]
['8', [1], [6], 8, 16]
['9', [5, 6], [-2, -73], 9, 64]
['1', ['SYSIN'], [8], 1, 8]
['2', ['SYSIN'], [3], 2, 5]
['3', ['SYSIN'], [3], 3, 11]
['4', ['SYSIN'], [8], 4, 17]
['5', [1, 2], [8, 5], 5, 14]
['6', [2, 3], [5, 11], 6, -37]
['7', [3, 4], [11, 17], 7, 93]
['8', [1], [8], 8, 22]
['9', [5, 6], [14, -37], 9, 108]
['1', ['SYSIN'], [3], 1, 3]
['2', ['SYSIN'], [9], 2, 17]
['3', ['SYSIN'], [8], 3, 26]
['4', ['SYSIN'], [5], 4, 14]
['5', [1, 2], [3, 17], 5, -8]
['6', [2, 3], [17, 26], 6, -85]
['7', [3, 4], [26, 14], 7, 144]
['8', [1], [3], 8, 7]
['9', [5, 6], [-8, -85], 9, 46]
['1', ['SYSIN'], [8], 1, 8]
['2', ['SYSIN'], [8], 2, 15]
['3', ['SYSIN'], [8], 3, 26]
['4', ['SYSIN'], [0], 4, 9]
['5', [1, 2], [8, 15], 5, 4]
['6', [2, 3], [15, 26], 6, -87]
['7', [3, 4], [26, 9], 7, 129]
['8', [1], [8], 8, 22]
['9', [5, 6], [4, -87], 9, 108]

TotalBuggyObservations:
10

BuggyObservations:
['1', ['SYSIN'], [7], 1, 7]
['2', ['SYSIN'], [3], 2, 12]
['3', ['SYSIN'], [7], 3, 23]
['4', ['SYSIN'], [5], 4, 14]
['5', [1, 2], [7, 12], 5, 5]
['6', [2, 3], [12, 23], 6, -157]
['7', [3, 4], [23, 14], 7, 132]
['8', [1], [7], 8, 19]
['9', [5, 6], [5, -157], 9, 366]
['1', ['SYSIN'], [4], 1, 4]
['2', ['SYSIN'], [6], 2, 24]
['3', ['SYSIN'], [1], 3, 5]
['4', ['SYSIN'], [0], 4, 9]
['5', [1, 2], [4, 24], 5, -13]
['6', [2, 3], [24, 5], 6, 11]
['7', [3, 4], [5, 9], 7, 45]
['8', [1], [4], 8, 10]
['9', [5, 6], [-13, 11], 9, -150]
['1', ['SYSIN'], [4], 1, 4]
['2', ['SYSIN'], [8], 2, 32]
['3', ['SYSIN'], [3], 3, 11]
['4', ['SYSIN'], [6], 4, 15]
['5', [1, 2], [4, 32], 5, -21]
['6', [2, 3], [32, 11], 6, -21]
['7', [3, 4], [11, 15], 7, 87]
['8', [1], [4], 8, 10]
['9', [5, 6], [-21, -21], 9, -166]
['1', ['SYSIN'], [2], 1, 2]
['2', ['SYSIN'], [2], 2, 8]
['3', ['SYSIN'], [8], 3, 26]
['4', ['SYSIN'], [9], 4, 18]
['5', [1, 2], [2, 8], 5, -1]
['6', [2, 3], [8, 26], 6, -189]
['7', [3, 4], [26, 18], 7, 156]
['8', [1], [2], 8, 4]
['9', [5, 6], [-1, -189], 9, 370]
['1', ['SYSIN'], [8], 1, 8]
['2', ['SYSIN'], [1], 2, 4]
['3', ['SYSIN'], [1], 3, 5]
['4', ['SYSIN'], [3], 4, 12]
['5', [1, 2], [8, 4], 5, 15]
['6', [2, 3], [4, 5], 6, -29]
['7', [3, 4], [5, 12], 7, 54]
['8', [1], [8], 8, 22]
['9', [5, 6], [15, -29], 9, 210]
['1', ['SYSIN'], [3], 1, 3]
['2', ['SYSIN'], [4], 2, 16]
['3', ['SYSIN'], [4], 3, 14]
['4', ['SYSIN'], [1], 4, 10]
['5', [1, 2], [3, 16], 5, -7]
['6', [2, 3], [16, 14], 6, -77]
['7', [3, 4], [14, 10], 7, 84]
['8', [1], [3], 8, 7]
['9', [5, 6], [-7, -77], 9, 86]
['1', ['SYSIN'], [6], 1, 6]
['2', ['SYSIN'], [7], 2, 28]
['3', ['SYSIN'], [8], 3, 26]
['4', ['SYSIN'], [1], 4, 10]
['5', [1, 2], [6, 28], 5, -13]
['6', [2, 3], [28, 26], 6, -149]
['7', [3, 4], [26, 10], 7, 132]
['8', [1], [6], 8, 16]
['9', [5, 6], [-13, -149], 9, 170]
['1', ['SYSIN'], [6], 1, 6]
['2', ['SYSIN'], [1], 2, 4]
['3', ['SYSIN'], [4], 3, 14]
['4', ['SYSIN'], [0], 4, 9]
['5', [1, 2], [6, 4], 5, 11]
['6', [2, 3], [4, 14], 6, -101]
['7', [3, 4], [14, 9], 7, 81]
['8', [1], [6], 8, 16]
['9', [5, 6], [11, -101], 9, 314]
['1', ['SYSIN'], [6], 1, 6]
['2', ['SYSIN'], [5], 2, 20]
['3', ['SYSIN'], [0], 3, 2]
['4', ['SYSIN'], [7], 4, 16]
['5', [1, 2], [6, 20], 5, -5]
['6', [2, 3], [20, 2], 6, 27]
['7', [3, 4], [2, 16], 7, 54]
['8', [1], [6], 8, 16]
['9', [5, 6], [-5, 27], 9, -102]
['1', ['SYSIN'], [1], 1, 1]
['2', ['SYSIN'], [2], 2, 8]
['3', ['SYSIN'], [8], 3, 26]
['4', ['SYSIN'], [4], 4, 13]
['5', [1, 2], [1, 8], 5, -3]
['6', [2, 3], [8, 26], 6, -189]
['7', [3, 4], [26, 13], 7, 141]
['8', [1], [1], 8, 1]
['9', [5, 6], [-3, -189], 9, 350]

BuggyIds
6, 9, 2

MinRange:
0

MaxRange:
9
