Subsystems:
9
8
7
6
5
4
3
2
1

SYSINS:
1, 2, 3, 4

SYSOUTS:
9, 8, 7, 6, 5, 4, 3, 2, 1

TotalRegularObservations:
250

NormalObservations:
['1', ['SYSIN'], [9], 1, 9]
['2', ['SYSIN'], [5], 2, 9]
['3', ['SYSIN'], [8], 3, 26]
['4', ['SYSIN'], [7], 4, 16]
['5', [1, 2], [9, 9], 5, 12]
['6', [2, 3], [9, 26], 6, -93]
['7', [3, 4], [26, 16], 7, 150]
['8', [1], [9], 8, 25]
['9', [5, 6], [12, -93], 9, 154]
['1', ['SYSIN'], [7], 1, 7]
['2', ['SYSIN'], [5], 2, 9]
['3', ['SYSIN'], [7], 3, 23]
['4', ['SYSIN'], [6], 4, 15]
['5', [1, 2], [7, 9], 5, 8]
['6', [2, 3], [9, 23], 6, -81]
['7', [3, 4], [23, 15], 7, 135]
['8', [1], [7], 8, 19]
['9', [5, 6], [8, -81], 9, 122]
['1', ['SYSIN'], [6], 1, 6]
['2', ['SYSIN'], [9], 2, 17]
['3', ['SYSIN'], [4], 3, 14]
['4', ['SYSIN'], [7], 4, 16]
['5', [1, 2], [6, 17], 5, -2]
['6', [2, 3], [17, 14], 6, -37]
['7', [3, 4], [14, 16], 7, 102]
['8', [1], [6], 8, 16]
['9', [5, 6], [-2, -37], 9, 28]
['1', ['SYSIN'], [7], 1, 7]
['2', ['SYSIN'], [8], 2, 15]
['3', ['SYSIN'], [6], 3, 20]
['4', ['SYSIN'], [3], 4, 12]
['5', [1, 2], [7, 15], 5, 2]
['6', [2, 3], [15, 20], 6, -63]
['7', [3, 4], [20, 12], 7, 114]
['8', [1], [7], 8, 19]
['9', [5, 6], [2, -63], 9, 74]
['1', ['SYSIN'], [9], 1, 9]
['2', ['SYSIN'], [1], 2, 1]
['3', ['SYSIN'], [0], 3, 2]
['4', ['SYSIN'], [5], 4, 14]
['5', [1, 2], [9, 1], 5, 20]
['6', [2, 3], [1, 2], 6, -5]
['7', [3, 4], [2, 14], 7, 48]
['8', [1], [9], 8, 25]
['9', [5, 6], [20, -5], 9, 106]
['1', ['SYSIN'], [4], 1, 4]
['2', ['SYSIN'], [8], 2, 15]
['3', ['SYSIN'], [1], 3, 5]
['4', ['SYSIN'], [5], 4, 14]
['5', [1, 2], [4, 15], 5, -4]
['6', [2, 3], [15, 5], 6, -3]
['7', [3, 4], [5, 14], 7, 60]
['8', [1], [4], 8, 10]
['9', [5, 6], [-4, -3], 9, -16]
['1', ['SYSIN'], [3], 1, 3]
['2', ['SYSIN'], [3], 2, 5]
['3', ['SYSIN'], [5], 3, 17]
['4', ['SYSIN'], [6], 4, 15]
['5', [1, 2], [3, 5], 5, 4]
['6', [2, 3], [5, 17], 6, -61]
['7', [3, 4], [17, 15], 7, 111]
['8', [1], [3], 8, 7]
['9', [5, 6], [4, -61], 9, 82]
['1', ['SYSIN'], [0], 1, 0]
['2', ['SYSIN'], [1], 2, 1]
['3', ['SYSIN'], [7], 3, 23]
['4', ['SYSIN'], [6], 4, 15]
['5', [1, 2], [0, 1], 5, 2]
['6', [2, 3], [1, 23], 6, -89]
['7', [3, 4], [23, 15], 7, 135]
['8', [1], [0], 8, -2]
['9', [5, 6], [2, -89], 9, 100]
['1', ['SYSIN'], [8], 1, 8]
['2', ['SYSIN'], [7], 2, 13]
['3', ['SYSIN'], [9], 3, 29]
['4', ['SYSIN'], [9], 4, 18]
['5', [1, 2], [8, 13], 5, 6]
['6', [2, 3], [13, 29], 6, -101]
['7', [3, 4], [29, 18], 7, 168]
['8', [1], [8], 8, 22]
['9', [5, 6], [6, -101], 9, 132]
['1', ['SYSIN'], [4], 1, 4]
['2', ['SYSIN'], [5], 2, 9]
['3', ['SYSIN'], [7], 3, 23]
['4', ['SYSIN'], [9], 4, 18]
['5', [1, 2], [4, 9], 5, 2]
['6', [2, 3], [9, 23], 6, -81]
['7', [3, 4], [23, 18], 7, 144]
['8', [1], [4], 8, 10]
['9', [5, 6], [2, -81], 9, 92]
['1', ['SYSIN'], [1], 1, 1]
['2', ['SYSIN'], [8], 2, 15]
['3', ['SYSIN'], [9], 3, 29]
['4', ['SYSIN'], [6], 4, 15]
['5', [1, 2], [1, 15], 5, -10]
['6', [2, 3], [15, 29], 6, -99]
['7', [3, 4], [29, 15], 7, 159]
['8', [1], [1], 8, 1]
['9', [5, 6], [-10, -99], 9, 50]
['1', ['SYSIN'], [1], 1, 1]
['2', ['SYSIN'], [3], 2, 5]
['3', ['SYSIN'], [9], 3, 29]
['4', ['SYSIN'], [6], 4, 15]
['5', [1, 2], [1, 5], 5, 0]
['6', [2, 3], [5, 29], 6, -109]
['7', [3, 4], [29, 15], 7, 159]
['8', [1], [1], 8, 1]
['9', [5, 6], [0, -109], 9, 110]
['1', ['SYSIN'], [8], 1, 8]
['2', ['SYSIN'], [6], 2, 11]
['3', ['SYSIN'], [9], 3, 29]
['4', ['SYSIN'], [1], 4, 10]
['5', [1, 2], [8, 11], 5, 8]
['6', [2, 3], [11, 29], 6, -103]
['7', [3, 4], [29, 10], 7, 144]
['8', [1], [8], 8, 22]
['9', [5, 6], [8, -103], 9, 144]
['1', ['SYSIN'], [6], 1, 6]
['2', ['SYSIN'], [3], 2, 5]
['3', ['SYSIN'], [8], 3, 26]
['4', ['SYSIN'], [7], 4, 16]
['5', [1, 2], [6, 5], 5, 10]
['6', [2, 3], [5, 26], 6, -97]
['7', [3, 4], [26, 16], 7, 150]
['8', [1], [6], 8, 16]
['9', [5, 6], [10, -97], 9, 148]
['1', ['SYSIN'], [6], 1, 6]
['2', ['SYSIN'], [5], 2, 9]
['3', ['SYSIN'], [5], 3, 17]
['4', ['SYSIN'], [7], 4, 16]
['5', [1, 2], [6, 9], 5, 6]
['6', [2, 3], [9, 17], 6, -57]
['7', [3, 4], [17, 16], 7, 114]
['8', [1], [6], 8, 16]
['9', [5, 6], [6, -57], 9, 88]
['1', ['SYSIN'], [3], 1, 3]
['2', ['SYSIN'], [4], 2, 7]
['3', ['SYSIN'], [7], 3, 23]
['4', ['SYSIN'], [6], 4, 15]
['5', [1, 2], [3, 7], 5, 2]
['6', [2, 3], [7, 23], 6, -83]
['7', [3, 4], [23, 15], 7, 135]
['8', [1], [3], 8, 7]
['9', [5, 6], [2, -83], 9, 94]
['1', ['SYSIN'], [9], 1, 9]
['2', ['SYSIN'], [1], 2, 1]
['3', ['SYSIN'], [7], 3, 23]
['4', ['SYSIN'], [6], 4, 15]
['5', [1, 2], [9, 1], 5, 20]
['6', [2, 3], [1, 23], 6, -89]
['7', [3, 4], [23, 15], 7, 135]
['8', [1], [9], 8, 25]
['9', [5, 6], [20, -89], 9, 190]
['1', ['SYSIN'], [4], 1, 4]
['2', ['SYSIN'], [7], 2, 13]
['3', ['SYSIN'], [5], 3, 17]
['4', ['SYSIN'], [9], 4, 18]
['5', [1, 2], [4, 13], 5, -2]
['6', [2, 3], [13, 17], 6, -53]
['7', [3, 4], [17, 18], 7, 120]
['8', [1], [4], 8, 10]
['9', [5, 6], [-2, -53], 9, 44]
['1', ['SYSIN'], [7], 1, 7]
['2', ['SYSIN'], [2], 2, 3]
['3', ['SYSIN'], [0], 3, 2]
['4', ['SYSIN'], [3], 4, 12]
['5', [1, 2], [7, 3], 5, 14]
['6', [2, 3], [3, 2], 6, -3]
['7', [3, 4], [2, 12], 7, 42]
['8', [1], [7], 8, 19]
['9', [5, 6], [14, -3], 9, 74]
['1', ['SYSIN'], [1], 1, 1]
['2', ['SYSIN'], [9], 2, 17]
['3', ['SYSIN'], [9], 3, 29]
['4', ['SYSIN'], [4], 4, 13]
['5', [1, 2], [1, 17], 5, -12]
['6', [2, 3], [17, 29], 6, -97]
['7', [3, 4], [29, 13], 7, 153]
['8', [1], [1], 8, 1]
['9', [5, 6], [-12, -97], 9, 38]
['1', ['SYSIN'], [8], 1, 8]
['2', ['SYSIN'], [1], 2, 1]
['3', ['SYSIN'], [4], 3, 14]
['4', ['SYSIN'], [0], 4, 9]
['5', [1, 2], [8, 1], 5, 18]
['6', [2, 3], [1, 14], 6, -53]
['7', [3, 4], [14, 9], 7, 81]
['8', [1], [8], 8, 22]
['9', [5, 6], [18, -53], 9, 144]
['1', ['SYSIN'], [7], 1, 7]
['2', ['SYSIN'], [9], 2, 17]
['3', ['SYSIN'], [3], 3, 11]
['4', ['SYSIN'], [9], 4, 18]
['5', [1, 2], [7, 17], 5, 0]
['6', [2, 3], [17, 11], 6, -25]
['7', [3, 4], [11, 18], 7, 96]
['8', [1], [7], 8, 19]
['9', [5, 6], [0, -25], 9, 26]
['1', ['SYSIN'], [9], 1, 9]
['2', ['SYSIN'], [2], 2, 3]
['3', ['SYSIN'], [3], 3, 11]
['4', ['SYSIN'], [6], 4, 15]
['5', [1, 2], [9, 3], 5, 18]
['6', [2, 3], [3, 11], 6, -39]
['7', [3, 4], [11, 15], 7, 87]
['8', [1], [9], 8, 25]
['9', [5, 6], [18, -39], 9, 130]
['1', ['SYSIN'], [4], 1, 4]
['2', ['SYSIN'], [8], 2, 15]
['3', ['SYSIN'], [1], 3, 5]
['4', ['SYSIN'], [1], 4, 10]
['5', [1, 2], [4, 15], 5, -4]
['6', [2, 3], [15, 5], 6, -3]
['7', [3, 4], [5, 10], 7, 48]
['8', [1], [4], 8, 10]
['9', [5, 6], [-4, -3], 9, -16]
['1', ['SYSIN'], [5], 1, 5]
['2', ['SYSIN'], [8], 2, 15]
['3', ['SYSIN'], [8], 3, 26]
['4', ['SYSIN'], [3], 4, 12]
['5', [1, 2], [5, 15], 5, -2]
['6', [2, 3], [15, 26], 6, -87]
['7', [3, 4], [26, 12], 7, 138]
['8', [1], [5], 8, 13]
['9', [5, 6], [-2, -87], 9, 78]
['1', ['SYSIN'], [0], 1, 0]
['2', ['SYSIN'], [0], 2, -1]
['3', ['SYSIN'], [3], 3, 11]
['4', ['SYSIN'], [1], 4, 10]
['5', [1, 2], [0, -1], 5, 4]
['6', [2, 3], [-1, 11], 6, -43]
['7', [3, 4], [11, 10], 7, 72]
['8', [1], [0], 8, -2]
['9', [5, 6], [4, -43], 9, 64]
['1', ['SYSIN'], [2], 1, 2]
['2', ['SYSIN'], [5], 2, 9]
['3', ['SYSIN'], [8], 3, 26]
['4', ['SYSIN'], [9], 4, 18]
['5', [1, 2], [2, 9], 5, -2]
['6', [2, 3], [9, 26], 6, -93]
['7', [3, 4], [26, 18], 7, 156]
['8', [1], [2], 8, 4]
['9', [5, 6], [-2, -93], 9, 84]
['1', ['SYSIN'], [0], 1, 0]
['2', ['SYSIN'], [7], 2, 13]
['3', ['SYSIN'], [6], 3, 20]
['4', ['SYSIN'], [8], 4, 17]
['5', [1, 2], [0, 13], 5, -10]
['6', [2, 3], [13, 20], 6, -65]
['7', [3, 4], [20, 17], 7, 129]
['8', [1], [0], 8, -2]
['9', [5, 6], [-10, -65], 9, 16]
['1', ['SYSIN'], [0], 1, 0]
['2', ['SYSIN'], [1], 2, 1]
['3', ['SYSIN'], [4], 3, 14]
['4', ['SYSIN'], [8], 4, 17]
['5', [1, 2], [0, 1], 5, 2]
['6', [2, 3], [1, 14], 6, -53]
['7', [3, 4], [14, 17], 7, 105]
['8', [1], [0], 8, -2]
['9', [5, 6], [2, -53], 9, 64]
['1', ['SYSIN'], [4], 1, 4]
['2', ['SYSIN'], [8], 2, 15]
['3', ['SYSIN'], [1], 3, 5]
['4', ['SYSIN'], [8], 4, 17]
['5', [1, 2], [4, 15], 5, -4]
['6', [2, 3], [15, 5], 6, -3]
['7', [3, 4], [5, 17], 7, 69]
['8', [1], [4], 8, 10]
['9', [5, 6], [-4, -3], 9, -16]
['1', ['SYSIN'], [1], 1, 1]
['2', ['SYSIN'], [2], 2, 3]
['3', ['SYSIN'], [2], 3, 8]
['4', ['SYSIN'], [6], 4, 15]
['5', [1, 2], [1, 3], 5, 2]
['6', [2, 3], [3, 8], 6, -27]
['7', [3, 4], [8, 15], 7, 75]
['8', [1], [1], 8, 1]
['9', [5, 6], [2, -27], 9, 38]
['1', ['SYSIN'], [1], 1, 1]
['2', ['SYSIN'], [6], 2, 11]
['3', ['SYSIN'], [8], 3, 26]
['4', ['SYSIN'], [2], 4, 11]
['5', [1, 2], [1, 11], 5, -6]
['6', [2, 3], [11, 26], 6, -91]
['7', [3, 4], [26, 11], 7, 135]
['8', [1], [1], 8, 1]
['9', [5, 6], [-6, -91], 9, 62]
['1', ['SYSIN'], [9], 1, 9]
['2', ['SYSIN'], [0], 2, -1]
['3', ['SYSIN'], [1], 3, 5]
['4', ['SYSIN'], [9], 4, 18]
['5', [1, 2], [9, -1], 5, 22]
['6', [2, 3], [-1, 5], 6, -19]
['7', [3, 4], [5, 18], 7, 72]
['8', [1], [9], 8, 25]
['9', [5, 6], [22, -19], 9, 130]
['1', ['SYSIN'], [1], 1, 1]
['2', ['SYSIN'], [0], 2, -1]
['3', ['SYSIN'], [1], 3, 5]
['4', ['SYSIN'], [6], 4, 15]
['5', [1, 2], [1, -1], 5, 6]
['6', [2, 3], [-1, 5], 6, -19]
['7', [3, 4], [5, 15], 7, 63]
['8', [1], [1], 8, 1]
['9', [5, 6], [6, -19], 9, 50]
['1', ['SYSIN'], [7], 1, 7]
['2', ['SYSIN'], [7], 2, 13]
['3', ['SYSIN'], [1], 3, 5]
['4', ['SYSIN'], [5], 4, 14]
['5', [1, 2], [7, 13], 5, 4]
['6', [2, 3], [13, 5], 6, -5]
['7', [3, 4], [5, 14], 7, 60]
['8', [1], [7], 8, 19]
['9', [5, 6], [4, -5], 9, 26]
['1', ['SYSIN'], [7], 1, 7]
['2', ['SYSIN'], [1], 2, 1]
['3', ['SYSIN'], [6], 3, 20]
['4', ['SYSIN'], [4], 4, 13]
['5', [1, 2], [7, 1], 5, 16]
['6', [2, 3], [1, 20], 6, -77]
['7', [3, 4], [20, 13], 7, 117]
['8', [1], [7], 8, 19]
['9', [5, 6], [16, -77], 9, 158]
['1', ['SYSIN'], [0], 1, 0]
['2', ['SYSIN'], [7], 2, 13]
['3', ['SYSIN'], [4], 3, 14]
['4', ['SYSIN'], [6], 4, 15]
['5', [1, 2], [0, 13], 5, -10]
['6', [2, 3], [13, 14], 6, -41]
['7', [3, 4], [14, 15], 7, 99]
['8', [1], [0], 8, -2]
['9', [5, 6], [-10, -41], 9, -8]
['1', ['SYSIN'], [0], 1, 0]
['2', ['SYSIN'], [4], 2, 7]
['3', ['SYSIN'], [8], 3, 26]
['4', ['SYSIN'], [8], 4, 17]
['5', [1, 2], [0, 7], 5, -4]
['6', [2, 3], [7, 26], 6, -95]
['7', [3, 4], [26, 17], 7, 153]
['8', [1], [0], 8, -2]
['9', [5, 6], [-4, -95], 9, 76]
['1', ['SYSIN'], [3], 1, 3]
['2', ['SYSIN'], [6], 2, 11]
['3', ['SYSIN'], [4], 3, 14]
['4', ['SYSIN'], [4], 4, 13]
['5', [1, 2], [3, 11], 5, -2]
['6', [2, 3], [11, 14], 6, -43]
['7', [3, 4], [14, 13], 7, 93]
['8', [1], [3], 8, 7]
['9', [5, 6], [-2, -43], 9, 34]
['1', ['SYSIN'], [4], 1, 4]
['2', ['SYSIN'], [6], 2, 11]
['3', ['SYSIN'], [8], 3, 26]
['4', ['SYSIN'], [6], 4, 15]
['5', [1, 2], [4, 11], 5, 0]
['6', [2, 3], [11, 26], 6, -91]
['7', [3, 4], [26, 15], 7, 147]
['8', [1], [4], 8, 10]
['9', [5, 6], [0, -91], 9, 92]
['1', ['SYSIN'], [8], 1, 8]
['2', ['SYSIN'], [3], 2, 5]
['3', ['SYSIN'], [1], 3, 5]
['4', ['SYSIN'], [8], 4, 17]
['5', [1, 2], [8, 5], 5, 14]
['6', [2, 3], [5, 5], 6, -13]
['7', [3, 4], [5, 17], 7, 69]
['8', [1], [8], 8, 22]
['9', [5, 6], [14, -13], 9, 84]
['1', ['SYSIN'], [2], 1, 2]
['2', ['SYSIN'], [1], 2, 1]
['3', ['SYSIN'], [6], 3, 20]
['4', ['SYSIN'], [2], 4, 11]
['5', [1, 2], [2, 1], 5, 6]
['6', [2, 3], [1, 20], 6, -77]
['7', [3, 4], [20, 11], 7, 111]
['8', [1], [2], 8, 4]
['9', [5, 6], [6, -77], 9, 108]
['1', ['SYSIN'], [6], 1, 6]
['2', ['SYSIN'], [3], 2, 5]
['3', ['SYSIN'], [9], 3, 29]
['4', ['SYSIN'], [7], 4, 16]
['5', [1, 2], [6, 5], 5, 10]
['6', [2, 3], [5, 29], 6, -109]
['7', [3, 4], [29, 16], 7, 162]
['8', [1], [6], 8, 16]
['9', [5, 6], [10, -109], 9, 160]
['1', ['SYSIN'], [8], 1, 8]
['2', ['SYSIN'], [3], 2, 5]
['3', ['SYSIN'], [1], 3, 5]
['4', ['SYSIN'], [2], 4, 11]
['5', [1, 2], [8, 5], 5, 14]
['6', [2, 3], [5, 5], 6, -13]
['7', [3, 4], [5, 11], 7, 51]
['8', [1], [8], 8, 22]
['9', [5, 6], [14, -13], 9, 84]
['1', ['SYSIN'], [7], 1, 7]
['2', ['SYSIN'], [8], 2, 15]
['3', ['SYSIN'], [5], 3, 17]
['4', ['SYSIN'], [0], 4, 9]
['5', [1, 2], [7, 15], 5, 2]
['6', [2, 3], [15, 17], 6, -51]
['7', [3, 4], [17, 9], 7, 93]
['8', [1], [7], 8, 19]
['9', [5, 6], [2, -51], 9, 62]
['1', ['SYSIN'], [1], 1, 1]
['2', ['SYSIN'], [3], 2, 5]
['3', ['SYSIN'], [8], 3, 26]
['4', ['SYSIN'], [7], 4, 16]
['5', [1, 2], [1, 5], 5, 0]
['6', [2, 3], [5, 26], 6, -97]
['7', [3, 4], [26, 16], 7, 150]
['8', [1], [1], 8, 1]
['9', [5, 6], [0, -97], 9, 98]
['1', ['SYSIN'], [2], 1, 2]
['2', ['SYSIN'], [6], 2, 11]
['3', ['SYSIN'], [5], 3, 17]
['4', ['SYSIN'], [0], 4, 9]
['5', [1, 2], [2, 11], 5, -4]
['6', [2, 3], [11, 17], 6, -55]
['7', [3, 4], [17, 9], 7, 93]
['8', [1], [2], 8, 4]
['9', [5, 6], [-4, -55], 9, 36]
['1', ['SYSIN'], [4], 1, 4]
['2', ['SYSIN'], [9], 2, 17]
['3', ['SYSIN'], [4], 3, 14]
['4', ['SYSIN'], [3], 4, 12]
['5', [1, 2], [4, 17], 5, -6]
['6', [2, 3], [17, 14], 6, -37]
['7', [3, 4], [14, 12], 7, 90]
['8', [1], [4], 8, 10]
['9', [5, 6], [-6, -37], 9, 8]
['1', ['SYSIN'], [8], 1, 8]
['2', ['SYSIN'], [4], 2, 7]
['3', ['SYSIN'], [9], 3, 29]
['4', ['SYSIN'], [2], 4, 11]
['5', [1, 2], [8, 7], 5, 12]
['6', [2, 3], [7, 29], 6, -107]
['7', [3, 4], [29, 11], 7, 147]
['8', [1], [8], 8, 22]
['9', [5, 6], [12, -107], 9, 168]
['1', ['SYSIN'], [1], 1, 1]
['2', ['SYSIN'], [9], 2, 17]
['3', ['SYSIN'], [8], 3, 26]
['4', ['SYSIN'], [0], 4, 9]
['5', [1, 2], [1, 17], 5, -12]
['6', [2, 3], [17, 26], 6, -85]
['7', [3, 4], [26, 9], 7, 129]
['8', [1], [1], 8, 1]
['9', [5, 6], [-12, -85], 9, 26]
['1', ['SYSIN'], [7], 1, 7]
['2', ['SYSIN'], [8], 2, 15]
['3', ['SYSIN'], [4], 3, 14]
['4', ['SYSIN'], [3], 4, 12]
['5', [1, 2], [7, 15], 5, 2]
['6', [2, 3], [15, 14], 6, -39]
['7', [3, 4], [14, 12], 7, 90]
['8', [1], [7], 8, 19]
['9', [5, 6], [2, -39], 9, 50]
['1', ['SYSIN'], [5], 1, 5]
['2', ['SYSIN'], [0], 2, -1]
['3', ['SYSIN'], [0], 3, 2]
['4', ['SYSIN'], [5], 4, 14]
['5', [1, 2], [5, -1], 5, 14]
['6', [2, 3], [-1, 2], 6, -7]
['7', [3, 4], [2, 14], 7, 48]
['8', [1], [5], 8, 13]
['9', [5, 6], [14, -7], 9, 78]
['1', ['SYSIN'], [5], 1, 5]
['2', ['SYSIN'], [7], 2, 13]
['3', ['SYSIN'], [7], 3, 23]
['4', ['SYSIN'], [4], 4, 13]
['5', [1, 2], [5, 13], 5, 0]
['6', [2, 3], [13, 23], 6, -77]
['7', [3, 4], [23, 13], 7, 129]
['8', [1], [5], 8, 13]
['9', [5, 6], [0, -77], 9, 78]
['1', ['SYSIN'], [1], 1, 1]
['2', ['SYSIN'], [6], 2, 11]
['3', ['SYSIN'], [3], 3, 11]
['4', ['SYSIN'], [0], 4, 9]
['5', [1, 2], [1, 11], 5, -6]
['6', [2, 3], [11, 11], 6, -31]
['7', [3, 4], [11, 9], 7, 69]
['8', [1], [1], 8, 1]
['9', [5, 6], [-6, -31], 9, 2]
['1', ['SYSIN'], [3], 1, 3]
['2', ['SYSIN'], [2], 2, 3]
['3', ['SYSIN'], [4], 3, 14]
['4', ['SYSIN'], [9], 4, 18]
['5', [1, 2], [3, 3], 5, 6]
['6', [2, 3], [3, 14], 6, -51]
['7', [3, 4], [14, 18], 7, 108]
['8', [1], [3], 8, 7]
['9', [5, 6], [6, -51], 9, 82]
['1', ['SYSIN'], [4], 1, 4]
['2', ['SYSIN'], [1], 2, 1]
['3', ['SYSIN'], [4], 3, 14]
['4', ['SYSIN'], [2], 4, 11]
['5', [1, 2], [4, 1], 5, 10]
['6', [2, 3], [1, 14], 6, -53]
['7', [3, 4], [14, 11], 7, 87]
['8', [1], [4], 8, 10]
['9', [5, 6], [10, -53], 9, 104]
['1', ['SYSIN'], [3], 1, 3]
['2', ['SYSIN'], [7], 2, 13]
['3', ['SYSIN'], [9], 3, 29]
['4', ['SYSIN'], [3], 4, 12]
['5', [1, 2], [3, 13], 5, -4]
['6', [2, 3], [13, 29], 6, -101]
['7', [3, 4], [29, 12], 7, 150]
['8', [1], [3], 8, 7]
['9', [5, 6], [-4, -101], 9, 82]
['1', ['SYSIN'], [7], 1, 7]
['2', ['SYSIN'], [6], 2, 11]
['3', ['SYSIN'], [5], 3, 17]
['4', ['SYSIN'], [4], 4, 13]
['5', [1, 2], [7, 11], 5, 6]
['6', [2, 3], [11, 17], 6, -55]
['7', [3, 4], [17, 13], 7, 105]
['8', [1], [7], 8, 19]
['9', [5, 6], [6, -55], 9, 86]
['1', ['SYSIN'], [7], 1, 7]
['2', ['SYSIN'], [2], 2, 3]
['3', ['SYSIN'], [4], 3, 14]
['4', ['SYSIN'], [1], 4, 10]
['5', [1, 2], [7, 3], 5, 14]
['6', [2, 3], [3, 14], 6, -51]
['7', [3, 4], [14, 10], 7, 84]
['8', [1], [7], 8, 19]
['9', [5, 6], [14, -51], 9, 122]
['1', ['SYSIN'], [8], 1, 8]
['2', ['SYSIN'], [2], 2, 3]
['3', ['SYSIN'], [6], 3, 20]
['4', ['SYSIN'], [7], 4, 16]
['5', [1, 2], [8, 3], 5, 16]
['6', [2, 3], [3, 20], 6, -75]
['7', [3, 4], [20, 16], 7, 126]
['8', [1], [8], 8, 22]
['9', [5, 6], [16, -75], 9, 156]
['1', ['SYSIN'], [7], 1, 7]
['2', ['SYSIN'], [7], 2, 13]
['3', ['SYSIN'], [1], 3, 5]
['4', ['SYSIN'], [3], 4, 12]
['5', [1, 2], [7, 13], 5, 4]
['6', [2, 3], [13, 5], 6, -5]
['7', [3, 4], [5, 12], 7, 54]
['8', [1], [7], 8, 19]
['9', [5, 6], [4, -5], 9, 26]
['1', ['SYSIN'], [0], 1, 0]
['2', ['SYSIN'], [2], 2, 3]
['3', ['SYSIN'], [1], 3, 5]
['4', ['SYSIN'], [5], 4, 14]
['5', [1, 2], [0, 3], 5, 0]
['6', [2, 3], [3, 5], 6, -15]
['7', [3, 4], [5, 14], 7, 60]
['8', [1], [0], 8, -2]
['9', [5, 6], [0, -15], 9, 16]
['1', ['SYSIN'], [5], 1, 5]
['2', ['SYSIN'], [2], 2, 3]
['3', ['SYSIN'], [9], 3, 29]
['4', ['SYSIN'], [8], 4, 17]
['5', [1, 2], [5, 3], 5, 10]
['6', [2, 3], [3, 29], 6, -111]
['7', [3, 4], [29, 17], 7, 165]
['8', [1], [5], 8, 13]
['9', [5, 6], [10, -111], 9, 162]
['1', ['SYSIN'], [0], 1, 0]
['2', ['SYSIN'], [3], 2, 5]
['3', ['SYSIN'], [3], 3, 11]
['4', ['SYSIN'], [0], 4, 9]
['5', [1, 2], [0, 5], 5, -2]
['6', [2, 3], [5, 11], 6, -37]
['7', [3, 4], [11, 9], 7, 69]
['8', [1], [0], 8, -2]
['9', [5, 6], [-2, -37], 9, 28]
['1', ['SYSIN'], [3], 1, 3]
['2', ['SYSIN'], [7], 2, 13]
['3', ['SYSIN'], [5], 3, 17]
['4', ['SYSIN'], [2], 4, 11]
['5', [1, 2], [3, 13], 5, -4]
['6', [2, 3], [13, 17], 6, -53]
['7', [3, 4], [17, 11], 7, 99]
['8', [1], [3], 8, 7]
['9', [5, 6], [-4, -53], 9, 34]
['1', ['SYSIN'], [2], 1, 2]
['2', ['SYSIN'], [8], 2, 15]
['3', ['SYSIN'], [6], 3, 20]
['4', ['SYSIN'], [8], 4, 17]
['5', [1, 2], [2, 15], 5, -8]
['6', [2, 3], [15, 20], 6, -63]
['7', [3, 4], [20, 17], 7, 129]
['8', [1], [2], 8, 4]
['9', [5, 6], [-8, -63], 9, 24]
['1', ['SYSIN'], [8], 1, 8]
['2', ['SYSIN'], [0], 2, -1]
['3', ['SYSIN'], [6], 3, 20]
['4', ['SYSIN'], [9], 4, 18]
['5', [1, 2], [8, -1], 5, 20]
['6', [2, 3], [-1, 20], 6, -79]
['7', [3, 4], [20, 18], 7, 132]
['8', [1], [8], 8, 22]
['9', [5, 6], [20, -79], 9, 180]
['1', ['SYSIN'], [5], 1, 5]
['2', ['SYSIN'], [6], 2, 11]
['3', ['SYSIN'], [5], 3, 17]
['4', ['SYSIN'], [0], 4, 9]
['5', [1, 2], [5, 11], 5, 2]
['6', [2, 3], [11, 17], 6, -55]
['7', [3, 4], [17, 9], 7, 93]
['8', [1], [5], 8, 13]
['9', [5, 6], [2, -55], 9, 66]
['1', ['SYSIN'], [9], 1, 9]
['2', ['SYSIN'], [4], 2, 7]
['3', ['SYSIN'], [3], 3, 11]
['4', ['SYSIN'], [0], 4, 9]
['5', [1, 2], [9, 7], 5, 14]
['6', [2, 3], [7, 11], 6, -35]
['7', [3, 4], [11, 9], 7, 69]
['8', [1], [9], 8, 25]
['9', [5, 6], [14, -35], 9, 106]
['1', ['SYSIN'], [8], 1, 8]
['2', ['SYSIN'], [8], 2, 15]
['3', ['SYSIN'], [1], 3, 5]
['4', ['SYSIN'], [6], 4, 15]
['5', [1, 2], [8, 15], 5, 4]
['6', [2, 3], [15, 5], 6, -3]
['7', [3, 4], [5, 15], 7, 63]
['8', [1], [8], 8, 22]
['9', [5, 6], [4, -3], 9, 24]
['1', ['SYSIN'], [4], 1, 4]
['2', ['SYSIN'], [6], 2, 11]
['3', ['SYSIN'], [3], 3, 11]
['4', ['SYSIN'], [2], 4, 11]
['5', [1, 2], [4, 11], 5, 0]
['6', [2, 3], [11, 11], 6, -31]
['7', [3, 4], [11, 11], 7, 75]
['8', [1], [4], 8, 10]
['9', [5, 6], [0, -31], 9, 32]
['1', ['SYSIN'], [6], 1, 6]
['2', ['SYSIN'], [3], 2, 5]
['3', ['SYSIN'], [0], 3, 2]
['4', ['SYSIN'], [7], 4, 16]
['5', [1, 2], [6, 5], 5, 10]
['6', [2, 3], [5, 2], 6, -1]
['7', [3, 4], [2, 16], 7, 54]
['8', [1], [6], 8, 16]
['9', [5, 6], [10, -1], 9, 52]
['1', ['SYSIN'], [1], 1, 1]
['2', ['SYSIN'], [8], 2, 15]
['3', ['SYSIN'], [3], 3, 11]
['4', ['SYSIN'], [9], 4, 18]
['5', [1, 2], [1, 15], 5, -10]
['6', [2, 3], [15, 11], 6, -27]
['7', [3, 4], [11, 18], 7, 96]
['8', [1], [1], 8, 1]
['9', [5, 6], [-10, -27], 9, -22]
['1', ['SYSIN'], [9], 1, 9]
['2', ['SYSIN'], [7], 2, 13]
['3', ['SYSIN'], [2], 3, 8]
['4', ['SYSIN'], [7], 4, 16]
['5', [1, 2], [9, 13], 5, 8]
['6', [2, 3], [13, 8], 6, -17]
['7', [3, 4], [8, 16], 7, 78]
['8', [1], [9], 8, 25]
['9', [5, 6], [8, -17], 9, 58]
['1', ['SYSIN'], [5], 1, 5]
['2', ['SYSIN'], [3], 2, 5]
['3', ['SYSIN'], [7], 3, 23]
['4', ['SYSIN'], [1], 4, 10]
['5', [1, 2], [5, 5], 5, 8]
['6', [2, 3], [5, 23], 6, -85]
['7', [3, 4], [23, 10], 7, 120]
['8', [1], [5], 8, 13]
['9', [5, 6], [8, -85], 9, 126]
['1', ['SYSIN'], [4], 1, 4]
['2', ['SYSIN'], [5], 2, 9]
['3', ['SYSIN'], [9], 3, 29]
['4', ['SYSIN'], [5], 4, 14]
['5', [1, 2], [4, 9], 5, 2]
['6', [2, 3], [9, 29], 6, -105]
['7', [3, 4], [29, 14], 7, 156]
['8', [1], [4], 8, 10]
['9', [5, 6], [2, -105], 9, 116]
['1', ['SYSIN'], [9], 1, 9]
['2', ['SYSIN'], [2], 2, 3]
['3', ['SYSIN'], [4], 3, 14]
['4', ['SYSIN'], [9], 4, 18]
['5', [1, 2], [9, 3], 5, 18]
['6', [2, 3], [3, 14], 6, -51]
['7', [3, 4], [14, 18], 7, 108]
['8', [1], [9], 8, 25]
['9', [5, 6], [18, -51], 9, 142]
['1', ['SYSIN'], [5], 1, 5]
['2', ['SYSIN'], [0], 2, -1]
['3', ['SYSIN'], [2], 3, 8]
['4', ['SYSIN'], [5], 4, 14]
['5', [1, 2], [5, -1], 5, 14]
['6', [2, 3], [-1, 8], 6, -31]
['7', [3, 4], [8, 14], 7, 72]
['8', [1], [5], 8, 13]
['9', [5, 6], [14, -31], 9, 102]
['1', ['SYSIN'], [5], 1, 5]
['2', ['SYSIN'], [3], 2, 5]
['3', ['SYSIN'], [1], 3, 5]
['4', ['SYSIN'], [4], 4, 13]
['5', [1, 2], [5, 5], 5, 8]
['6', [2, 3], [5, 5], 6, -13]
['7', [3, 4], [5, 13], 7, 57]
['8', [1], [5], 8, 13]
['9', [5, 6], [8, -13], 9, 54]
['1', ['SYSIN'], [6], 1, 6]
['2', ['SYSIN'], [0], 2, -1]
['3', ['SYSIN'], [2], 3, 8]
['4', ['SYSIN'], [3], 4, 12]
['5', [1, 2], [6, -1], 5, 16]
['6', [2, 3], [-1, 8], 6, -31]
['7', [3, 4], [8, 12], 7, 66]
['8', [1], [6], 8, 16]
['9', [5, 6], [16, -31], 9, 112]
['1', ['SYSIN'], [9], 1, 9]
['2', ['SYSIN'], [9], 2, 17]
['3', ['SYSIN'], [4], 3, 14]
['4', ['SYSIN'], [5], 4, 14]
['5', [1, 2], [9, 17], 5, 4]
['6', [2, 3], [17, 14], 6, -37]
['7', [3, 4], [14, 14], 7, 96]
['8', [1], [9], 8, 25]
['9', [5, 6], [4, -37], 9, 58]
['1', ['SYSIN'], [3], 1, 3]
['2', ['SYSIN'], [2], 2, 3]
['3', ['SYSIN'], [6], 3, 20]
['4', ['SYSIN'], [8], 4, 17]
['5', [1, 2], [3, 3], 5, 6]
['6', [2, 3], [3, 20], 6, -75]
['7', [3, 4], [20, 17], 7, 129]
['8', [1], [3], 8, 7]
['9', [5, 6], [6, -75], 9, 106]
['1', ['SYSIN'], [9], 1, 9]
['2', ['SYSIN'], [4], 2, 7]
['3', ['SYSIN'], [3], 3, 11]
['4', ['SYSIN'], [4], 4, 13]
['5', [1, 2], [9, 7], 5, 14]
['6', [2, 3], [7, 11], 6, -35]
['7', [3, 4], [11, 13], 7, 81]
['8', [1], [9], 8, 25]
['9', [5, 6], [14, -35], 9, 106]
['1', ['SYSIN'], [0], 1, 0]
['2', ['SYSIN'], [0], 2, -1]
['3', ['SYSIN'], [5], 3, 17]
['4', ['SYSIN'], [6], 4, 15]
['5', [1, 2], [0, -1], 5, 4]
['6', [2, 3], [-1, 17], 6, -67]
['7', [3, 4], [17, 15], 7, 111]
['8', [1], [0], 8, -2]
['9', [5, 6], [4, -67], 9, 88]
['1', ['SYSIN'], [3], 1, 3]
['2', ['SYSIN'], [6], 2, 11]
['3', ['SYSIN'], [3], 3, 11]
['4', ['SYSIN'], [8], 4, 17]
['5', [1, 2], [3, 11], 5, -2]
['6', [2, 3], [11, 11], 6, -31]
['7', [3, 4], [11, 17], 7, 93]
['8', [1], [3], 8, 7]
['9', [5, 6], [-2, -31], 9, 22]
['1', ['SYSIN'], [8], 1, 8]
['2', ['SYSIN'], [8], 2, 15]
['3', ['SYSIN'], [2], 3, 8]
['4', ['SYSIN'], [6], 4, 15]
['5', [1, 2], [8, 15], 5, 4]
['6', [2, 3], [15, 8], 6, -15]
['7', [3, 4], [8, 15], 7, 75]
['8', [1], [8], 8, 22]
['9', [5, 6], [4, -15], 9, 36]
['1', ['SYSIN'], [8], 1, 8]
['2', ['SYSIN'], [5], 2, 9]
['3', ['SYSIN'], [1], 3, 5]
['4', ['SYSIN'], [1], 4, 10]
['5', [1, 2], [8, 9], 5, 10]
['6', [2, 3], [9, 5], 6, -9]
['7', [3, 4], [5, 10], 7, 48]
['8', [1], [8], 8, 22]
['9', [5, 6], [10, -9], 9, 60]
['1', ['SYSIN'], [4], 1, 4]
['2', ['SYSIN'], [1], 2, 1]
['3', ['SYSIN'], [7], 3, 23]
['4', ['SYSIN'], [7], 4, 16]
['5', [1, 2], [4, 1], 5, 10]
['6', [2, 3], [1, 23], 6, -89]
['7', [3, 4], [23, 16], 7, 138]
['8', [1], [4], 8, 10]
['9', [5, 6], [10, -89], 9, 140]
['1', ['SYSIN'], [9], 1, 9]
['2', ['SYSIN'], [0], 2, -1]
['3', ['SYSIN'], [1], 3, 5]
['4', ['SYSIN'], [1], 4, 10]
['5', [1, 2], [9, -1], 5, 22]
['6', [2, 3], [-1, 5], 6, -19]
['7', [3, 4], [5, 10], 7, 48]
['8', [1], [9], 8, 25]
['9', [5, 6], [22, -19], 9, 130]
['1', ['SYSIN'], [1], 1, 1]
['2', ['SYSIN'], [8], 2, 15]
['3', ['SYSIN'], [1], 3, 5]
['4', ['SYSIN'], [0], 4, 9]
['5', [1, 2], [1, 15], 5, -10]
['6', [2, 3], [15, 5], 6, -3]
['7', [3, 4], [5, 9], 7, 45]
['8', [1], [1], 8, 1]
['9', [5, 6], [-10, -3], 9, -46]
['1', ['SYSIN'], [8], 1, 8]
['2', ['SYSIN'], [8], 2, 15]
['3', ['SYSIN'], [8], 3, 26]
['4', ['SYSIN'], [8], 4, 17]
['5', [1, 2], [8, 15], 5, 4]
['6', [2, 3], [15, 26], 6, -87]
['7', [3, 4], [26, 17], 7, 153]
['8', [1], [8], 8, 22]
['9', [5, 6], [4, -87], 9, 108]
['1', ['SYSIN'], [6], 1, 6]
['2', ['SYSIN'], [4], 2, 7]
['3', ['SYSIN'], [8], 3, 26]
['4', ['SYSIN'], [6], 4, 15]
['5', [1, 2], [6, 7], 5, 8]
['6', [2, 3], [7, 26], 6, -95]
['7', [3, 4], [26, 15], 7, 147]
['8', [1], [6], 8, 16]
['9', [5, 6], [8, -95], 9, 136]
['1', ['SYSIN'], [8], 1, 8]
['2', ['SYSIN'], [1], 2, 1]
['3', ['SYSIN'], [9], 3, 29]
['4', ['SYSIN'], [6], 4, 15]
['5', [1, 2], [8, 1], 5, 18]
['6', [2, 3], [1, 29], 6, -113]
['7', [3, 4], [29, 15], 7, 159]
['8', [1], [8], 8, 22]
['9', [5, 6], [18, -113], 9, 204]
['1', ['SYSIN'], [6], 1, 6]
['2', ['SYSIN'], [5], 2, 9]
['3', ['SYSIN'], [0], 3, 2]
['4', ['SYSIN'], [0], 4, 9]
['5', [1, 2], [6, 9], 5, 6]
['6', [2, 3], [9, 2], 6, 3]
['7', [3, 4], [2, 9], 7, 33]
['8', [1], [6], 8, 16]
['9', [5, 6], [6, 3], 9, 28]
['1', ['SYSIN'], [7], 1, 7]
['2', ['SYSIN'], [8], 2, 15]
['3', ['SYSIN'], [7], 3, 23]
['4', ['SYSIN'], [9], 4, 18]
['5', [1, 2], [7, 15], 5, 2]
['6', [2, 3], [15, 23], 6, -75]
['7', [3, 4], [23, 18], 7, 144]
['8', [1], [7], 8, 19]
['9', [5, 6], [2, -75], 9, 86]
['1', ['SYSIN'], [6], 1, 6]
['2', ['SYSIN'], [1], 2, 1]
['3', ['SYSIN'], [2], 3, 8]
['4', ['SYSIN'], [3], 4, 12]
['5', [1, 2], [6, 1], 5, 14]
['6', [2, 3], [1, 8], 6, -29]
['7', [3, 4], [8, 12], 7, 66]
['8', [1], [6], 8, 16]
['9', [5, 6], [14, -29], 9, 100]
['1', ['SYSIN'], [5], 1, 5]
['2', ['SYSIN'], [5], 2, 9]
['3', ['SYSIN'], [6], 3, 20]
['4', ['SYSIN'], [8], 4, 17]
['5', [1, 2], [5, 9], 5, 4]
['6', [2, 3], [9, 20], 6, -69]
['7', [3, 4], [20, 17], 7, 129]
['8', [1], [5], 8, 13]
['9', [5, 6], [4, -69], 9, 90]
['1', ['SYSIN'], [0], 1, 0]
['2', ['SYSIN'], [1], 2, 1]
['3', ['SYSIN'], [4], 3, 14]
['4', ['SYSIN'], [6], 4, 15]
['5', [1, 2], [0, 1], 5, 2]
['6', [2, 3], [1, 14], 6, -53]
['7', [3, 4], [14, 15], 7, 99]
['8', [1], [0], 8, -2]
['9', [5, 6], [2, -53], 9, 64]
['1', ['SYSIN'], [9], 1, 9]
['2', ['SYSIN'], [4], 2, 7]
['3', ['SYSIN'], [3], 3, 11]
['4', ['SYSIN'], [6], 4, 15]
['5', [1, 2], [9, 7], 5, 14]
['6', [2, 3], [7, 11], 6, -35]
['7', [3, 4], [11, 15], 7, 87]
['8', [1], [9], 8, 25]
['9', [5, 6], [14, -35], 9, 106]
['1', ['SYSIN'], [5], 1, 5]
['2', ['SYSIN'], [5], 2, 9]
['3', ['SYSIN'], [2], 3, 8]
['4', ['SYSIN'], [4], 4, 13]
['5', [1, 2], [5, 9], 5, 4]
['6', [2, 3], [9, 8], 6, -21]
['7', [3, 4], [8, 13], 7, 69]
['8', [1], [5], 8, 13]
['9', [5, 6], [4, -21], 9, 42]
['1', ['SYSIN'], [2], 1, 2]
['2', ['SYSIN'], [7], 2, 13]
['3', ['SYSIN'], [0], 3, 2]
['4', ['SYSIN'], [7], 4, 16]
['5', [1, 2], [2, 13], 5, -6]
['6', [2, 3], [13, 2], 6, 7]
['7', [3, 4], [2, 16], 7, 54]
['8', [1], [2], 8, 4]
['9', [5, 6], [-6, 7], 9, -36]
['1', ['SYSIN'], [1], 1, 1]
['2', ['SYSIN'], [5], 2, 9]
['3', ['SYSIN'], [2], 3, 8]
['4', ['SYSIN'], [2], 4, 11]
['5', [1, 2], [1, 9], 5, -4]
['6', [2, 3], [9, 8], 6, -21]
['7', [3, 4], [8, 11], 7, 63]
['8', [1], [1], 8, 1]
['9', [5, 6], [-4, -21], 9, 2]
['1', ['SYSIN'], [2], 1, 2]
['2', ['SYSIN'], [8], 2, 15]
['3', ['SYSIN'], [4], 3, 14]
['4', ['SYSIN'], [1], 4, 10]
['5', [1, 2], [2, 15], 5, -8]
['6', [2, 3], [15, 14], 6, -39]
['7', [3, 4], [14, 10], 7, 84]
['8', [1], [2], 8, 4]
['9', [5, 6], [-8, -39], 9, 0]
['1', ['SYSIN'], [2], 1, 2]
['2', ['SYSIN'], [3], 2, 5]
['3', ['SYSIN'], [7], 3, 23]
['4', ['SYSIN'], [8], 4, 17]
['5', [1, 2], [2, 5], 5, 2]
['6', [2, 3], [5, 23], 6, -85]
['7', [3, 4], [23, 17], 7, 141]
['8', [1], [2], 8, 4]
['9', [5, 6], [2, -85], 9, 96]
['1', ['SYSIN'], [9], 1, 9]
['2', ['SYSIN'], [3], 2, 5]
['3', ['SYSIN'], [4], 3, 14]
['4', ['SYSIN'], [3], 4, 12]
['5', [1, 2], [9, 5], 5, 16]
['6', [2, 3], [5, 14], 6, -49]
['7', [3, 4], [14, 12], 7, 90]
['8', [1], [9], 8, 25]
['9', [5, 6], [16, -49], 9, 130]
['1', ['SYSIN'], [8], 1, 8]
['2', ['SYSIN'], [3], 2, 5]
['3', ['SYSIN'], [6], 3, 20]
['4', ['SYSIN'], [8], 4, 17]
['5', [1, 2], [8, 5], 5, 14]
['6', [2, 3], [5, 20], 6, -73]
['7', [3, 4], [20, 17], 7, 129]
['8', [1], [8], 8, 22]
['9', [5, 6], [14, -73], 9, 144]
['1', ['SYSIN'], [8], 1, 8]
['2', ['SYSIN'], [1], 2, 1]
['3', ['SYSIN'], [9], 3, 29]
['4', ['SYSIN'], [0], 4, 9]
['5', [1, 2], [8, 1], 5, 18]
['6', [2, 3], [1, 29], 6, -113]
['7', [3, 4], [29, 9], 7, 141]
['8', [1], [8], 8, 22]
['9', [5, 6], [18, -113], 9, 204]
['1', ['SYSIN'], [3], 1, 3]
['2', ['SYSIN'], [7], 2, 13]
['3', ['SYSIN'], [2], 3, 8]
['4', ['SYSIN'], [3], 4, 12]
['5', [1, 2], [3, 13], 5, -4]
['6', [2, 3], [13, 8], 6, -17]
['7', [3, 4], [8, 12], 7, 66]
['8', [1], [3], 8, 7]
['9', [5, 6], [-4, -17], 9, -2]
['1', ['SYSIN'], [3], 1, 3]
['2', ['SYSIN'], [2], 2, 3]
['3', ['SYSIN'], [2], 3, 8]
['4', ['SYSIN'], [1], 4, 10]
['5', [1, 2], [3, 3], 5, 6]
['6', [2, 3], [3, 8], 6, -27]
['7', [3, 4], [8, 10], 7, 60]
['8', [1], [3], 8, 7]
['9', [5, 6], [6, -27], 9, 58]
['1', ['SYSIN'], [0], 1, 0]
['2', ['SYSIN'], [3], 2, 5]
['3', ['SYSIN'], [7], 3, 23]
['4', ['SYSIN'], [7], 4, 16]
['5', [1, 2], [0, 5], 5, -2]
['6', [2, 3], [5, 23], 6, -85]
['7', [3, 4], [23, 16], 7, 138]
['8', [1], [0], 8, -2]
['9', [5, 6], [-2, -85], 9, 76]
['1', ['SYSIN'], [4], 1, 4]
['2', ['SYSIN'], [9], 2, 17]
['3', ['SYSIN'], [9], 3, 29]
['4', ['SYSIN'], [3], 4, 12]
['5', [1, 2], [4, 17], 5, -6]
['6', [2, 3], [17, 29], 6, -97]
['7', [3, 4], [29, 12], 7, 150]
['8', [1], [4], 8, 10]
['9', [5, 6], [-6, -97], 9, 68]
['1', ['SYSIN'], [8], 1, 8]
['2', ['SYSIN'], [1], 2, 1]
['3', ['SYSIN'], [7], 3, 23]
['4', ['SYSIN'], [1], 4, 10]
['5', [1, 2], [8, 1], 5, 18]
['6', [2, 3], [1, 23], 6, -89]
['7', [3, 4], [23, 10], 7, 120]
['8', [1], [8], 8, 22]
['9', [5, 6], [18, -89], 9, 180]
['1', ['SYSIN'], [6], 1, 6]
['2', ['SYSIN'], [4], 2, 7]
['3', ['SYSIN'], [4], 3, 14]
['4', ['SYSIN'], [0], 4, 9]
['5', [1, 2], [6, 7], 5, 8]
['6', [2, 3], [7, 14], 6, -47]
['7', [3, 4], [14, 9], 7, 81]
['8', [1], [6], 8, 16]
['9', [5, 6], [8, -47], 9, 88]
['1', ['SYSIN'], [5], 1, 5]
['2', ['SYSIN'], [9], 2, 17]
['3', ['SYSIN'], [7], 3, 23]
['4', ['SYSIN'], [4], 4, 13]
['5', [1, 2], [5, 17], 5, -4]
['6', [2, 3], [17, 23], 6, -73]
['7', [3, 4], [23, 13], 7, 129]
['8', [1], [5], 8, 13]
['9', [5, 6], [-4, -73], 9, 54]
['1', ['SYSIN'], [8], 1, 8]
['2', ['SYSIN'], [2], 2, 3]
['3', ['SYSIN'], [7], 3, 23]
['4', ['SYSIN'], [7], 4, 16]
['5', [1, 2], [8, 3], 5, 16]
['6', [2, 3], [3, 23], 6, -87]
['7', [3, 4], [23, 16], 7, 138]
['8', [1], [8], 8, 22]
['9', [5, 6], [16, -87], 9, 168]
['1', ['SYSIN'], [3], 1, 3]
['2', ['SYSIN'], [0], 2, -1]
['3', ['SYSIN'], [1], 3, 5]
['4', ['SYSIN'], [1], 4, 10]
['5', [1, 2], [3, -1], 5, 10]
['6', [2, 3], [-1, 5], 6, -19]
['7', [3, 4], [5, 10], 7, 48]
['8', [1], [3], 8, 7]
['9', [5, 6], [10, -19], 9, 70]
['1', ['SYSIN'], [3], 1, 3]
['2', ['SYSIN'], [4], 2, 7]
['3', ['SYSIN'], [0], 3, 2]
['4', ['SYSIN'], [1], 4, 10]
['5', [1, 2], [3, 7], 5, 2]
['6', [2, 3], [7, 2], 6, 1]
['7', [3, 4], [2, 10], 7, 36]
['8', [1], [3], 8, 7]
['9', [5, 6], [2, 1], 9, 10]
['1', ['SYSIN'], [3], 1, 3]
['2', ['SYSIN'], [7], 2, 13]
['3', ['SYSIN'], [1], 3, 5]
['4', ['SYSIN'], [7], 4, 16]
['5', [1, 2], [3, 13], 5, -4]
['6', [2, 3], [13, 5], 6, -5]
['7', [3, 4], [5, 16], 7, 66]
['8', [1], [3], 8, 7]
['9', [5, 6], [-4, -5], 9, -14]
['1', ['SYSIN'], [7], 1, 7]
['2', ['SYSIN'], [0], 2, -1]
['3', ['SYSIN'], [0], 3, 2]
['4', ['SYSIN'], [7], 4, 16]
['5', [1, 2], [7, -1], 5, 18]
['6', [2, 3], [-1, 2], 6, -7]
['7', [3, 4], [2, 16], 7, 54]
['8', [1], [7], 8, 19]
['9', [5, 6], [18, -7], 9, 98]
['1', ['SYSIN'], [9], 1, 9]
['2', ['SYSIN'], [9], 2, 17]
['3', ['SYSIN'], [3], 3, 11]
['4', ['SYSIN'], [0], 4, 9]
['5', [1, 2], [9, 17], 5, 4]
['6', [2, 3], [17, 11], 6, -25]
['7', [3, 4], [11, 9], 7, 69]
['8', [1], [9], 8, 25]
['9', [5, 6], [4, -25], 9, 46]
['1', ['SYSIN'], [5], 1, 5]
['2', ['SYSIN'], [5], 2, 9]
['3', ['SYSIN'], [2], 3, 8]
['4', ['SYSIN'], [3], 4, 12]
['5', [1, 2], [5, 9], 5, 4]
['6', [2, 3], [9, 8], 6, -21]
['7', [3, 4], [8, 12], 7, 66]
['8', [1], [5], 8, 13]
['9', [5, 6], [4, -21], 9, 42]
['1', ['SYSIN'], [7], 1, 7]
['2', ['SYSIN'], [7], 2, 13]
['3', ['SYSIN'], [6], 3, 20]
['4', ['SYSIN'], [6], 4, 15]
['5', [1, 2], [7, 13], 5, 4]
['6', [2, 3], [13, 20], 6, -65]
['7', [3, 4], [20, 15], 7, 123]
['8', [1], [7], 8, 19]
['9', [5, 6], [4, -65], 9, 86]
['1', ['SYSIN'], [1], 1, 1]
['2', ['SYSIN'], [2], 2, 3]
['3', ['SYSIN'], [5], 3, 17]
['4', ['SYSIN'], [9], 4, 18]
['5', [1, 2], [1, 3], 5, 2]
['6', [2, 3], [3, 17], 6, -63]
['7', [3, 4], [17, 18], 7, 120]
['8', [1], [1], 8, 1]
['9', [5, 6], [2, -63], 9, 74]
['1', ['SYSIN'], [5], 1, 5]
['2', ['SYSIN'], [1], 2, 1]
['3', ['SYSIN'], [6], 3, 20]
['4', ['SYSIN'], [6], 4, 15]
['5', [1, 2], [5, 1], 5, 12]
['6', [2, 3], [1, 20], 6, -77]
['7', [3, 4], [20, 15], 7, 123]
['8', [1], [5], 8, 13]
['9', [5, 6], [12, -77], 9, 138]
['1', ['SYSIN'], [0], 1, 0]
['2', ['SYSIN'], [3], 2, 5]
['3', ['SYSIN'], [8], 3, 26]
['4', ['SYSIN'], [2], 4, 11]
['5', [1, 2], [0, 5], 5, -2]
['6', [2, 3], [5, 26], 6, -97]
['7', [3, 4], [26, 11], 7, 135]
['8', [1], [0], 8, -2]
['9', [5, 6], [-2, -97], 9, 88]
['1', ['SYSIN'], [7], 1, 7]
['2', ['SYSIN'], [9], 2, 17]
['3', ['SYSIN'], [9], 3, 29]
['4', ['SYSIN'], [9], 4, 18]
['5', [1, 2], [7, 17], 5, 0]
['6', [2, 3], [17, 29], 6, -97]
['7', [3, 4], [29, 18], 7, 168]
['8', [1], [7], 8, 19]
['9', [5, 6], [0, -97], 9, 98]
['1', ['SYSIN'], [6], 1, 6]
['2', ['SYSIN'], [3], 2, 5]
['3', ['SYSIN'], [7], 3, 23]
['4', ['SYSIN'], [1], 4, 10]
['5', [1, 2], [6, 5], 5, 10]
['6', [2, 3], [5, 23], 6, -85]
['7', [3, 4], [23, 10], 7, 120]
['8', [1], [6], 8, 16]
['9', [5, 6], [10, -85], 9, 136]
['1', ['SYSIN'], [0], 1, 0]
['2', ['SYSIN'], [7], 2, 13]
['3', ['SYSIN'], [6], 3, 20]
['4', ['SYSIN'], [7], 4, 16]
['5', [1, 2], [0, 13], 5, -10]
['6', [2, 3], [13, 20], 6, -65]
['7', [3, 4], [20, 16], 7, 126]
['8', [1], [0], 8, -2]
['9', [5, 6], [-10, -65], 9, 16]
['1', ['SYSIN'], [0], 1, 0]
['2', ['SYSIN'], [1], 2, 1]
['3', ['SYSIN'], [9], 3, 29]
['4', ['SYSIN'], [2], 4, 11]
['5', [1, 2], [0, 1], 5, 2]
['6', [2, 3], [1, 29], 6, -113]
['7', [3, 4], [29, 11], 7, 147]
['8', [1], [0], 8, -2]
['9', [5, 6], [2, -113], 9, 124]
['1', ['SYSIN'], [4], 1, 4]
['2', ['SYSIN'], [8], 2, 15]
['3', ['SYSIN'], [8], 3, 26]
['4', ['SYSIN'], [1], 4, 10]
['5', [1, 2], [4, 15], 5, -4]
['6', [2, 3], [15, 26], 6, -87]
['7', [3, 4], [26, 10], 7, 132]
['8', [1], [4], 8, 10]
['9', [5, 6], [-4, -87], 9, 68]
['1', ['SYSIN'], [6], 1, 6]
['2', ['SYSIN'], [0], 2, -1]
['3', ['SYSIN'], [1], 3, 5]
['4', ['SYSIN'], [6], 4, 15]
['5', [1, 2], [6, -1], 5, 16]
['6', [2, 3], [-1, 5], 6, -19]
['7', [3, 4], [5, 15], 7, 63]
['8', [1], [6], 8, 16]
['9', [5, 6], [16, -19], 9, 100]
['1', ['SYSIN'], [7], 1, 7]
['2', ['SYSIN'], [7], 2, 13]
['3', ['SYSIN'], [1], 3, 5]
['4', ['SYSIN'], [9], 4, 18]
['5', [1, 2], [7, 13], 5, 4]
['6', [2, 3], [13, 5], 6, -5]
['7', [3, 4], [5, 18], 7, 72]
['8', [1], [7], 8, 19]
['9', [5, 6], [4, -5], 9, 26]
['1', ['SYSIN'], [5], 1, 5]
['2', ['SYSIN'], [5], 2, 9]
['3', ['SYSIN'], [9], 3, 29]
['4', ['SYSIN'], [2], 4, 11]
['5', [1, 2], [5, 9], 5, 4]
['6', [2, 3], [9, 29], 6, -105]
['7', [3, 4], [29, 11], 7, 147]
['8', [1], [5], 8, 13]
['9', [5, 6], [4, -105], 9, 126]
['1', ['SYSIN'], [3], 1, 3]
['2', ['SYSIN'], [4], 2, 7]
['3', ['SYSIN'], [4], 3, 14]
['4', ['SYSIN'], [2], 4, 11]
['5', [1, 2], [3, 7], 5, 2]
['6', [2, 3], [7, 14], 6, -47]
['7', [3, 4], [14, 11], 7, 87]
['8', [1], [3], 8, 7]
['9', [5, 6], [2, -47], 9, 58]
['1', ['SYSIN'], [3], 1, 3]
['2', ['SYSIN'], [4], 2, 7]
['3', ['SYSIN'], [3], 3, 11]
['4', ['SYSIN'], [5], 4, 14]
['5', [1, 2], [3, 7], 5, 2]
['6', [2, 3], [7, 11], 6, -35]
['7', [3, 4], [11, 14], 7, 84]
['8', [1], [3], 8, 7]
['9', [5, 6], [2, -35], 9, 46]
['1', ['SYSIN'], [2], 1, 2]
['2', ['SYSIN'], [0], 2, -1]
['3', ['SYSIN'], [2], 3, 8]
['4', ['SYSIN'], [7], 4, 16]
['5', [1, 2], [2, -1], 5, 8]
['6', [2, 3], [-1, 8], 6, -31]
['7', [3, 4], [8, 16], 7, 78]
['8', [1], [2], 8, 4]
['9', [5, 6], [8, -31], 9, 72]
['1', ['SYSIN'], [2], 1, 2]
['2', ['SYSIN'], [4], 2, 7]
['3', ['SYSIN'], [4], 3, 14]
['4', ['SYSIN'], [4], 4, 13]
['5', [1, 2], [2, 7], 5, 0]
['6', [2, 3], [7, 14], 6, -47]
['7', [3, 4], [14, 13], 7, 93]
['8', [1], [2], 8, 4]
['9', [5, 6], [0, -47], 9, 48]
['1', ['SYSIN'], [9], 1, 9]
['2', ['SYSIN'], [3], 2, 5]
['3', ['SYSIN'], [0], 3, 2]
['4', ['SYSIN'], [6], 4, 15]
['5', [1, 2], [9, 5], 5, 16]
['6', [2, 3], [5, 2], 6, -1]
['7', [3, 4], [2, 15], 7, 51]
['8', [1], [9], 8, 25]
['9', [5, 6], [16, -1], 9, 82]
['1', ['SYSIN'], [1], 1, 1]
['2', ['SYSIN'], [5], 2, 9]
['3', ['SYSIN'], [5], 3, 17]
['4', ['SYSIN'], [3], 4, 12]
['5', [1, 2], [1, 9], 5, -4]
['6', [2, 3], [9, 17], 6, -57]
['7', [3, 4], [17, 12], 7, 102]
['8', [1], [1], 8, 1]
['9', [5, 6], [-4, -57], 9, 38]
['1', ['SYSIN'], [0], 1, 0]
['2', ['SYSIN'], [9], 2, 17]
['3', ['SYSIN'], [2], 3, 8]
['4', ['SYSIN'], [8], 4, 17]
['5', [1, 2], [0, 17], 5, -14]
['6', [2, 3], [17, 8], 6, -13]
['7', [3, 4], [8, 17], 7, 81]
['8', [1], [0], 8, -2]
['9', [5, 6], [-14, -13], 9, -56]
['1', ['SYSIN'], [5], 1, 5]
['2', ['SYSIN'], [9], 2, 17]
['3', ['SYSIN'], [5], 3, 17]
['4', ['SYSIN'], [2], 4, 11]
['5', [1, 2], [5, 17], 5, -4]
['6', [2, 3], [17, 17], 6, -49]
['7', [3, 4], [17, 11], 7, 99]
['8', [1], [5], 8, 13]
['9', [5, 6], [-4, -49], 9, 30]
['1', ['SYSIN'], [6], 1, 6]
['2', ['SYSIN'], [3], 2, 5]
['3', ['SYSIN'], [6], 3, 20]
['4', ['SYSIN'], [8], 4, 17]
['5', [1, 2], [6, 5], 5, 10]
['6', [2, 3], [5, 20], 6, -73]
['7', [3, 4], [20, 17], 7, 129]
['8', [1], [6], 8, 16]
['9', [5, 6], [10, -73], 9, 124]
['1', ['SYSIN'], [6], 1, 6]
['2', ['SYSIN'], [0], 2, -1]
['3', ['SYSIN'], [4], 3, 14]
['4', ['SYSIN'], [6], 4, 15]
['5', [1, 2], [6, -1], 5, 16]
['6', [2, 3], [-1, 14], 6, -55]
['7', [3, 4], [14, 15], 7, 99]
['8', [1], [6], 8, 16]
['9', [5, 6], [16, -55], 9, 136]
['1', ['SYSIN'], [9], 1, 9]
['2', ['SYSIN'], [8], 2, 15]
['3', ['SYSIN'], [3], 3, 11]
['4', ['SYSIN'], [7], 4, 16]
['5', [1, 2], [9, 15], 5, 6]
['6', [2, 3], [15, 11], 6, -27]
['7', [3, 4], [11, 16], 7, 90]
['8', [1], [9], 8, 25]
['9', [5, 6], [6, -27], 9, 58]
['1', ['SYSIN'], [4], 1, 4]
['2', ['SYSIN'], [0], 2, -1]
['3', ['SYSIN'], [7], 3, 23]
['4', ['SYSIN'], [4], 4, 13]
['5', [1, 2], [4, -1], 5, 12]
['6', [2, 3], [-1, 23], 6, -91]
['7', [3, 4], [23, 13], 7, 129]
['8', [1], [4], 8, 10]
['9', [5, 6], [12, -91], 9, 152]
['1', ['SYSIN'], [8], 1, 8]
['2', ['SYSIN'], [4], 2, 7]
['3', ['SYSIN'], [6], 3, 20]
['4', ['SYSIN'], [8], 4, 17]
['5', [1, 2], [8, 7], 5, 12]
['6', [2, 3], [7, 20], 6, -71]
['7', [3, 4], [20, 17], 7, 129]
['8', [1], [8], 8, 22]
['9', [5, 6], [12, -71], 9, 132]
['1', ['SYSIN'], [7], 1, 7]
['2', ['SYSIN'], [9], 2, 17]
['3', ['SYSIN'], [0], 3, 2]
['4', ['SYSIN'], [8], 4, 17]
['5', [1, 2], [7, 17], 5, 0]
['6', [2, 3], [17, 2], 6, 11]
['7', [3, 4], [2, 17], 7, 57]
['8', [1], [7], 8, 19]
['9', [5, 6], [0, 11], 9, -10]
['1', ['SYSIN'], [1], 1, 1]
['2', ['SYSIN'], [4], 2, 7]
['3', ['SYSIN'], [4], 3, 14]
['4', ['SYSIN'], [1], 4, 10]
['5', [1, 2], [1, 7], 5, -2]
['6', [2, 3], [7, 14], 6, -47]
['7', [3, 4], [14, 10], 7, 84]
['8', [1], [1], 8, 1]
['9', [5, 6], [-2, -47], 9, 38]
['1', ['SYSIN'], [3], 1, 3]
['2', ['SYSIN'], [4], 2, 7]
['3', ['SYSIN'], [8], 3, 26]
['4', ['SYSIN'], [6], 4, 15]
['5', [1, 2], [3, 7], 5, 2]
['6', [2, 3], [7, 26], 6, -95]
['7', [3, 4], [26, 15], 7, 147]
['8', [1], [3], 8, 7]
['9', [5, 6], [2, -95], 9, 106]
['1', ['SYSIN'], [0], 1, 0]
['2', ['SYSIN'], [9], 2, 17]
['3', ['SYSIN'], [3], 3, 11]
['4', ['SYSIN'], [1], 4, 10]
['5', [1, 2], [0, 17], 5, -14]
['6', [2, 3], [17, 11], 6, -25]
['7', [3, 4], [11, 10], 7, 72]
['8', [1], [0], 8, -2]
['9', [5, 6], [-14, -25], 9, -44]
['1', ['SYSIN'], [5], 1, 5]
['2', ['SYSIN'], [4], 2, 7]
['3', ['SYSIN'], [0], 3, 2]
['4', ['SYSIN'], [3], 4, 12]
['5', [1, 2], [5, 7], 5, 6]
['6', [2, 3], [7, 2], 6, 1]
['7', [3, 4], [2, 12], 7, 42]
['8', [1], [5], 8, 13]
['9', [5, 6], [6, 1], 9, 30]
['1', ['SYSIN'], [1], 1, 1]
['2', ['SYSIN'], [5], 2, 9]
['3', ['SYSIN'], [0], 3, 2]
['4', ['SYSIN'], [6], 4, 15]
['5', [1, 2], [1, 9], 5, -4]
['6', [2, 3], [9, 2], 6, 3]
['7', [3, 4], [2, 15], 7, 51]
['8', [1], [1], 8, 1]
['9', [5, 6], [-4, 3], 9, -22]
['1', ['SYSIN'], [6], 1, 6]
['2', ['SYSIN'], [4], 2, 7]
['3', ['SYSIN'], [4], 3, 14]
['4', ['SYSIN'], [3], 4, 12]
['5', [1, 2], [6, 7], 5, 8]
['6', [2, 3], [7, 14], 6, -47]
['7', [3, 4], [14, 12], 7, 90]
['8', [1], [6], 8, 16]
['9', [5, 6], [8, -47], 9, 88]
['1', ['SYSIN'], [8], 1, 8]
['2', ['SYSIN'], [2], 2, 3]
['3', ['SYSIN'], [1], 3, 5]
['4', ['SYSIN'], [3], 4, 12]
['5', [1, 2], [8, 3], 5, 16]
['6', [2, 3], [3, 5], 6, -15]
['7', [3, 4], [5, 12], 7, 54]
['8', [1], [8], 8, 22]
['9', [5, 6], [16, -15], 9, 96]
['1', ['SYSIN'], [2], 1, 2]
['2', ['SYSIN'], [7], 2, 13]
['3', ['SYSIN'], [5], 3, 17]
['4', ['SYSIN'], [3], 4, 12]
['5', [1, 2], [2, 13], 5, -6]
['6', [2, 3], [13, 17], 6, -53]
['7', [3, 4], [17, 12], 7, 102]
['8', [1], [2], 8, 4]
['9', [5, 6], [-6, -53], 9, 24]
['1', ['SYSIN'], [9], 1, 9]
['2', ['SYSIN'], [2], 2, 3]
['3', ['SYSIN'], [3], 3, 11]
['4', ['SYSIN'], [7], 4, 16]
['5', [1, 2], [9, 3], 5, 18]
['6', [2, 3], [3, 11], 6, -39]
['7', [3, 4], [11, 16], 7, 90]
['8', [1], [9], 8, 25]
['9', [5, 6], [18, -39], 9, 130]
['1', ['SYSIN'], [7], 1, 7]
['2', ['SYSIN'], [8], 2, 15]
['3', ['SYSIN'], [2], 3, 8]
['4', ['SYSIN'], [6], 4, 15]
['5', [1, 2], [7, 15], 5, 2]
['6', [2, 3], [15, 8], 6, -15]
['7', [3, 4], [8, 15], 7, 75]
['8', [1], [7], 8, 19]
['9', [5, 6], [2, -15], 9, 26]
['1', ['SYSIN'], [3], 1, 3]
['2', ['SYSIN'], [4], 2, 7]
['3', ['SYSIN'], [4], 3, 14]
['4', ['SYSIN'], [3], 4, 12]
['5', [1, 2], [3, 7], 5, 2]
['6', [2, 3], [7, 14], 6, -47]
['7', [3, 4], [14, 12], 7, 90]
['8', [1], [3], 8, 7]
['9', [5, 6], [2, -47], 9, 58]
['1', ['SYSIN'], [3], 1, 3]
['2', ['SYSIN'], [7], 2, 13]
['3', ['SYSIN'], [5], 3, 17]
['4', ['SYSIN'], [0], 4, 9]
['5', [1, 2], [3, 13], 5, -4]
['6', [2, 3], [13, 17], 6, -53]
['7', [3, 4], [17, 9], 7, 93]
['8', [1], [3], 8, 7]
['9', [5, 6], [-4, -53], 9, 34]
['1', ['SYSIN'], [4], 1, 4]
['2', ['SYSIN'], [0], 2, -1]
['3', ['SYSIN'], [8], 3, 26]
['4', ['SYSIN'], [7], 4, 16]
['5', [1, 2], [4, -1], 5, 12]
['6', [2, 3], [-1, 26], 6, -103]
['7', [3, 4], [26, 16], 7, 150]
['8', [1], [4], 8, 10]
['9', [5, 6], [12, -103], 9, 164]
['1', ['SYSIN'], [5], 1, 5]
['2', ['SYSIN'], [2], 2, 3]
['3', ['SYSIN'], [4], 3, 14]
['4', ['SYSIN'], [5], 4, 14]
['5', [1, 2], [5, 3], 5, 10]
['6', [2, 3], [3, 14], 6, -51]
['7', [3, 4], [14, 14], 7, 96]
['8', [1], [5], 8, 13]
['9', [5, 6], [10, -51], 9, 102]
['1', ['SYSIN'], [8], 1, 8]
['2', ['SYSIN'], [0], 2, -1]
['3', ['SYSIN'], [4], 3, 14]
['4', ['SYSIN'], [6], 4, 15]
['5', [1, 2], [8, -1], 5, 20]
['6', [2, 3], [-1, 14], 6, -55]
['7', [3, 4], [14, 15], 7, 99]
['8', [1], [8], 8, 22]
['9', [5, 6], [20, -55], 9, 156]
['1', ['SYSIN'], [0], 1, 0]
['2', ['SYSIN'], [1], 2, 1]
['3', ['SYSIN'], [6], 3, 20]
['4', ['SYSIN'], [1], 4, 10]
['5', [1, 2], [0, 1], 5, 2]
['6', [2, 3], [1, 20], 6, -77]
['7', [3, 4], [20, 10], 7, 108]
['8', [1], [0], 8, -2]
['9', [5, 6], [2, -77], 9, 88]
['1', ['SYSIN'], [6], 1, 6]
['2', ['SYSIN'], [5], 2, 9]
['3', ['SYSIN'], [3], 3, 11]
['4', ['SYSIN'], [5], 4, 14]
['5', [1, 2], [6, 9], 5, 6]
['6', [2, 3], [9, 11], 6, -33]
['7', [3, 4], [11, 14], 7, 84]
['8', [1], [6], 8, 16]
['9', [5, 6], [6, -33], 9, 64]
['1', ['SYSIN'], [5], 1, 5]
['2', ['SYSIN'], [6], 2, 11]
['3', ['SYSIN'], [2], 3, 8]
['4', ['SYSIN'], [3], 4, 12]
['5', [1, 2], [5, 11], 5, 2]
['6', [2, 3], [11, 8], 6, -19]
['7', [3, 4], [8, 12], 7, 66]
['8', [1], [5], 8, 13]
['9', [5, 6], [2, -19], 9, 30]
['1', ['SYSIN'], [6], 1, 6]
['2', ['SYSIN'], [0], 2, -1]
['3', ['SYSIN'], [0], 3, 2]
['4', ['SYSIN'], [6], 4, 15]
['5', [1, 2], [6, -1], 5, 16]
['6', [2, 3], [-1, 2], 6, -7]
['7', [3, 4], [2, 15], 7, 51]
['8', [1], [6], 8, 16]
['9', [5, 6], [16, -7], 9, 88]
['1', ['SYSIN'], [2], 1, 2]
['2', ['SYSIN'], [6], 2, 11]
['3', ['SYSIN'], [3], 3, 11]
['4', ['SYSIN'], [7], 4, 16]
['5', [1, 2], [2, 11], 5, -4]
['6', [2, 3], [11, 11], 6, -31]
['7', [3, 4], [11, 16], 7, 90]
['8', [1], [2], 8, 4]
['9', [5, 6], [-4, -31], 9, 12]
['1', ['SYSIN'], [6], 1, 6]
['2', ['SYSIN'], [2], 2, 3]
['3', ['SYSIN'], [8], 3, 26]
['4', ['SYSIN'], [6], 4, 15]
['5', [1, 2], [6, 3], 5, 12]
['6', [2, 3], [3, 26], 6, -99]
['7', [3, 4], [26, 15], 7, 147]
['8', [1], [6], 8, 16]
['9', [5, 6], [12, -99], 9, 160]
['1', ['SYSIN'], [2], 1, 2]
['2', ['SYSIN'], [1], 2, 1]
['3', ['SYSIN'], [5], 3, 17]
['4', ['SYSIN'], [0], 4, 9]
['5', [1, 2], [2, 1], 5, 6]
['6', [2, 3], [1, 17], 6, -65]
['7', [3, 4], [17, 9], 7, 93]
['8', [1], [2], 8, 4]
['9', [5, 6], [6, -65], 9, 96]
['1', ['SYSIN'], [3], 1, 3]
['2', ['SYSIN'], [2], 2, 3]
['3', ['SYSIN'], [5], 3, 17]
['4', ['SYSIN'], [0], 4, 9]
['5', [1, 2], [3, 3], 5, 6]
['6', [2, 3], [3, 17], 6, -63]
['7', [3, 4], [17, 9], 7, 93]
['8', [1], [3], 8, 7]
['9', [5, 6], [6, -63], 9, 94]
['1', ['SYSIN'], [1], 1, 1]
['2', ['SYSIN'], [3], 2, 5]
['3', ['SYSIN'], [9], 3, 29]
['4', ['SYSIN'], [9], 4, 18]
['5', [1, 2], [1, 5], 5, 0]
['6', [2, 3], [5, 29], 6, -109]
['7', [3, 4], [29, 18], 7, 168]
['8', [1], [1], 8, 1]
['9', [5, 6], [0, -109], 9, 110]
['1', ['SYSIN'], [3], 1, 3]
['2', ['SYSIN'], [8], 2, 15]
['3', ['SYSIN'], [4], 3, 14]
['4', ['SYSIN'], [2], 4, 11]
['5', [1, 2], [3, 15], 5, -6]
['6', [2, 3], [15, 14], 6, -39]
['7', [3, 4], [14, 11], 7, 87]
['8', [1], [3], 8, 7]
['9', [5, 6], [-6, -39], 9, 10]
['1', ['SYSIN'], [1], 1, 1]
['2', ['SYSIN'], [1], 2, 1]
['3', ['SYSIN'], [5], 3, 17]
['4', ['SYSIN'], [2], 4, 11]
['5', [1, 2], [1, 1], 5, 4]
['6', [2, 3], [1, 17], 6, -65]
['7', [3, 4], [17, 11], 7, 99]
['8', [1], [1], 8, 1]
['9', [5, 6], [4, -65], 9, 86]
['1', ['SYSIN'], [0], 1, 0]
['2', ['SYSIN'], [4], 2, 7]
['3', ['SYSIN'], [0], 3, 2]
['4', ['SYSIN'], [6], 4, 15]
['5', [1, 2], [0, 7], 5, -4]
['6', [2, 3], [7, 2], 6, 1]
['7', [3, 4], [2, 15], 7, 51]
['8', [1], [0], 8, -2]
['9', [5, 6], [-4, 1], 9, -20]
['1', ['SYSIN'], [0], 1, 0]
['2', ['SYSIN'], [9], 2, 17]
['3', ['SYSIN'], [6], 3, 20]
['4', ['SYSIN'], [2], 4, 11]
['5', [1, 2], [0, 17], 5, -14]
['6', [2, 3], [17, 20], 6, -61]
['7', [3, 4], [20, 11], 7, 111]
['8', [1], [0], 8, -2]
['9', [5, 6], [-14, -61], 9, -8]
['1', ['SYSIN'], [3], 1, 3]
['2', ['SYSIN'], [5], 2, 9]
['3', ['SYSIN'], [5], 3, 17]
['4', ['SYSIN'], [0], 4, 9]
['5', [1, 2], [3, 9], 5, 0]
['6', [2, 3], [9, 17], 6, -57]
['7', [3, 4], [17, 9], 7, 93]
['8', [1], [3], 8, 7]
['9', [5, 6], [0, -57], 9, 58]
['1', ['SYSIN'], [8], 1, 8]
['2', ['SYSIN'], [1], 2, 1]
['3', ['SYSIN'], [5], 3, 17]
['4', ['SYSIN'], [6], 4, 15]
['5', [1, 2], [8, 1], 5, 18]
['6', [2, 3], [1, 17], 6, -65]
['7', [3, 4], [17, 15], 7, 111]
['8', [1], [8], 8, 22]
['9', [5, 6], [18, -65], 9, 156]
['1', ['SYSIN'], [1], 1, 1]
['2', ['SYSIN'], [2], 2, 3]
['3', ['SYSIN'], [8], 3, 26]
['4', ['SYSIN'], [8], 4, 17]
['5', [1, 2], [1, 3], 5, 2]
['6', [2, 3], [3, 26], 6, -99]
['7', [3, 4], [26, 17], 7, 153]
['8', [1], [1], 8, 1]
['9', [5, 6], [2, -99], 9, 110]
['1', ['SYSIN'], [0], 1, 0]
['2', ['SYSIN'], [4], 2, 7]
['3', ['SYSIN'], [4], 3, 14]
['4', ['SYSIN'], [8], 4, 17]
['5', [1, 2], [0, 7], 5, -4]
['6', [2, 3], [7, 14], 6, -47]
['7', [3, 4], [14, 17], 7, 105]
['8', [1], [0], 8, -2]
['9', [5, 6], [-4, -47], 9, 28]
['1', ['SYSIN'], [3], 1, 3]
['2', ['SYSIN'], [4], 2, 7]
['3', ['SYSIN'], [0], 3, 2]
['4', ['SYSIN'], [2], 4, 11]
['5', [1, 2], [3, 7], 5, 2]
['6', [2, 3], [7, 2], 6, 1]
['7', [3, 4], [2, 11], 7, 39]
['8', [1], [3], 8, 7]
['9', [5, 6], [2, 1], 9, 10]
['1', ['SYSIN'], [8], 1, 8]
['2', ['SYSIN'], [5], 2, 9]
['3', ['SYSIN'], [2], 3, 8]
['4', ['SYSIN'], [9], 4, 18]
['5', [1, 2], [8, 9], 5, 10]
['6', [2, 3], [9, 8], 6, -21]
['7', [3, 4], [8, 18], 7, 84]
['8', [1], [8], 8, 22]
['9', [5, 6], [10, -21], 9, 72]
['1', ['SYSIN'], [6], 1, 6]
['2', ['SYSIN'], [7], 2, 13]
['3', ['SYSIN'], [8], 3, 26]
['4', ['SYSIN'], [1], 4, 10]
['5', [1, 2], [6, 13], 5, 2]
['6', [2, 3], [13, 26], 6, -89]
['7', [3, 4], [26, 10], 7, 132]
['8', [1], [6], 8, 16]
['9', [5, 6], [2, -89], 9, 100]
['1', ['SYSIN'], [2], 1, 2]
['2', ['SYSIN'], [1], 2, 1]
['3', ['SYSIN'], [8], 3, 26]
['4', ['SYSIN'], [5], 4, 14]
['5', [1, 2], [2, 1], 5, 6]
['6', [2, 3], [1, 26], 6, -101]
['7', [3, 4], [26, 14], 7, 144]
['8', [1], [2], 8, 4]
['9', [5, 6], [6, -101], 9, 132]
['1', ['SYSIN'], [4], 1, 4]
['2', ['SYSIN'], [2], 2, 3]
['3', ['SYSIN'], [2], 3, 8]
['4', ['SYSIN'], [9], 4, 18]
['5', [1, 2], [4, 3], 5, 8]
['6', [2, 3], [3, 8], 6, -27]
['7', [3, 4], [8, 18], 7, 84]
['8', [1], [4], 8, 10]
['9', [5, 6], [8, -27], 9, 68]
['1', ['SYSIN'], [7], 1, 7]
['2', ['SYSIN'], [2], 2, 3]
['3', ['SYSIN'], [4], 3, 14]
['4', ['SYSIN'], [0], 4, 9]
['5', [1, 2], [7, 3], 5, 14]
['6', [2, 3], [3, 14], 6, -51]
['7', [3, 4], [14, 9], 7, 81]
['8', [1], [7], 8, 19]
['9', [5, 6], [14, -51], 9, 122]
['1', ['SYSIN'], [3], 1, 3]
['2', ['SYSIN'], [4], 2, 7]
['3', ['SYSIN'], [8], 3, 26]
['4', ['SYSIN'], [7], 4, 16]
['5', [1, 2], [3, 7], 5, 2]
['6', [2, 3], [7, 26], 6, -95]
['7', [3, 4], [26, 16], 7, 150]
['8', [1], [3], 8, 7]
['9', [5, 6], [2, -95], 9, 106]
['1', ['SYSIN'], [7], 1, 7]
['2', ['SYSIN'], [2], 2, 3]
['3', ['SYSIN'], [0], 3, 2]
['4', ['SYSIN'], [7], 4, 16]
['5', [1, 2], [7, 3], 5, 14]
['6', [2, 3], [3, 2], 6, -3]
['7', [3, 4], [2, 16], 7, 54]
['8', [1], [7], 8, 19]
['9', [5, 6], [14, -3], 9, 74]
['1', ['SYSIN'], [7], 1, 7]
['2', ['SYSIN'], [7], 2, 13]
['3', ['SYSIN'], [4], 3, 14]
['4', ['SYSIN'], [7], 4, 16]
['5', [1, 2], [7, 13], 5, 4]
['6', [2, 3], [13, 14], 6, -41]
['7', [3, 4], [14, 16], 7, 102]
['8', [1], [7], 8, 19]
['9', [5, 6], [4, -41], 9, 62]
['1', ['SYSIN'], [6], 1, 6]
['2', ['SYSIN'], [0], 2, -1]
['3', ['SYSIN'], [1], 3, 5]
['4', ['SYSIN'], [4], 4, 13]
['5', [1, 2], [6, -1], 5, 16]
['6', [2, 3], [-1, 5], 6, -19]
['7', [3, 4], [5, 13], 7, 57]
['8', [1], [6], 8, 16]
['9', [5, 6], [16, -19], 9, 100]
['1', ['SYSIN'], [1], 1, 1]
['2', ['SYSIN'], [7], 2, 13]
['3', ['SYSIN'], [0], 3, 2]
['4', ['SYSIN'], [6], 4, 15]
['5', [1, 2], [1, 13], 5, -8]
['6', [2, 3], [13, 2], 6, 7]
['7', [3, 4], [2, 15], 7, 51]
['8', [1], [1], 8, 1]
['9', [5, 6], [-8, 7], 9, -46]
['1', ['SYSIN'], [8], 1, 8]
['2', ['SYSIN'], [4], 2, 7]
['3', ['SYSIN'], [2], 3, 8]
['4', ['SYSIN'], [1], 4, 10]
['5', [1, 2], [8, 7], 5, 12]
['6', [2, 3], [7, 8], 6, -23]
['7', [3, 4], [8, 10], 7, 60]
['8', [1], [8], 8, 22]
['9', [5, 6], [12, -23], 9, 84]
['1', ['SYSIN'], [8], 1, 8]
['2', ['SYSIN'], [6], 2, 11]
['3', ['SYSIN'], [9], 3, 29]
['4', ['SYSIN'], [7], 4, 16]
['5', [1, 2], [8, 11], 5, 8]
['6', [2, 3], [11, 29], 6, -103]
['7', [3, 4], [29, 16], 7, 162]
['8', [1], [8], 8, 22]
['9', [5, 6], [8, -103], 9, 144]
['1', ['SYSIN'], [9], 1, 9]
['2', ['SYSIN'], [3], 2, 5]
['3', ['SYSIN'], [8], 3, 26]
['4', ['SYSIN'], [0], 4, 9]
['5', [1, 2], [9, 5], 5, 16]
['6', [2, 3], [5, 26], 6, -97]
['7', [3, 4], [26, 9], 7, 129]
['8', [1], [9], 8, 25]
['9', [5, 6], [16, -97], 9, 178]
['1', ['SYSIN'], [0], 1, 0]
['2', ['SYSIN'], [2], 2, 3]
['3', ['SYSIN'], [1], 3, 5]
['4', ['SYSIN'], [7], 4, 16]
['5', [1, 2], [0, 3], 5, 0]
['6', [2, 3], [3, 5], 6, -15]
['7', [3, 4], [5, 16], 7, 66]
['8', [1], [0], 8, -2]
['9', [5, 6], [0, -15], 9, 16]
['1', ['SYSIN'], [9], 1, 9]
['2', ['SYSIN'], [5], 2, 9]
['3', ['SYSIN'], [7], 3, 23]
['4', ['SYSIN'], [7], 4, 16]
['5', [1, 2], [9, 9], 5, 12]
['6', [2, 3], [9, 23], 6, -81]
['7', [3, 4], [23, 16], 7, 138]
['8', [1], [9], 8, 25]
['9', [5, 6], [12, -81], 9, 142]
['1', ['SYSIN'], [5], 1, 5]
['2', ['SYSIN'], [2], 2, 3]
['3', ['SYSIN'], [6], 3, 20]
['4', ['SYSIN'], [2], 4, 11]
['5', [1, 2], [5, 3], 5, 10]
['6', [2, 3], [3, 20], 6, -75]
['7', [3, 4], [20, 11], 7, 111]
['8', [1], [5], 8, 13]
['9', [5, 6], [10, -75], 9, 126]
['1', ['SYSIN'], [0], 1, 0]
['2', ['SYSIN'], [1], 2, 1]
['3', ['SYSIN'], [9], 3, 29]
['4', ['SYSIN'], [1], 4, 10]
['5', [1, 2], [0, 1], 5, 2]
['6', [2, 3], [1, 29], 6, -113]
['7', [3, 4], [29, 10], 7, 144]
['8', [1], [0], 8, -2]
['9', [5, 6], [2, -113], 9, 124]
['1', ['SYSIN'], [9], 1, 9]
['2', ['SYSIN'], [9], 2, 17]
['3', ['SYSIN'], [5], 3, 17]
['4', ['SYSIN'], [8], 4, 17]
['5', [1, 2], [9, 17], 5, 4]
['6', [2, 3], [17, 17], 6, -49]
['7', [3, 4], [17, 17], 7, 117]
['8', [1], [9], 8, 25]
['9', [5, 6], [4, -49], 9, 70]
['1', ['SYSIN'], [3], 1, 3]
['2', ['SYSIN'], [6], 2, 11]
['3', ['SYSIN'], [4], 3, 14]
['4', ['SYSIN'], [8], 4, 17]
['5', [1, 2], [3, 11], 5, -2]
['6', [2, 3], [11, 14], 6, -43]
['7', [3, 4], [14, 17], 7, 105]
['8', [1], [3], 8, 7]
['9', [5, 6], [-2, -43], 9, 34]
['1', ['SYSIN'], [3], 1, 3]
['2', ['SYSIN'], [3], 2, 5]
['3', ['SYSIN'], [0], 3, 2]
['4', ['SYSIN'], [5], 4, 14]
['5', [1, 2], [3, 5], 5, 4]
['6', [2, 3], [5, 2], 6, -1]
['7', [3, 4], [2, 14], 7, 48]
['8', [1], [3], 8, 7]
['9', [5, 6], [4, -1], 9, 22]
['1', ['SYSIN'], [9], 1, 9]
['2', ['SYSIN'], [4], 2, 7]
['3', ['SYSIN'], [1], 3, 5]
['4', ['SYSIN'], [3], 4, 12]
['5', [1, 2], [9, 7], 5, 14]
['6', [2, 3], [7, 5], 6, -11]
['7', [3, 4], [5, 12], 7, 54]
['8', [1], [9], 8, 25]
['9', [5, 6], [14, -11], 9, 82]
['1', ['SYSIN'], [8], 1, 8]
['2', ['SYSIN'], [3], 2, 5]
['3', ['SYSIN'], [4], 3, 14]
['4', ['SYSIN'], [6], 4, 15]
['5', [1, 2], [8, 5], 5, 14]
['6', [2, 3], [5, 14], 6, -49]
['7', [3, 4], [14, 15], 7, 99]
['8', [1], [8], 8, 22]
['9', [5, 6], [14, -49], 9, 120]
['1', ['SYSIN'], [0], 1, 0]
['2', ['SYSIN'], [7], 2, 13]
['3', ['SYSIN'], [7], 3, 23]
['4', ['SYSIN'], [4], 4, 13]
['5', [1, 2], [0, 13], 5, -10]
['6', [2, 3], [13, 23], 6, -77]
['7', [3, 4], [23, 13], 7, 129]
['8', [1], [0], 8, -2]
['9', [5, 6], [-10, -77], 9, 28]
['1', ['SYSIN'], [1], 1, 1]
['2', ['SYSIN'], [7], 2, 13]
['3', ['SYSIN'], [9], 3, 29]
['4', ['SYSIN'], [4], 4, 13]
['5', [1, 2], [1, 13], 5, -8]
['6', [2, 3], [13, 29], 6, -101]
['7', [3, 4], [29, 13], 7, 153]
['8', [1], [1], 8, 1]
['9', [5, 6], [-8, -101], 9, 62]
['1', ['SYSIN'], [9], 1, 9]
['2', ['SYSIN'], [1], 2, 1]
['3', ['SYSIN'], [0], 3, 2]
['4', ['SYSIN'], [9], 4, 18]
['5', [1, 2], [9, 1], 5, 20]
['6', [2, 3], [1, 2], 6, -5]
['7', [3, 4], [2, 18], 7, 60]
['8', [1], [9], 8, 25]
['9', [5, 6], [20, -5], 9, 106]
['1', ['SYSIN'], [1], 1, 1]
['2', ['SYSIN'], [5], 2, 9]
['3', ['SYSIN'], [8], 3, 26]
['4', ['SYSIN'], [4], 4, 13]
['5', [1, 2], [1, 9], 5, -4]
['6', [2, 3], [9, 26], 6, -93]
['7', [3, 4], [26, 13], 7, 141]
['8', [1], [1], 8, 1]
['9', [5, 6], [-4, -93], 9, 74]
['1', ['SYSIN'], [4], 1, 4]
['2', ['SYSIN'], [3], 2, 5]
['3', ['SYSIN'], [3], 3, 11]
['4', ['SYSIN'], [1], 4, 10]
['5', [1, 2], [4, 5], 5, 6]
['6', [2, 3], [5, 11], 6, -37]
['7', [3, 4], [11, 10], 7, 72]
['8', [1], [4], 8, 10]
['9', [5, 6], [6, -37], 9, 68]
['1', ['SYSIN'], [3], 1, 3]
['2', ['SYSIN'], [2], 2, 3]
['3', ['SYSIN'], [5], 3, 17]
['4', ['SYSIN'], [7], 4, 16]
['5', [1, 2], [3, 3], 5, 6]
['6', [2, 3], [3, 17], 6, -63]
['7', [3, 4], [17, 16], 7, 114]
['8', [1], [3], 8, 7]
['9', [5, 6], [6, -63], 9, 94]
['1', ['SYSIN'], [2], 1, 2]
['2', ['SYSIN'], [7], 2, 13]
['3', ['SYSIN'], [8], 3, 26]
['4', ['SYSIN'], [7], 4, 16]
['5', [1, 2], [2, 13], 5, -6]
['6', [2, 3], [13, 26], 6, -89]
['7', [3, 4], [26, 16], 7, 150]
['8', [1], [2], 8, 4]
['9', [5, 6], [-6, -89], 9, 60]
['1', ['SYSIN'], [6], 1, 6]
['2', ['SYSIN'], [6], 2, 11]
['3', ['SYSIN'], [8], 3, 26]
['4', ['SYSIN'], [0], 4, 9]
['5', [1, 2], [6, 11], 5, 4]
['6', [2, 3], [11, 26], 6, -91]
['7', [3, 4], [26, 9], 7, 129]
['8', [1], [6], 8, 16]
['9', [5, 6], [4, -91], 9, 112]
['1', ['SYSIN'], [1], 1, 1]
['2', ['SYSIN'], [0], 2, -1]
['3', ['SYSIN'], [4], 3, 14]
['4', ['SYSIN'], [5], 4, 14]
['5', [1, 2], [1, -1], 5, 6]
['6', [2, 3], [-1, 14], 6, -55]
['7', [3, 4], [14, 14], 7, 96]
['8', [1], [1], 8, 1]
['9', [5, 6], [6, -55], 9, 86]
['1', ['SYSIN'], [7], 1, 7]
['2', ['SYSIN'], [7], 2, 13]
['3', ['SYSIN'], [3], 3, 11]
['4', ['SYSIN'], [0], 4, 9]
['5', [1, 2], [7, 13], 5, 4]
['6', [2, 3], [13, 11], 6, -29]
['7', [3, 4], [11, 9], 7, 69]
['8', [1], [7], 8, 19]
['9', [5, 6], [4, -29], 9, 50]
['1', ['SYSIN'], [5], 1, 5]
['2', ['SYSIN'], [8], 2, 15]
['3', ['SYSIN'], [2], 3, 8]
['4', ['SYSIN'], [9], 4, 18]
['5', [1, 2], [5, 15], 5, -2]
['6', [2, 3], [15, 8], 6, -15]
['7', [3, 4], [8, 18], 7, 84]
['8', [1], [5], 8, 13]
['9', [5, 6], [-2, -15], 9, 6]
['1', ['SYSIN'], [5], 1, 5]
['2', ['SYSIN'], [6], 2, 11]
['3', ['SYSIN'], [2], 3, 8]
['4', ['SYSIN'], [7], 4, 16]
['5', [1, 2], [5, 11], 5, 2]
['6', [2, 3], [11, 8], 6, -19]
['7', [3, 4], [8, 16], 7, 78]
['8', [1], [5], 8, 13]
['9', [5, 6], [2, -19], 9, 30]
['1', ['SYSIN'], [4], 1, 4]
['2', ['SYSIN'], [4], 2, 7]
['3', ['SYSIN'], [0], 3, 2]
['4', ['SYSIN'], [5], 4, 14]
['5', [1, 2], [4, 7], 5, 4]
['6', [2, 3], [7, 2], 6, 1]
['7', [3, 4], [2, 14], 7, 48]
['8', [1], [4], 8, 10]
['9', [5, 6], [4, 1], 9, 20]
['1', ['SYSIN'], [5], 1, 5]
['2', ['SYSIN'], [8], 2, 15]
['3', ['SYSIN'], [4], 3, 14]
['4', ['SYSIN'], [2], 4, 11]
['5', [1, 2], [5, 15], 5, -2]
['6', [2, 3], [15, 14], 6, -39]
['7', [3, 4], [14, 11], 7, 87]
['8', [1], [5], 8, 13]
['9', [5, 6], [-2, -39], 9, 30]
['1', ['SYSIN'], [9], 1, 9]
['2', ['SYSIN'], [2], 2, 3]
['3', ['SYSIN'], [7], 3, 23]
['4', ['SYSIN'], [6], 4, 15]
['5', [1, 2], [9, 3], 5, 18]
['6', [2, 3], [3, 23], 6, -87]
['7', [3, 4], [23, 15], 7, 135]
['8', [1], [9], 8, 25]
['9', [5, 6], [18, -87], 9, 178]
['1', ['SYSIN'], [1], 1, 1]
['2', ['SYSIN'], [4], 2, 7]
['3', ['SYSIN'], [8], 3, 26]
['4', ['SYSIN'], [3], 4, 12]
['5', [1, 2], [1, 7], 5, -2]
['6', [2, 3], [7, 26], 6, -95]
['7', [3, 4], [26, 12], 7, 138]
['8', [1], [1], 8, 1]
['9', [5, 6], [-2, -95], 9, 86]
['1', ['SYSIN'], [3], 1, 3]
['2', ['SYSIN'], [0], 2, -1]
['3', ['SYSIN'], [7], 3, 23]
['4', ['SYSIN'], [4], 4, 13]
['5', [1, 2], [3, -1], 5, 10]
['6', [2, 3], [-1, 23], 6, -91]
['7', [3, 4], [23, 13], 7, 129]
['8', [1], [3], 8, 7]
['9', [5, 6], [10, -91], 9, 142]
['1', ['SYSIN'], [8], 1, 8]
['2', ['SYSIN'], [6], 2, 11]
['3', ['SYSIN'], [6], 3, 20]
['4', ['SYSIN'], [0], 4, 9]
['5', [1, 2], [8, 11], 5, 8]
['6', [2, 3], [11, 20], 6, -67]
['7', [3, 4], [20, 9], 7, 105]
['8', [1], [8], 8, 22]
['9', [5, 6], [8, -67], 9, 108]
['1', ['SYSIN'], [6], 1, 6]
['2', ['SYSIN'], [6], 2, 11]
['3', ['SYSIN'], [4], 3, 14]
['4', ['SYSIN'], [8], 4, 17]
['5', [1, 2], [6, 11], 5, 4]
['6', [2, 3], [11, 14], 6, -43]
['7', [3, 4], [14, 17], 7, 105]
['8', [1], [6], 8, 16]
['9', [5, 6], [4, -43], 9, 64]
['1', ['SYSIN'], [4], 1, 4]
['2', ['SYSIN'], [0], 2, -1]
['3', ['SYSIN'], [3], 3, 11]
['4', ['SYSIN'], [9], 4, 18]
['5', [1, 2], [4, -1], 5, 12]
['6', [2, 3], [-1, 11], 6, -43]
['7', [3, 4], [11, 18], 7, 96]
['8', [1], [4], 8, 10]
['9', [5, 6], [12, -43], 9, 104]
['1', ['SYSIN'], [5], 1, 5]
['2', ['SYSIN'], [7], 2, 13]
['3', ['SYSIN'], [3], 3, 11]
['4', ['SYSIN'], [3], 4, 12]
['5', [1, 2], [5, 13], 5, 0]
['6', [2, 3], [13, 11], 6, -29]
['7', [3, 4], [11, 12], 7, 78]
['8', [1], [5], 8, 13]
['9', [5, 6], [0, -29], 9, 30]
['1', ['SYSIN'], [9], 1, 9]
['2', ['SYSIN'], [0], 2, -1]
['3', ['SYSIN'], [1], 3, 5]
['4', ['SYSIN'], [1], 4, 10]
['5', [1, 2], [9, -1], 5, 22]
['6', [2, 3], [-1, 5], 6, -19]
['7', [3, 4], [5, 10], 7, 48]
['8', [1], [9], 8, 25]
['9', [5, 6], [22, -19], 9, 130]
['1', ['SYSIN'], [6], 1, 6]
['2', ['SYSIN'], [9], 2, 17]
['3', ['SYSIN'], [1], 3, 5]
['4', ['SYSIN'], [6], 4, 15]
['5', [1, 2], [6, 17], 5, -2]
['6', [2, 3], [17, 5], 6, -1]
['7', [3, 4], [5, 15], 7, 63]
['8', [1], [6], 8, 16]
['9', [5, 6], [-2, -1], 9, -8]
['1', ['SYSIN'], [6], 1, 6]
['2', ['SYSIN'], [3], 2, 5]
['3', ['SYSIN'], [9], 3, 29]
['4', ['SYSIN'], [0], 4, 9]
['5', [1, 2], [6, 5], 5, 10]
['6', [2, 3], [5, 29], 6, -109]
['7', [3, 4], [29, 9], 7, 141]
['8', [1], [6], 8, 16]
['9', [5, 6], [10, -109], 9, 160]
['1', ['SYSIN'], [2], 1, 2]
['2', ['SYSIN'], [3], 2, 5]
['3', ['SYSIN'], [4], 3, 14]
['4', ['SYSIN'], [0], 4, 9]
['5', [1, 2], [2, 5], 5, 2]
['6', [2, 3], [5, 14], 6, -49]
['7', [3, 4], [14, 9], 7, 81]
['8', [1], [2], 8, 4]
['9', [5, 6], [2, -49], 9, 60]
['1', ['SYSIN'], [2], 1, 2]
['2', ['SYSIN'], [6], 2, 11]
['3', ['SYSIN'], [0], 3, 2]
['4', ['SYSIN'], [2], 4, 11]
['5', [1, 2], [2, 11], 5, -4]
['6', [2, 3], [11, 2], 6, 5]
['7', [3, 4], [2, 11], 7, 39]
['8', [1], [2], 8, 4]
['9', [5, 6], [-4, 5], 9, -24]
['1', ['SYSIN'], [0], 1, 0]
['2', ['SYSIN'], [7], 2, 13]
['3', ['SYSIN'], [9], 3, 29]
['4', ['SYSIN'], [3], 4, 12]
['5', [1, 2], [0, 13], 5, -10]
['6', [2, 3], [13, 29], 6, -101]
['7', [3, 4], [29, 12], 7, 150]
['8', [1], [0], 8, -2]
['9', [5, 6], [-10, -101], 9, 52]
['1', ['SYSIN'], [0], 1, 0]
['2', ['SYSIN'], [3], 2, 5]
['3', ['SYSIN'], [3], 3, 11]
['4', ['SYSIN'], [2], 4, 11]
['5', [1, 2], [0, 5], 5, -2]
['6', [2, 3], [5, 11], 6, -37]
['7', [3, 4], [11, 11], 7, 75]
['8', [1], [0], 8, -2]
['9', [5, 6], [-2, -37], 9, 28]
['1', ['SYSIN'], [8], 1, 8]
['2', ['SYSIN'], [2], 2, 3]
['3', ['SYSIN'], [7], 3, 23]
['4', ['SYSIN'], [3], 4, 12]
['5', [1, 2], [8, 3], 5, 16]
['6', [2, 3], [3, 23], 6, -87]
['7', [3, 4], [23, 12], 7, 126]
['8', [1], [8], 8, 22]
['9', [5, 6], [16, -87], 9, 168]
['1', ['SYSIN'], [0], 1, 0]
['2', ['SYSIN'], [6], 2, 11]
['3', ['SYSIN'], [0], 3, 2]
['4', ['SYSIN'], [3], 4, 12]
['5', [1, 2], [0, 11], 5, -8]
['6', [2, 3], [11, 2], 6, 5]
['7', [3, 4], [2, 12], 7, 42]
['8', [1], [0], 8, -2]
['9', [5, 6], [-8, 5], 9, -44]
['1', ['SYSIN'], [4], 1, 4]
['2', ['SYSIN'], [3], 2, 5]
['3', ['SYSIN'], [9], 3, 29]
['4', ['SYSIN'], [9], 4, 18]
['5', [1, 2], [4, 5], 5, 6]
['6', [2, 3], [5, 29], 6, -109]
['7', [3, 4], [29, 18], 7, 168]
['8', [1], [4], 8, 10]
['9', [5, 6], [6, -109], 9, 140]
['1', ['SYSIN'], [2], 1, 2]
['2', ['SYSIN'], [0], 2, -1]
['3', ['SYSIN'], [3], 3, 11]
['4', ['SYSIN'], [0], 4, 9]
['5', [1, 2], [2, -1], 5, 8]
['6', [2, 3], [-1, 11], 6, -43]
['7', [3, 4], [11, 9], 7, 69]
['8', [1], [2], 8, 4]
['9', [5, 6], [8, -43], 9, 84]
['1', ['SYSIN'], [7], 1, 7]
['2', ['SYSIN'], [4], 2, 7]
['3', ['SYSIN'], [1], 3, 5]
['4', ['SYSIN'], [2], 4, 11]
['5', [1, 2], [7, 7], 5, 10]
['6', [2, 3], [7, 5], 6, -11]
['7', [3, 4], [5, 11], 7, 51]
['8', [1], [7], 8, 19]
['9', [5, 6], [10, -11], 9, 62]
['1', ['SYSIN'], [9], 1, 9]
['2', ['SYSIN'], [1], 2, 1]
['3', ['SYSIN'], [0], 3, 2]
['4', ['SYSIN'], [6], 4, 15]
['5', [1, 2], [9, 1], 5, 20]
['6', [2, 3], [1, 2], 6, -5]
['7', [3, 4], [2, 15], 7, 51]
['8', [1], [9], 8, 25]
['9', [5, 6], [20, -5], 9, 106]
['1', ['SYSIN'], [0], 1, 0]
['2', ['SYSIN'], [4], 2, 7]
['3', ['SYSIN'], [7], 3, 23]
['4', ['SYSIN'], [4], 4, 13]
['5', [1, 2], [0, 7], 5, -4]
['6', [2, 3], [7, 23], 6, -83]
['7', [3, 4], [23, 13], 7, 129]
['8', [1], [0], 8, -2]
['9', [5, 6], [-4, -83], 9, 64]
['1', ['SYSIN'], [7], 1, 7]
['2', ['SYSIN'], [1], 2, 1]
['3', ['SYSIN'], [2], 3, 8]
['4', ['SYSIN'], [5], 4, 14]
['5', [1, 2], [7, 1], 5, 16]
['6', [2, 3], [1, 8], 6, -29]
['7', [3, 4], [8, 14], 7, 72]
['8', [1], [7], 8, 19]
['9', [5, 6], [16, -29], 9, 110]
['1', ['SYSIN'], [5], 1, 5]
['2', ['SYSIN'], [3], 2, 5]
['3', ['SYSIN'], [7], 3, 23]
['4', ['SYSIN'], [7], 4, 16]
['5', [1, 2], [5, 5], 5, 8]
['6', [2, 3], [5, 23], 6, -85]
['7', [3, 4], [23, 16], 7, 138]
['8', [1], [5], 8, 13]
['9', [5, 6], [8, -85], 9, 126]
['1', ['SYSIN'], [8], 1, 8]
['2', ['SYSIN'], [7], 2, 13]
['3', ['SYSIN'], [0], 3, 2]
['4', ['SYSIN'], [5], 4, 14]
['5', [1, 2], [8, 13], 5, 6]
['6', [2, 3], [13, 2], 6, 7]
['7', [3, 4], [2, 14], 7, 48]
['8', [1], [8], 8, 22]
['9', [5, 6], [6, 7], 9, 24]
['1', ['SYSIN'], [2], 1, 2]
['2', ['SYSIN'], [6], 2, 11]
['3', ['SYSIN'], [3], 3, 11]
['4', ['SYSIN'], [8], 4, 17]
['5', [1, 2], [2, 11], 5, -4]
['6', [2, 3], [11, 11], 6, -31]
['7', [3, 4], [11, 17], 7, 93]
['8', [1], [2], 8, 4]
['9', [5, 6], [-4, -31], 9, 12]
['1', ['SYSIN'], [8], 1, 8]
['2', ['SYSIN'], [4], 2, 7]
['3', ['SYSIN'], [5], 3, 17]
['4', ['SYSIN'], [5], 4, 14]
['5', [1, 2], [8, 7], 5, 12]
['6', [2, 3], [7, 17], 6, -59]
['7', [3, 4], [17, 14], 7, 108]
['8', [1], [8], 8, 22]
['9', [5, 6], [12, -59], 9, 120]
['1', ['SYSIN'], [1], 1, 1]
['2', ['SYSIN'], [0], 2, -1]
['3', ['SYSIN'], [3], 3, 11]
['4', ['SYSIN'], [9], 4, 18]
['5', [1, 2], [1, -1], 5, 6]
['6', [2, 3], [-1, 11], 6, -43]
['7', [3, 4], [11, 18], 7, 96]
['8', [1], [1], 8, 1]
['9', [5, 6], [6, -43], 9, 74]
['1', ['SYSIN'], [8], 1, 8]
['2', ['SYSIN'], [1], 2, 1]
['3', ['SYSIN'], [9], 3, 29]
['4', ['SYSIN'], [9], 4, 18]
['5', [1, 2], [8, 1], 5, 18]
['6', [2, 3], [1, 29], 6, -113]
['7', [3, 4], [29, 18], 7, 168]
['8', [1], [8], 8, 22]
['9', [5, 6], [18, -113], 9, 204]
['1', ['SYSIN'], [5], 1, 5]
['2', ['SYSIN'], [8], 2, 15]
['3', ['SYSIN'], [6], 3, 20]
['4', ['SYSIN'], [3], 4, 12]
['5', [1, 2], [5, 15], 5, -2]
['6', [2, 3], [15, 20], 6, -63]
['7', [3, 4], [20, 12], 7, 114]
['8', [1], [5], 8, 13]
['9', [5, 6], [-2, -63], 9, 54]
['1', ['SYSIN'], [4], 1, 4]
['2', ['SYSIN'], [9], 2, 17]
['3', ['SYSIN'], [1], 3, 5]
['4', ['SYSIN'], [7], 4, 16]
['5', [1, 2], [4, 17], 5, -6]
['6', [2, 3], [17, 5], 6, -1]
['7', [3, 4], [5, 16], 7, 66]
['8', [1], [4], 8, 10]
['9', [5, 6], [-6, -1], 9, -28]
['1', ['SYSIN'], [5], 1, 5]
['2', ['SYSIN'], [7], 2, 13]
['3', ['SYSIN'], [3], 3, 11]
['4', ['SYSIN'], [1], 4, 10]
['5', [1, 2], [5, 13], 5, 0]
['6', [2, 3], [13, 11], 6, -29]
['7', [3, 4], [11, 10], 7, 72]
['8', [1], [5], 8, 13]
['9', [5, 6], [0, -29], 9, 30]
['1', ['SYSIN'], [6], 1, 6]
['2', ['SYSIN'], [3], 2, 5]
['3', ['SYSIN'], [3], 3, 11]
['4', ['SYSIN'], [8], 4, 17]
['5', [1, 2], [6, 5], 5, 10]
['6', [2, 3], [5, 11], 6, -37]
['7', [3, 4], [11, 17], 7, 93]
['8', [1], [6], 8, 16]
['9', [5, 6], [10, -37], 9, 88]
['1', ['SYSIN'], [3], 1, 3]
['2', ['SYSIN'], [7], 2, 13]
['3', ['SYSIN'], [7], 3, 23]
['4', ['SYSIN'], [8], 4, 17]
['5', [1, 2], [3, 13], 5, -4]
['6', [2, 3], [13, 23], 6, -77]
['7', [3, 4], [23, 17], 7, 141]
['8', [1], [3], 8, 7]
['9', [5, 6], [-4, -77], 9, 58]
['1', ['SYSIN'], [4], 1, 4]
['2', ['SYSIN'], [8], 2, 15]
['3', ['SYSIN'], [7], 3, 23]
['4', ['SYSIN'], [3], 4, 12]
['5', [1, 2], [4, 15], 5, -4]
['6', [2, 3], [15, 23], 6, -75]
['7', [3, 4], [23, 12], 7, 126]
['8', [1], [4], 8, 10]
['9', [5, 6], [-4, -75], 9, 56]

TotalBuggyObservations:
10

BuggyObservations:
['1', ['SYSIN'], [7], 1, 7]
['2', ['SYSIN'], [1], 2, 1]
['3', ['SYSIN'], [4], 3, 14]
['4', ['SYSIN'], [1], 4, 10]
['5', [1, 2], [7, 1], 5, 16]
['6', [2, 3], [1, 14], 6, -53]
['7', [3, 4], [14, 10], 7, 171]
['8', [1], [7], 8, 41]
['9', [5, 6], [16, -53], 9, 134]
['1', ['SYSIN'], [7], 1, 7]
['2', ['SYSIN'], [0], 2, -1]
['3', ['SYSIN'], [0], 3, 2]
['4', ['SYSIN'], [4], 4, 13]
['5', [1, 2], [7, -1], 5, 18]
['6', [2, 3], [-1, 2], 6, -7]
['7', [3, 4], [2, 13], 7, 93]
['8', [1], [7], 8, 41]
['9', [5, 6], [18, -7], 9, 98]
['1', ['SYSIN'], [5], 1, 5]
['2', ['SYSIN'], [9], 2, 17]
['3', ['SYSIN'], [8], 3, 26]
['4', ['SYSIN'], [5], 4, 14]
['5', [1, 2], [5, 17], 5, -4]
['6', [2, 3], [17, 26], 6, -85]
['7', [3, 4], [26, 14], 7, 291]
['8', [1], [5], 8, 29]
['9', [5, 6], [-4, -85], 9, 66]
['1', ['SYSIN'], [7], 1, 7]
['2', ['SYSIN'], [8], 2, 15]
['3', ['SYSIN'], [7], 3, 23]
['4', ['SYSIN'], [9], 4, 18]
['5', [1, 2], [7, 15], 5, 2]
['6', [2, 3], [15, 23], 6, -75]
['7', [3, 4], [23, 18], 7, 291]
['8', [1], [7], 8, 41]
['9', [5, 6], [2, -75], 9, 86]
['1', ['SYSIN'], [7], 1, 7]
['2', ['SYSIN'], [3], 2, 5]
['3', ['SYSIN'], [2], 3, 8]
['4', ['SYSIN'], [5], 4, 14]
['5', [1, 2], [7, 5], 5, 12]
['6', [2, 3], [5, 8], 6, -25]
['7', [3, 4], [8, 14], 7, 147]
['8', [1], [7], 8, 41]
['9', [5, 6], [12, -25], 9, 86]
['1', ['SYSIN'], [8], 1, 8]
['2', ['SYSIN'], [6], 2, 11]
['3', ['SYSIN'], [2], 3, 8]
['4', ['SYSIN'], [9], 4, 18]
['5', [1, 2], [8, 11], 5, 8]
['6', [2, 3], [11, 8], 6, -19]
['7', [3, 4], [8, 18], 7, 171]
['8', [1], [8], 8, 47]
['9', [5, 6], [8, -19], 9, 60]
['1', ['SYSIN'], [2], 1, 2]
['2', ['SYSIN'], [6], 2, 11]
['3', ['SYSIN'], [1], 3, 5]
['4', ['SYSIN'], [9], 4, 18]
['5', [1, 2], [2, 11], 5, -4]
['6', [2, 3], [11, 5], 6, -7]
['7', [3, 4], [5, 18], 7, 147]
['8', [1], [2], 8, 11]
['9', [5, 6], [-4, -7], 9, -12]
['1', ['SYSIN'], [1], 1, 1]
['2', ['SYSIN'], [0], 2, -1]
['3', ['SYSIN'], [4], 3, 14]
['4', ['SYSIN'], [7], 4, 16]
['5', [1, 2], [1, -1], 5, 6]
['6', [2, 3], [-1, 14], 6, -55]
['7', [3, 4], [14, 16], 7, 207]
['8', [1], [1], 8, 5]
['9', [5, 6], [6, -55], 9, 86]
['1', ['SYSIN'], [3], 1, 3]
['2', ['SYSIN'], [1], 2, 1]
['3', ['SYSIN'], [5], 3, 17]
['4', ['SYSIN'], [9], 4, 18]
['5', [1, 2], [3, 1], 5, 8]
['6', [2, 3], [1, 17], 6, -65]
['7', [3, 4], [17, 18], 7, 243]
['8', [1], [3], 8, 17]
['9', [5, 6], [8, -65], 9, 106]
['1', ['SYSIN'], [0], 1, 0]
['2', ['SYSIN'], [3], 2, 5]
['3', ['SYSIN'], [9], 3, 29]
['4', ['SYSIN'], [8], 4, 17]
['5', [1, 2], [0, 5], 5, -2]
['6', [2, 3], [5, 29], 6, -109]
['7', [3, 4], [29, 17], 7, 333]
['8', [1], [0], 8, -1]
['9', [5, 6], [-2, -109], 9, 100]

BuggyIds
7, 8

MinRange:
0

MaxRange:
9
