Subsystems:
9
8
7
6
5
4
3
2
1

SYSINS:
1, 2, 3, 4

SYSOUTS:
9, 8, 7, 6, 5, 4, 3, 2, 1

TotalRegularObservations:
250

NormalObservations:
['1', ['SYSIN'], [0], 1, 0]
['2', ['SYSIN'], [3], 2, 5]
['3', ['SYSIN'], [4], 3, 14]
['4', ['SYSIN'], [6], 4, 15]
['5', [1, 2], [0, 5], 5, -2]
['6', [2, 3], [5, 14], 6, -49]
['7', [3, 4], [14, 15], 7, 99]
['8', [1], [0], 8, -2]
['9', [5, 6], [-2, -49], 9, 40]
['1', ['SYSIN'], [4], 1, 4]
['2', ['SYSIN'], [8], 2, 15]
['3', ['SYSIN'], [1], 3, 5]
['4', ['SYSIN'], [1], 4, 10]
['5', [1, 2], [4, 15], 5, -4]
['6', [2, 3], [15, 5], 6, -3]
['7', [3, 4], [5, 10], 7, 48]
['8', [1], [4], 8, 10]
['9', [5, 6], [-4, -3], 9, -16]
['1', ['SYSIN'], [2], 1, 2]
['2', ['SYSIN'], [2], 2, 3]
['3', ['SYSIN'], [9], 3, 29]
['4', ['SYSIN'], [1], 4, 10]
['5', [1, 2], [2, 3], 5, 4]
['6', [2, 3], [3, 29], 6, -111]
['7', [3, 4], [29, 10], 7, 144]
['8', [1], [2], 8, 4]
['9', [5, 6], [4, -111], 9, 132]
['1', ['SYSIN'], [3], 1, 3]
['2', ['SYSIN'], [5], 2, 9]
['3', ['SYSIN'], [5], 3, 17]
['4', ['SYSIN'], [6], 4, 15]
['5', [1, 2], [3, 9], 5, 0]
['6', [2, 3], [9, 17], 6, -57]
['7', [3, 4], [17, 15], 7, 111]
['8', [1], [3], 8, 7]
['9', [5, 6], [0, -57], 9, 58]
['1', ['SYSIN'], [3], 1, 3]
['2', ['SYSIN'], [6], 2, 11]
['3', ['SYSIN'], [7], 3, 23]
['4', ['SYSIN'], [0], 4, 9]
['5', [1, 2], [3, 11], 5, -2]
['6', [2, 3], [11, 23], 6, -79]
['7', [3, 4], [23, 9], 7, 117]
['8', [1], [3], 8, 7]
['9', [5, 6], [-2, -79], 9, 70]
['1', ['SYSIN'], [2], 1, 2]
['2', ['SYSIN'], [6], 2, 11]
['3', ['SYSIN'], [3], 3, 11]
['4', ['SYSIN'], [7], 4, 16]
['5', [1, 2], [2, 11], 5, -4]
['6', [2, 3], [11, 11], 6, -31]
['7', [3, 4], [11, 16], 7, 90]
['8', [1], [2], 8, 4]
['9', [5, 6], [-4, -31], 9, 12]
['1', ['SYSIN'], [2], 1, 2]
['2', ['SYSIN'], [8], 2, 15]
['3', ['SYSIN'], [2], 3, 8]
['4', ['SYSIN'], [7], 4, 16]
['5', [1, 2], [2, 15], 5, -8]
['6', [2, 3], [15, 8], 6, -15]
['7', [3, 4], [8, 16], 7, 78]
['8', [1], [2], 8, 4]
['9', [5, 6], [-8, -15], 9, -24]
['1', ['SYSIN'], [8], 1, 8]
['2', ['SYSIN'], [5], 2, 9]
['3', ['SYSIN'], [6], 3, 20]
['4', ['SYSIN'], [9], 4, 18]
['5', [1, 2], [8, 9], 5, 10]
['6', [2, 3], [9, 20], 6, -69]
['7', [3, 4], [20, 18], 7, 132]
['8', [1], [8], 8, 22]
['9', [5, 6], [10, -69], 9, 120]
['1', ['SYSIN'], [9], 1, 9]
['2', ['SYSIN'], [0], 2, -1]
['3', ['SYSIN'], [9], 3, 29]
['4', ['SYSIN'], [0], 4, 9]
['5', [1, 2], [9, -1], 5, 22]
['6', [2, 3], [-1, 29], 6, -115]
['7', [3, 4], [29, 9], 7, 141]
['8', [1], [9], 8, 25]
['9', [5, 6], [22, -115], 9, 226]
['1', ['SYSIN'], [2], 1, 2]
['2', ['SYSIN'], [5], 2, 9]
['3', ['SYSIN'], [7], 3, 23]
['4', ['SYSIN'], [5], 4, 14]
['5', [1, 2], [2, 9], 5, -2]
['6', [2, 3], [9, 23], 6, -81]
['7', [3, 4], [23, 14], 7, 132]
['8', [1], [2], 8, 4]
['9', [5, 6], [-2, -81], 9, 72]
['1', ['SYSIN'], [2], 1, 2]
['2', ['SYSIN'], [4], 2, 7]
['3', ['SYSIN'], [0], 3, 2]
['4', ['SYSIN'], [3], 4, 12]
['5', [1, 2], [2, 7], 5, 0]
['6', [2, 3], [7, 2], 6, 1]
['7', [3, 4], [2, 12], 7, 42]
['8', [1], [2], 8, 4]
['9', [5, 6], [0, 1], 9, 0]
['1', ['SYSIN'], [8], 1, 8]
['2', ['SYSIN'], [8], 2, 15]
['3', ['SYSIN'], [5], 3, 17]
['4', ['SYSIN'], [9], 4, 18]
['5', [1, 2], [8, 15], 5, 4]
['6', [2, 3], [15, 17], 6, -51]
['7', [3, 4], [17, 18], 7, 120]
['8', [1], [8], 8, 22]
['9', [5, 6], [4, -51], 9, 72]
['1', ['SYSIN'], [1], 1, 1]
['2', ['SYSIN'], [3], 2, 5]
['3', ['SYSIN'], [5], 3, 17]
['4', ['SYSIN'], [7], 4, 16]
['5', [1, 2], [1, 5], 5, 0]
['6', [2, 3], [5, 17], 6, -61]
['7', [3, 4], [17, 16], 7, 114]
['8', [1], [1], 8, 1]
['9', [5, 6], [0, -61], 9, 62]
['1', ['SYSIN'], [0], 1, 0]
['2', ['SYSIN'], [4], 2, 7]
['3', ['SYSIN'], [6], 3, 20]
['4', ['SYSIN'], [7], 4, 16]
['5', [1, 2], [0, 7], 5, -4]
['6', [2, 3], [7, 20], 6, -71]
['7', [3, 4], [20, 16], 7, 126]
['8', [1], [0], 8, -2]
['9', [5, 6], [-4, -71], 9, 52]
['1', ['SYSIN'], [7], 1, 7]
['2', ['SYSIN'], [9], 2, 17]
['3', ['SYSIN'], [9], 3, 29]
['4', ['SYSIN'], [7], 4, 16]
['5', [1, 2], [7, 17], 5, 0]
['6', [2, 3], [17, 29], 6, -97]
['7', [3, 4], [29, 16], 7, 162]
['8', [1], [7], 8, 19]
['9', [5, 6], [0, -97], 9, 98]
['1', ['SYSIN'], [6], 1, 6]
['2', ['SYSIN'], [7], 2, 13]
['3', ['SYSIN'], [4], 3, 14]
['4', ['SYSIN'], [8], 4, 17]
['5', [1, 2], [6, 13], 5, 2]
['6', [2, 3], [13, 14], 6, -41]
['7', [3, 4], [14, 17], 7, 105]
['8', [1], [6], 8, 16]
['9', [5, 6], [2, -41], 9, 52]
['1', ['SYSIN'], [9], 1, 9]
['2', ['SYSIN'], [5], 2, 9]
['3', ['SYSIN'], [3], 3, 11]
['4', ['SYSIN'], [1], 4, 10]
['5', [1, 2], [9, 9], 5, 12]
['6', [2, 3], [9, 11], 6, -33]
['7', [3, 4], [11, 10], 7, 72]
['8', [1], [9], 8, 25]
['9', [5, 6], [12, -33], 9, 94]
['1', ['SYSIN'], [3], 1, 3]
['2', ['SYSIN'], [1], 2, 1]
['3', ['SYSIN'], [7], 3, 23]
['4', ['SYSIN'], [6], 4, 15]
['5', [1, 2], [3, 1], 5, 8]
['6', [2, 3], [1, 23], 6, -89]
['7', [3, 4], [23, 15], 7, 135]
['8', [1], [3], 8, 7]
['9', [5, 6], [8, -89], 9, 130]
['1', ['SYSIN'], [0], 1, 0]
['2', ['SYSIN'], [7], 2, 13]
['3', ['SYSIN'], [0], 3, 2]
['4', ['SYSIN'], [1], 4, 10]
['5', [1, 2], [0, 13], 5, -10]
['6', [2, 3], [13, 2], 6, 7]
['7', [3, 4], [2, 10], 7, 36]
['8', [1], [0], 8, -2]
['9', [5, 6], [-10, 7], 9, -56]
['1', ['SYSIN'], [7], 1, 7]
['2', ['SYSIN'], [2], 2, 3]
['3', ['SYSIN'], [1], 3, 5]
['4', ['SYSIN'], [3], 4, 12]
['5', [1, 2], [7, 3], 5, 14]
['6', [2, 3], [3, 5], 6, -15]
['7', [3, 4], [5, 12], 7, 54]
['8', [1], [7], 8, 19]
['9', [5, 6], [14, -15], 9, 86]
['1', ['SYSIN'], [8], 1, 8]
['2', ['SYSIN'], [0], 2, -1]
['3', ['SYSIN'], [3], 3, 11]
['4', ['SYSIN'], [3], 4, 12]
['5', [1, 2], [8, -1], 5, 20]
['6', [2, 3], [-1, 11], 6, -43]
['7', [3, 4], [11, 12], 7, 78]
['8', [1], [8], 8, 22]
['9', [5, 6], [20, -43], 9, 144]
['1', ['SYSIN'], [4], 1, 4]
['2', ['SYSIN'], [7], 2, 13]
['3', ['SYSIN'], [2], 3, 8]
['4', ['SYSIN'], [7], 4, 16]
['5', [1, 2], [4, 13], 5, -2]
['6', [2, 3], [13, 8], 6, -17]
['7', [3, 4], [8, 16], 7, 78]
['8', [1], [4], 8, 10]
['9', [5, 6], [-2, -17], 9, 8]
['1', ['SYSIN'], [7], 1, 7]
['2', ['SYSIN'], [3], 2, 5]
['3', ['SYSIN'], [5], 3, 17]
['4', ['SYSIN'], [7], 4, 16]
['5', [1, 2], [7, 5], 5, 12]
['6', [2, 3], [5, 17], 6, -61]
['7', [3, 4], [17, 16], 7, 114]
['8', [1], [7], 8, 19]
['9', [5, 6], [12, -61], 9, 122]
['1', ['SYSIN'], [6], 1, 6]
['2', ['SYSIN'], [5], 2, 9]
['3', ['SYSIN'], [0], 3, 2]
['4', ['SYSIN'], [6], 4, 15]
['5', [1, 2], [6, 9], 5, 6]
['6', [2, 3], [9, 2], 6, 3]
['7', [3, 4], [2, 15], 7, 51]
['8', [1], [6], 8, 16]
['9', [5, 6], [6, 3], 9, 28]
['1', ['SYSIN'], [4], 1, 4]
['2', ['SYSIN'], [3], 2, 5]
['3', ['SYSIN'], [6], 3, 20]
['4', ['SYSIN'], [5], 4, 14]
['5', [1, 2], [4, 5], 5, 6]
['6', [2, 3], [5, 20], 6, -73]
['7', [3, 4], [20, 14], 7, 120]
['8', [1], [4], 8, 10]
['9', [5, 6], [6, -73], 9, 104]
['1', ['SYSIN'], [3], 1, 3]
['2', ['SYSIN'], [2], 2, 3]
['3', ['SYSIN'], [3], 3, 11]
['4', ['SYSIN'], [0], 4, 9]
['5', [1, 2], [3, 3], 5, 6]
['6', [2, 3], [3, 11], 6, -39]
['7', [3, 4], [11, 9], 7, 69]
['8', [1], [3], 8, 7]
['9', [5, 6], [6, -39], 9, 70]
['1', ['SYSIN'], [0], 1, 0]
['2', ['SYSIN'], [9], 2, 17]
['3', ['SYSIN'], [7], 3, 23]
['4', ['SYSIN'], [4], 4, 13]
['5', [1, 2], [0, 17], 5, -14]
['6', [2, 3], [17, 23], 6, -73]
['7', [3, 4], [23, 13], 7, 129]
['8', [1], [0], 8, -2]
['9', [5, 6], [-14, -73], 9, 4]
['1', ['SYSIN'], [5], 1, 5]
['2', ['SYSIN'], [8], 2, 15]
['3', ['SYSIN'], [8], 3, 26]
['4', ['SYSIN'], [9], 4, 18]
['5', [1, 2], [5, 15], 5, -2]
['6', [2, 3], [15, 26], 6, -87]
['7', [3, 4], [26, 18], 7, 156]
['8', [1], [5], 8, 13]
['9', [5, 6], [-2, -87], 9, 78]
['1', ['SYSIN'], [5], 1, 5]
['2', ['SYSIN'], [2], 2, 3]
['3', ['SYSIN'], [6], 3, 20]
['4', ['SYSIN'], [9], 4, 18]
['5', [1, 2], [5, 3], 5, 10]
['6', [2, 3], [3, 20], 6, -75]
['7', [3, 4], [20, 18], 7, 132]
['8', [1], [5], 8, 13]
['9', [5, 6], [10, -75], 9, 126]
['1', ['SYSIN'], [3], 1, 3]
['2', ['SYSIN'], [6], 2, 11]
['3', ['SYSIN'], [5], 3, 17]
['4', ['SYSIN'], [1], 4, 10]
['5', [1, 2], [3, 11], 5, -2]
['6', [2, 3], [11, 17], 6, -55]
['7', [3, 4], [17, 10], 7, 96]
['8', [1], [3], 8, 7]
['9', [5, 6], [-2, -55], 9, 46]
['1', ['SYSIN'], [3], 1, 3]
['2', ['SYSIN'], [8], 2, 15]
['3', ['SYSIN'], [5], 3, 17]
['4', ['SYSIN'], [3], 4, 12]
['5', [1, 2], [3, 15], 5, -6]
['6', [2, 3], [15, 17], 6, -51]
['7', [3, 4], [17, 12], 7, 102]
['8', [1], [3], 8, 7]
['9', [5, 6], [-6, -51], 9, 22]
['1', ['SYSIN'], [0], 1, 0]
['2', ['SYSIN'], [2], 2, 3]
['3', ['SYSIN'], [3], 3, 11]
['4', ['SYSIN'], [5], 4, 14]
['5', [1, 2], [0, 3], 5, 0]
['6', [2, 3], [3, 11], 6, -39]
['7', [3, 4], [11, 14], 7, 84]
['8', [1], [0], 8, -2]
['9', [5, 6], [0, -39], 9, 40]
['1', ['SYSIN'], [9], 1, 9]
['2', ['SYSIN'], [8], 2, 15]
['3', ['SYSIN'], [9], 3, 29]
['4', ['SYSIN'], [3], 4, 12]
['5', [1, 2], [9, 15], 5, 6]
['6', [2, 3], [15, 29], 6, -99]
['7', [3, 4], [29, 12], 7, 150]
['8', [1], [9], 8, 25]
['9', [5, 6], [6, -99], 9, 130]
['1', ['SYSIN'], [8], 1, 8]
['2', ['SYSIN'], [7], 2, 13]
['3', ['SYSIN'], [1], 3, 5]
['4', ['SYSIN'], [6], 4, 15]
['5', [1, 2], [8, 13], 5, 6]
['6', [2, 3], [13, 5], 6, -5]
['7', [3, 4], [5, 15], 7, 63]
['8', [1], [8], 8, 22]
['9', [5, 6], [6, -5], 9, 36]
['1', ['SYSIN'], [1], 1, 1]
['2', ['SYSIN'], [3], 2, 5]
['3', ['SYSIN'], [7], 3, 23]
['4', ['SYSIN'], [3], 4, 12]
['5', [1, 2], [1, 5], 5, 0]
['6', [2, 3], [5, 23], 6, -85]
['7', [3, 4], [23, 12], 7, 126]
['8', [1], [1], 8, 1]
['9', [5, 6], [0, -85], 9, 86]
['1', ['SYSIN'], [4], 1, 4]
['2', ['SYSIN'], [0], 2, -1]
['3', ['SYSIN'], [3], 3, 11]
['4', ['SYSIN'], [7], 4, 16]
['5', [1, 2], [4, -1], 5, 12]
['6', [2, 3], [-1, 11], 6, -43]
['7', [3, 4], [11, 16], 7, 90]
['8', [1], [4], 8, 10]
['9', [5, 6], [12, -43], 9, 104]
['1', ['SYSIN'], [6], 1, 6]
['2', ['SYSIN'], [0], 2, -1]
['3', ['SYSIN'], [6], 3, 20]
['4', ['SYSIN'], [8], 4, 17]
['5', [1, 2], [6, -1], 5, 16]
['6', [2, 3], [-1, 20], 6, -79]
['7', [3, 4], [20, 17], 7, 129]
['8', [1], [6], 8, 16]
['9', [5, 6], [16, -79], 9, 160]
['1', ['SYSIN'], [5], 1, 5]
['2', ['SYSIN'], [5], 2, 9]
['3', ['SYSIN'], [5], 3, 17]
['4', ['SYSIN'], [8], 4, 17]
['5', [1, 2], [5, 9], 5, 4]
['6', [2, 3], [9, 17], 6, -57]
['7', [3, 4], [17, 17], 7, 117]
['8', [1], [5], 8, 13]
['9', [5, 6], [4, -57], 9, 78]
['1', ['SYSIN'], [8], 1, 8]
['2', ['SYSIN'], [3], 2, 5]
['3', ['SYSIN'], [4], 3, 14]
['4', ['SYSIN'], [7], 4, 16]
['5', [1, 2], [8, 5], 5, 14]
['6', [2, 3], [5, 14], 6, -49]
['7', [3, 4], [14, 16], 7, 102]
['8', [1], [8], 8, 22]
['9', [5, 6], [14, -49], 9, 120]
['1', ['SYSIN'], [0], 1, 0]
['2', ['SYSIN'], [3], 2, 5]
['3', ['SYSIN'], [7], 3, 23]
['4', ['SYSIN'], [0], 4, 9]
['5', [1, 2], [0, 5], 5, -2]
['6', [2, 3], [5, 23], 6, -85]
['7', [3, 4], [23, 9], 7, 117]
['8', [1], [0], 8, -2]
['9', [5, 6], [-2, -85], 9, 76]
['1', ['SYSIN'], [6], 1, 6]
['2', ['SYSIN'], [1], 2, 1]
['3', ['SYSIN'], [0], 3, 2]
['4', ['SYSIN'], [5], 4, 14]
['5', [1, 2], [6, 1], 5, 14]
['6', [2, 3], [1, 2], 6, -5]
['7', [3, 4], [2, 14], 7, 48]
['8', [1], [6], 8, 16]
['9', [5, 6], [14, -5], 9, 76]
['1', ['SYSIN'], [2], 1, 2]
['2', ['SYSIN'], [0], 2, -1]
['3', ['SYSIN'], [5], 3, 17]
['4', ['SYSIN'], [5], 4, 14]
['5', [1, 2], [2, -1], 5, 8]
['6', [2, 3], [-1, 17], 6, -67]
['7', [3, 4], [17, 14], 7, 108]
['8', [1], [2], 8, 4]
['9', [5, 6], [8, -67], 9, 108]
['1', ['SYSIN'], [0], 1, 0]
['2', ['SYSIN'], [8], 2, 15]
['3', ['SYSIN'], [0], 3, 2]
['4', ['SYSIN'], [5], 4, 14]
['5', [1, 2], [0, 15], 5, -12]
['6', [2, 3], [15, 2], 6, 9]
['7', [3, 4], [2, 14], 7, 48]
['8', [1], [0], 8, -2]
['9', [5, 6], [-12, 9], 9, -68]
['1', ['SYSIN'], [3], 1, 3]
['2', ['SYSIN'], [9], 2, 17]
['3', ['SYSIN'], [2], 3, 8]
['4', ['SYSIN'], [9], 4, 18]
['5', [1, 2], [3, 17], 5, -8]
['6', [2, 3], [17, 8], 6, -13]
['7', [3, 4], [8, 18], 7, 84]
['8', [1], [3], 8, 7]
['9', [5, 6], [-8, -13], 9, -26]
['1', ['SYSIN'], [2], 1, 2]
['2', ['SYSIN'], [5], 2, 9]
['3', ['SYSIN'], [3], 3, 11]
['4', ['SYSIN'], [6], 4, 15]
['5', [1, 2], [2, 9], 5, -2]
['6', [2, 3], [9, 11], 6, -33]
['7', [3, 4], [11, 15], 7, 87]
['8', [1], [2], 8, 4]
['9', [5, 6], [-2, -33], 9, 24]
['1', ['SYSIN'], [4], 1, 4]
['2', ['SYSIN'], [2], 2, 3]
['3', ['SYSIN'], [4], 3, 14]
['4', ['SYSIN'], [5], 4, 14]
['5', [1, 2], [4, 3], 5, 8]
['6', [2, 3], [3, 14], 6, -51]
['7', [3, 4], [14, 14], 7, 96]
['8', [1], [4], 8, 10]
['9', [5, 6], [8, -51], 9, 92]
['1', ['SYSIN'], [7], 1, 7]
['2', ['SYSIN'], [3], 2, 5]
['3', ['SYSIN'], [4], 3, 14]
['4', ['SYSIN'], [2], 4, 11]
['5', [1, 2], [7, 5], 5, 12]
['6', [2, 3], [5, 14], 6, -49]
['7', [3, 4], [14, 11], 7, 87]
['8', [1], [7], 8, 19]
['9', [5, 6], [12, -49], 9, 110]
['1', ['SYSIN'], [7], 1, 7]
['2', ['SYSIN'], [7], 2, 13]
['3', ['SYSIN'], [2], 3, 8]
['4', ['SYSIN'], [2], 4, 11]
['5', [1, 2], [7, 13], 5, 4]
['6', [2, 3], [13, 8], 6, -17]
['7', [3, 4], [8, 11], 7, 63]
['8', [1], [7], 8, 19]
['9', [5, 6], [4, -17], 9, 38]
['1', ['SYSIN'], [8], 1, 8]
['2', ['SYSIN'], [9], 2, 17]
['3', ['SYSIN'], [2], 3, 8]
['4', ['SYSIN'], [3], 4, 12]
['5', [1, 2], [8, 17], 5, 2]
['6', [2, 3], [17, 8], 6, -13]
['7', [3, 4], [8, 12], 7, 66]
['8', [1], [8], 8, 22]
['9', [5, 6], [2, -13], 9, 24]
['1', ['SYSIN'], [3], 1, 3]
['2', ['SYSIN'], [6], 2, 11]
['3', ['SYSIN'], [5], 3, 17]
['4', ['SYSIN'], [0], 4, 9]
['5', [1, 2], [3, 11], 5, -2]
['6', [2, 3], [11, 17], 6, -55]
['7', [3, 4], [17, 9], 7, 93]
['8', [1], [3], 8, 7]
['9', [5, 6], [-2, -55], 9, 46]
['1', ['SYSIN'], [5], 1, 5]
['2', ['SYSIN'], [4], 2, 7]
['3', ['SYSIN'], [1], 3, 5]
['4', ['SYSIN'], [1], 4, 10]
['5', [1, 2], [5, 7], 5, 6]
['6', [2, 3], [7, 5], 6, -11]
['7', [3, 4], [5, 10], 7, 48]
['8', [1], [5], 8, 13]
['9', [5, 6], [6, -11], 9, 42]
['1', ['SYSIN'], [1], 1, 1]
['2', ['SYSIN'], [6], 2, 11]
['3', ['SYSIN'], [3], 3, 11]
['4', ['SYSIN'], [6], 4, 15]
['5', [1, 2], [1, 11], 5, -6]
['6', [2, 3], [11, 11], 6, -31]
['7', [3, 4], [11, 15], 7, 87]
['8', [1], [1], 8, 1]
['9', [5, 6], [-6, -31], 9, 2]
['1', ['SYSIN'], [6], 1, 6]
['2', ['SYSIN'], [3], 2, 5]
['3', ['SYSIN'], [2], 3, 8]
['4', ['SYSIN'], [3], 4, 12]
['5', [1, 2], [6, 5], 5, 10]
['6', [2, 3], [5, 8], 6, -25]
['7', [3, 4], [8, 12], 7, 66]
['8', [1], [6], 8, 16]
['9', [5, 6], [10, -25], 9, 76]
['1', ['SYSIN'], [9], 1, 9]
['2', ['SYSIN'], [6], 2, 11]
['3', ['SYSIN'], [9], 3, 29]
['4', ['SYSIN'], [1], 4, 10]
['5', [1, 2], [9, 11], 5, 10]
['6', [2, 3], [11, 29], 6, -103]
['7', [3, 4], [29, 10], 7, 144]
['8', [1], [9], 8, 25]
['9', [5, 6], [10, -103], 9, 154]
['1', ['SYSIN'], [1], 1, 1]
['2', ['SYSIN'], [1], 2, 1]
['3', ['SYSIN'], [2], 3, 8]
['4', ['SYSIN'], [8], 4, 17]
['5', [1, 2], [1, 1], 5, 4]
['6', [2, 3], [1, 8], 6, -29]
['7', [3, 4], [8, 17], 7, 81]
['8', [1], [1], 8, 1]
['9', [5, 6], [4, -29], 9, 50]
['1', ['SYSIN'], [2], 1, 2]
['2', ['SYSIN'], [6], 2, 11]
['3', ['SYSIN'], [6], 3, 20]
['4', ['SYSIN'], [2], 4, 11]
['5', [1, 2], [2, 11], 5, -4]
['6', [2, 3], [11, 20], 6, -67]
['7', [3, 4], [20, 11], 7, 111]
['8', [1], [2], 8, 4]
['9', [5, 6], [-4, -67], 9, 48]
['1', ['SYSIN'], [5], 1, 5]
['2', ['SYSIN'], [3], 2, 5]
['3', ['SYSIN'], [7], 3, 23]
['4', ['SYSIN'], [0], 4, 9]
['5', [1, 2], [5, 5], 5, 8]
['6', [2, 3], [5, 23], 6, -85]
['7', [3, 4], [23, 9], 7, 117]
['8', [1], [5], 8, 13]
['9', [5, 6], [8, -85], 9, 126]
['1', ['SYSIN'], [5], 1, 5]
['2', ['SYSIN'], [8], 2, 15]
['3', ['SYSIN'], [5], 3, 17]
['4', ['SYSIN'], [4], 4, 13]
['5', [1, 2], [5, 15], 5, -2]
['6', [2, 3], [15, 17], 6, -51]
['7', [3, 4], [17, 13], 7, 105]
['8', [1], [5], 8, 13]
['9', [5, 6], [-2, -51], 9, 42]
['1', ['SYSIN'], [8], 1, 8]
['2', ['SYSIN'], [0], 2, -1]
['3', ['SYSIN'], [2], 3, 8]
['4', ['SYSIN'], [2], 4, 11]
['5', [1, 2], [8, -1], 5, 20]
['6', [2, 3], [-1, 8], 6, -31]
['7', [3, 4], [8, 11], 7, 63]
['8', [1], [8], 8, 22]
['9', [5, 6], [20, -31], 9, 132]
['1', ['SYSIN'], [2], 1, 2]
['2', ['SYSIN'], [0], 2, -1]
['3', ['SYSIN'], [0], 3, 2]
['4', ['SYSIN'], [7], 4, 16]
['5', [1, 2], [2, -1], 5, 8]
['6', [2, 3], [-1, 2], 6, -7]
['7', [3, 4], [2, 16], 7, 54]
['8', [1], [2], 8, 4]
['9', [5, 6], [8, -7], 9, 48]
['1', ['SYSIN'], [7], 1, 7]
['2', ['SYSIN'], [0], 2, -1]
['3', ['SYSIN'], [3], 3, 11]
['4', ['SYSIN'], [5], 4, 14]
['5', [1, 2], [7, -1], 5, 18]
['6', [2, 3], [-1, 11], 6, -43]
['7', [3, 4], [11, 14], 7, 84]
['8', [1], [7], 8, 19]
['9', [5, 6], [18, -43], 9, 134]
['1', ['SYSIN'], [4], 1, 4]
['2', ['SYSIN'], [7], 2, 13]
['3', ['SYSIN'], [1], 3, 5]
['4', ['SYSIN'], [2], 4, 11]
['5', [1, 2], [4, 13], 5, -2]
['6', [2, 3], [13, 5], 6, -5]
['7', [3, 4], [5, 11], 7, 51]
['8', [1], [4], 8, 10]
['9', [5, 6], [-2, -5], 9, -4]
['1', ['SYSIN'], [2], 1, 2]
['2', ['SYSIN'], [6], 2, 11]
['3', ['SYSIN'], [4], 3, 14]
['4', ['SYSIN'], [1], 4, 10]
['5', [1, 2], [2, 11], 5, -4]
['6', [2, 3], [11, 14], 6, -43]
['7', [3, 4], [14, 10], 7, 84]
['8', [1], [2], 8, 4]
['9', [5, 6], [-4, -43], 9, 24]
['1', ['SYSIN'], [5], 1, 5]
['2', ['SYSIN'], [7], 2, 13]
['3', ['SYSIN'], [1], 3, 5]
['4', ['SYSIN'], [0], 4, 9]
['5', [1, 2], [5, 13], 5, 0]
['6', [2, 3], [13, 5], 6, -5]
['7', [3, 4], [5, 9], 7, 45]
['8', [1], [5], 8, 13]
['9', [5, 6], [0, -5], 9, 6]
['1', ['SYSIN'], [3], 1, 3]
['2', ['SYSIN'], [0], 2, -1]
['3', ['SYSIN'], [3], 3, 11]
['4', ['SYSIN'], [4], 4, 13]
['5', [1, 2], [3, -1], 5, 10]
['6', [2, 3], [-1, 11], 6, -43]
['7', [3, 4], [11, 13], 7, 81]
['8', [1], [3], 8, 7]
['9', [5, 6], [10, -43], 9, 94]
['1', ['SYSIN'], [3], 1, 3]
['2', ['SYSIN'], [3], 2, 5]
['3', ['SYSIN'], [8], 3, 26]
['4', ['SYSIN'], [5], 4, 14]
['5', [1, 2], [3, 5], 5, 4]
['6', [2, 3], [5, 26], 6, -97]
['7', [3, 4], [26, 14], 7, 144]
['8', [1], [3], 8, 7]
['9', [5, 6], [4, -97], 9, 118]
['1', ['SYSIN'], [4], 1, 4]
['2', ['SYSIN'], [2], 2, 3]
['3', ['SYSIN'], [7], 3, 23]
['4', ['SYSIN'], [7], 4, 16]
['5', [1, 2], [4, 3], 5, 8]
['6', [2, 3], [3, 23], 6, -87]
['7', [3, 4], [23, 16], 7, 138]
['8', [1], [4], 8, 10]
['9', [5, 6], [8, -87], 9, 128]
['1', ['SYSIN'], [6], 1, 6]
['2', ['SYSIN'], [1], 2, 1]
['3', ['SYSIN'], [1], 3, 5]
['4', ['SYSIN'], [9], 4, 18]
['5', [1, 2], [6, 1], 5, 14]
['6', [2, 3], [1, 5], 6, -17]
['7', [3, 4], [5, 18], 7, 72]
['8', [1], [6], 8, 16]
['9', [5, 6], [14, -17], 9, 88]
['1', ['SYSIN'], [1], 1, 1]
['2', ['SYSIN'], [8], 2, 15]
['3', ['SYSIN'], [5], 3, 17]
['4', ['SYSIN'], [6], 4, 15]
['5', [1, 2], [1, 15], 5, -10]
['6', [2, 3], [15, 17], 6, -51]
['7', [3, 4], [17, 15], 7, 111]
['8', [1], [1], 8, 1]
['9', [5, 6], [-10, -51], 9, 2]
['1', ['SYSIN'], [8], 1, 8]
['2', ['SYSIN'], [3], 2, 5]
['3', ['SYSIN'], [1], 3, 5]
['4', ['SYSIN'], [4], 4, 13]
['5', [1, 2], [8, 5], 5, 14]
['6', [2, 3], [5, 5], 6, -13]
['7', [3, 4], [5, 13], 7, 57]
['8', [1], [8], 8, 22]
['9', [5, 6], [14, -13], 9, 84]
['1', ['SYSIN'], [8], 1, 8]
['2', ['SYSIN'], [8], 2, 15]
['3', ['SYSIN'], [0], 3, 2]
['4', ['SYSIN'], [6], 4, 15]
['5', [1, 2], [8, 15], 5, 4]
['6', [2, 3], [15, 2], 6, 9]
['7', [3, 4], [2, 15], 7, 51]
['8', [1], [8], 8, 22]
['9', [5, 6], [4, 9], 9, 12]
['1', ['SYSIN'], [1], 1, 1]
['2', ['SYSIN'], [6], 2, 11]
['3', ['SYSIN'], [1], 3, 5]
['4', ['SYSIN'], [5], 4, 14]
['5', [1, 2], [1, 11], 5, -6]
['6', [2, 3], [11, 5], 6, -7]
['7', [3, 4], [5, 14], 7, 60]
['8', [1], [1], 8, 1]
['9', [5, 6], [-6, -7], 9, -22]
['1', ['SYSIN'], [7], 1, 7]
['2', ['SYSIN'], [9], 2, 17]
['3', ['SYSIN'], [0], 3, 2]
['4', ['SYSIN'], [4], 4, 13]
['5', [1, 2], [7, 17], 5, 0]
['6', [2, 3], [17, 2], 6, 11]
['7', [3, 4], [2, 13], 7, 45]
['8', [1], [7], 8, 19]
['9', [5, 6], [0, 11], 9, -10]
['1', ['SYSIN'], [1], 1, 1]
['2', ['SYSIN'], [1], 2, 1]
['3', ['SYSIN'], [6], 3, 20]
['4', ['SYSIN'], [4], 4, 13]
['5', [1, 2], [1, 1], 5, 4]
['6', [2, 3], [1, 20], 6, -77]
['7', [3, 4], [20, 13], 7, 117]
['8', [1], [1], 8, 1]
['9', [5, 6], [4, -77], 9, 98]
['1', ['SYSIN'], [0], 1, 0]
['2', ['SYSIN'], [8], 2, 15]
['3', ['SYSIN'], [0], 3, 2]
['4', ['SYSIN'], [6], 4, 15]
['5', [1, 2], [0, 15], 5, -12]
['6', [2, 3], [15, 2], 6, 9]
['7', [3, 4], [2, 15], 7, 51]
['8', [1], [0], 8, -2]
['9', [5, 6], [-12, 9], 9, -68]
['1', ['SYSIN'], [3], 1, 3]
['2', ['SYSIN'], [5], 2, 9]
['3', ['SYSIN'], [7], 3, 23]
['4', ['SYSIN'], [7], 4, 16]
['5', [1, 2], [3, 9], 5, 0]
['6', [2, 3], [9, 23], 6, -81]
['7', [3, 4], [23, 16], 7, 138]
['8', [1], [3], 8, 7]
['9', [5, 6], [0, -81], 9, 82]
['1', ['SYSIN'], [0], 1, 0]
['2', ['SYSIN'], [4], 2, 7]
['3', ['SYSIN'], [0], 3, 2]
['4', ['SYSIN'], [7], 4, 16]
['5', [1, 2], [0, 7], 5, -4]
['6', [2, 3], [7, 2], 6, 1]
['7', [3, 4], [2, 16], 7, 54]
['8', [1], [0], 8, -2]
['9', [5, 6], [-4, 1], 9, -20]
['1', ['SYSIN'], [8], 1, 8]
['2', ['SYSIN'], [2], 2, 3]
['3', ['SYSIN'], [7], 3, 23]
['4', ['SYSIN'], [4], 4, 13]
['5', [1, 2], [8, 3], 5, 16]
['6', [2, 3], [3, 23], 6, -87]
['7', [3, 4], [23, 13], 7, 129]
['8', [1], [8], 8, 22]
['9', [5, 6], [16, -87], 9, 168]
['1', ['SYSIN'], [1], 1, 1]
['2', ['SYSIN'], [8], 2, 15]
['3', ['SYSIN'], [1], 3, 5]
['4', ['SYSIN'], [0], 4, 9]
['5', [1, 2], [1, 15], 5, -10]
['6', [2, 3], [15, 5], 6, -3]
['7', [3, 4], [5, 9], 7, 45]
['8', [1], [1], 8, 1]
['9', [5, 6], [-10, -3], 9, -46]
['1', ['SYSIN'], [3], 1, 3]
['2', ['SYSIN'], [8], 2, 15]
['3', ['SYSIN'], [2], 3, 8]
['4', ['SYSIN'], [7], 4, 16]
['5', [1, 2], [3, 15], 5, -6]
['6', [2, 3], [15, 8], 6, -15]
['7', [3, 4], [8, 16], 7, 78]
['8', [1], [3], 8, 7]
['9', [5, 6], [-6, -15], 9, -14]
['1', ['SYSIN'], [3], 1, 3]
['2', ['SYSIN'], [6], 2, 11]
['3', ['SYSIN'], [3], 3, 11]
['4', ['SYSIN'], [2], 4, 11]
['5', [1, 2], [3, 11], 5, -2]
['6', [2, 3], [11, 11], 6, -31]
['7', [3, 4], [11, 11], 7, 75]
['8', [1], [3], 8, 7]
['9', [5, 6], [-2, -31], 9, 22]
['1', ['SYSIN'], [3], 1, 3]
['2', ['SYSIN'], [1], 2, 1]
['3', ['SYSIN'], [4], 3, 14]
['4', ['SYSIN'], [0], 4, 9]
['5', [1, 2], [3, 1], 5, 8]
['6', [2, 3], [1, 14], 6, -53]
['7', [3, 4], [14, 9], 7, 81]
['8', [1], [3], 8, 7]
['9', [5, 6], [8, -53], 9, 94]
['1', ['SYSIN'], [9], 1, 9]
['2', ['SYSIN'], [1], 2, 1]
['3', ['SYSIN'], [4], 3, 14]
['4', ['SYSIN'], [5], 4, 14]
['5', [1, 2], [9, 1], 5, 20]
['6', [2, 3], [1, 14], 6, -53]
['7', [3, 4], [14, 14], 7, 96]
['8', [1], [9], 8, 25]
['9', [5, 6], [20, -53], 9, 154]
['1', ['SYSIN'], [8], 1, 8]
['2', ['SYSIN'], [6], 2, 11]
['3', ['SYSIN'], [5], 3, 17]
['4', ['SYSIN'], [3], 4, 12]
['5', [1, 2], [8, 11], 5, 8]
['6', [2, 3], [11, 17], 6, -55]
['7', [3, 4], [17, 12], 7, 102]
['8', [1], [8], 8, 22]
['9', [5, 6], [8, -55], 9, 96]
['1', ['SYSIN'], [6], 1, 6]
['2', ['SYSIN'], [1], 2, 1]
['3', ['SYSIN'], [5], 3, 17]
['4', ['SYSIN'], [8], 4, 17]
['5', [1, 2], [6, 1], 5, 14]
['6', [2, 3], [1, 17], 6, -65]
['7', [3, 4], [17, 17], 7, 117]
['8', [1], [6], 8, 16]
['9', [5, 6], [14, -65], 9, 136]
['1', ['SYSIN'], [8], 1, 8]
['2', ['SYSIN'], [2], 2, 3]
['3', ['SYSIN'], [2], 3, 8]
['4', ['SYSIN'], [3], 4, 12]
['5', [1, 2], [8, 3], 5, 16]
['6', [2, 3], [3, 8], 6, -27]
['7', [3, 4], [8, 12], 7, 66]
['8', [1], [8], 8, 22]
['9', [5, 6], [16, -27], 9, 108]
['1', ['SYSIN'], [5], 1, 5]
['2', ['SYSIN'], [9], 2, 17]
['3', ['SYSIN'], [3], 3, 11]
['4', ['SYSIN'], [9], 4, 18]
['5', [1, 2], [5, 17], 5, -4]
['6', [2, 3], [17, 11], 6, -25]
['7', [3, 4], [11, 18], 7, 96]
['8', [1], [5], 8, 13]
['9', [5, 6], [-4, -25], 9, 6]
['1', ['SYSIN'], [5], 1, 5]
['2', ['SYSIN'], [5], 2, 9]
['3', ['SYSIN'], [8], 3, 26]
['4', ['SYSIN'], [7], 4, 16]
['5', [1, 2], [5, 9], 5, 4]
['6', [2, 3], [9, 26], 6, -93]
['7', [3, 4], [26, 16], 7, 150]
['8', [1], [5], 8, 13]
['9', [5, 6], [4, -93], 9, 114]
['1', ['SYSIN'], [2], 1, 2]
['2', ['SYSIN'], [6], 2, 11]
['3', ['SYSIN'], [2], 3, 8]
['4', ['SYSIN'], [7], 4, 16]
['5', [1, 2], [2, 11], 5, -4]
['6', [2, 3], [11, 8], 6, -19]
['7', [3, 4], [8, 16], 7, 78]
['8', [1], [2], 8, 4]
['9', [5, 6], [-4, -19], 9, 0]
['1', ['SYSIN'], [0], 1, 0]
['2', ['SYSIN'], [2], 2, 3]
['3', ['SYSIN'], [8], 3, 26]
['4', ['SYSIN'], [7], 4, 16]
['5', [1, 2], [0, 3], 5, 0]
['6', [2, 3], [3, 26], 6, -99]
['7', [3, 4], [26, 16], 7, 150]
['8', [1], [0], 8, -2]
['9', [5, 6], [0, -99], 9, 100]
['1', ['SYSIN'], [1], 1, 1]
['2', ['SYSIN'], [3], 2, 5]
['3', ['SYSIN'], [2], 3, 8]
['4', ['SYSIN'], [3], 4, 12]
['5', [1, 2], [1, 5], 5, 0]
['6', [2, 3], [5, 8], 6, -25]
['7', [3, 4], [8, 12], 7, 66]
['8', [1], [1], 8, 1]
['9', [5, 6], [0, -25], 9, 26]
['1', ['SYSIN'], [3], 1, 3]
['2', ['SYSIN'], [0], 2, -1]
['3', ['SYSIN'], [7], 3, 23]
['4', ['SYSIN'], [2], 4, 11]
['5', [1, 2], [3, -1], 5, 10]
['6', [2, 3], [-1, 23], 6, -91]
['7', [3, 4], [23, 11], 7, 123]
['8', [1], [3], 8, 7]
['9', [5, 6], [10, -91], 9, 142]
['1', ['SYSIN'], [5], 1, 5]
['2', ['SYSIN'], [2], 2, 3]
['3', ['SYSIN'], [7], 3, 23]
['4', ['SYSIN'], [1], 4, 10]
['5', [1, 2], [5, 3], 5, 10]
['6', [2, 3], [3, 23], 6, -87]
['7', [3, 4], [23, 10], 7, 120]
['8', [1], [5], 8, 13]
['9', [5, 6], [10, -87], 9, 138]
['1', ['SYSIN'], [1], 1, 1]
['2', ['SYSIN'], [2], 2, 3]
['3', ['SYSIN'], [0], 3, 2]
['4', ['SYSIN'], [7], 4, 16]
['5', [1, 2], [1, 3], 5, 2]
['6', [2, 3], [3, 2], 6, -3]
['7', [3, 4], [2, 16], 7, 54]
['8', [1], [1], 8, 1]
['9', [5, 6], [2, -3], 9, 14]
['1', ['SYSIN'], [2], 1, 2]
['2', ['SYSIN'], [6], 2, 11]
['3', ['SYSIN'], [6], 3, 20]
['4', ['SYSIN'], [6], 4, 15]
['5', [1, 2], [2, 11], 5, -4]
['6', [2, 3], [11, 20], 6, -67]
['7', [3, 4], [20, 15], 7, 123]
['8', [1], [2], 8, 4]
['9', [5, 6], [-4, -67], 9, 48]
['1', ['SYSIN'], [5], 1, 5]
['2', ['SYSIN'], [2], 2, 3]
['3', ['SYSIN'], [5], 3, 17]
['4', ['SYSIN'], [4], 4, 13]
['5', [1, 2], [5, 3], 5, 10]
['6', [2, 3], [3, 17], 6, -63]
['7', [3, 4], [17, 13], 7, 105]
['8', [1], [5], 8, 13]
['9', [5, 6], [10, -63], 9, 114]
['1', ['SYSIN'], [6], 1, 6]
['2', ['SYSIN'], [2], 2, 3]
['3', ['SYSIN'], [4], 3, 14]
['4', ['SYSIN'], [1], 4, 10]
['5', [1, 2], [6, 3], 5, 12]
['6', [2, 3], [3, 14], 6, -51]
['7', [3, 4], [14, 10], 7, 84]
['8', [1], [6], 8, 16]
['9', [5, 6], [12, -51], 9, 112]
['1', ['SYSIN'], [3], 1, 3]
['2', ['SYSIN'], [5], 2, 9]
['3', ['SYSIN'], [9], 3, 29]
['4', ['SYSIN'], [3], 4, 12]
['5', [1, 2], [3, 9], 5, 0]
['6', [2, 3], [9, 29], 6, -105]
['7', [3, 4], [29, 12], 7, 150]
['8', [1], [3], 8, 7]
['9', [5, 6], [0, -105], 9, 106]
['1', ['SYSIN'], [6], 1, 6]
['2', ['SYSIN'], [7], 2, 13]
['3', ['SYSIN'], [0], 3, 2]
['4', ['SYSIN'], [8], 4, 17]
['5', [1, 2], [6, 13], 5, 2]
['6', [2, 3], [13, 2], 6, 7]
['7', [3, 4], [2, 17], 7, 57]
['8', [1], [6], 8, 16]
['9', [5, 6], [2, 7], 9, 4]
['1', ['SYSIN'], [0], 1, 0]
['2', ['SYSIN'], [0], 2, -1]
['3', ['SYSIN'], [2], 3, 8]
['4', ['SYSIN'], [4], 4, 13]
['5', [1, 2], [0, -1], 5, 4]
['6', [2, 3], [-1, 8], 6, -31]
['7', [3, 4], [8, 13], 7, 69]
['8', [1], [0], 8, -2]
['9', [5, 6], [4, -31], 9, 52]
['1', ['SYSIN'], [9], 1, 9]
['2', ['SYSIN'], [9], 2, 17]
['3', ['SYSIN'], [2], 3, 8]
['4', ['SYSIN'], [7], 4, 16]
['5', [1, 2], [9, 17], 5, 4]
['6', [2, 3], [17, 8], 6, -13]
['7', [3, 4], [8, 16], 7, 78]
['8', [1], [9], 8, 25]
['9', [5, 6], [4, -13], 9, 34]
['1', ['SYSIN'], [7], 1, 7]
['2', ['SYSIN'], [4], 2, 7]
['3', ['SYSIN'], [5], 3, 17]
['4', ['SYSIN'], [7], 4, 16]
['5', [1, 2], [7, 7], 5, 10]
['6', [2, 3], [7, 17], 6, -59]
['7', [3, 4], [17, 16], 7, 114]
['8', [1], [7], 8, 19]
['9', [5, 6], [10, -59], 9, 110]
['1', ['SYSIN'], [1], 1, 1]
['2', ['SYSIN'], [1], 2, 1]
['3', ['SYSIN'], [6], 3, 20]
['4', ['SYSIN'], [5], 4, 14]
['5', [1, 2], [1, 1], 5, 4]
['6', [2, 3], [1, 20], 6, -77]
['7', [3, 4], [20, 14], 7, 120]
['8', [1], [1], 8, 1]
['9', [5, 6], [4, -77], 9, 98]
['1', ['SYSIN'], [2], 1, 2]
['2', ['SYSIN'], [5], 2, 9]
['3', ['SYSIN'], [7], 3, 23]
['4', ['SYSIN'], [1], 4, 10]
['5', [1, 2], [2, 9], 5, -2]
['6', [2, 3], [9, 23], 6, -81]
['7', [3, 4], [23, 10], 7, 120]
['8', [1], [2], 8, 4]
['9', [5, 6], [-2, -81], 9, 72]
['1', ['SYSIN'], [8], 1, 8]
['2', ['SYSIN'], [9], 2, 17]
['3', ['SYSIN'], [8], 3, 26]
['4', ['SYSIN'], [4], 4, 13]
['5', [1, 2], [8, 17], 5, 2]
['6', [2, 3], [17, 26], 6, -85]
['7', [3, 4], [26, 13], 7, 141]
['8', [1], [8], 8, 22]
['9', [5, 6], [2, -85], 9, 96]
['1', ['SYSIN'], [5], 1, 5]
['2', ['SYSIN'], [3], 2, 5]
['3', ['SYSIN'], [8], 3, 26]
['4', ['SYSIN'], [0], 4, 9]
['5', [1, 2], [5, 5], 5, 8]
['6', [2, 3], [5, 26], 6, -97]
['7', [3, 4], [26, 9], 7, 129]
['8', [1], [5], 8, 13]
['9', [5, 6], [8, -97], 9, 138]
['1', ['SYSIN'], [4], 1, 4]
['2', ['SYSIN'], [4], 2, 7]
['3', ['SYSIN'], [1], 3, 5]
['4', ['SYSIN'], [4], 4, 13]
['5', [1, 2], [4, 7], 5, 4]
['6', [2, 3], [7, 5], 6, -11]
['7', [3, 4], [5, 13], 7, 57]
['8', [1], [4], 8, 10]
['9', [5, 6], [4, -11], 9, 32]
['1', ['SYSIN'], [6], 1, 6]
['2', ['SYSIN'], [8], 2, 15]
['3', ['SYSIN'], [5], 3, 17]
['4', ['SYSIN'], [4], 4, 13]
['5', [1, 2], [6, 15], 5, 0]
['6', [2, 3], [15, 17], 6, -51]
['7', [3, 4], [17, 13], 7, 105]
['8', [1], [6], 8, 16]
['9', [5, 6], [0, -51], 9, 52]
['1', ['SYSIN'], [5], 1, 5]
['2', ['SYSIN'], [8], 2, 15]
['3', ['SYSIN'], [3], 3, 11]
['4', ['SYSIN'], [7], 4, 16]
['5', [1, 2], [5, 15], 5, -2]
['6', [2, 3], [15, 11], 6, -27]
['7', [3, 4], [11, 16], 7, 90]
['8', [1], [5], 8, 13]
['9', [5, 6], [-2, -27], 9, 18]
['1', ['SYSIN'], [7], 1, 7]
['2', ['SYSIN'], [1], 2, 1]
['3', ['SYSIN'], [2], 3, 8]
['4', ['SYSIN'], [6], 4, 15]
['5', [1, 2], [7, 1], 5, 16]
['6', [2, 3], [1, 8], 6, -29]
['7', [3, 4], [8, 15], 7, 75]
['8', [1], [7], 8, 19]
['9', [5, 6], [16, -29], 9, 110]
['1', ['SYSIN'], [1], 1, 1]
['2', ['SYSIN'], [2], 2, 3]
['3', ['SYSIN'], [4], 3, 14]
['4', ['SYSIN'], [2], 4, 11]
['5', [1, 2], [1, 3], 5, 2]
['6', [2, 3], [3, 14], 6, -51]
['7', [3, 4], [14, 11], 7, 87]
['8', [1], [1], 8, 1]
['9', [5, 6], [2, -51], 9, 62]
['1', ['SYSIN'], [5], 1, 5]
['2', ['SYSIN'], [2], 2, 3]
['3', ['SYSIN'], [1], 3, 5]
['4', ['SYSIN'], [9], 4, 18]
['5', [1, 2], [5, 3], 5, 10]
['6', [2, 3], [3, 5], 6, -15]
['7', [3, 4], [5, 18], 7, 72]
['8', [1], [5], 8, 13]
['9', [5, 6], [10, -15], 9, 66]
['1', ['SYSIN'], [9], 1, 9]
['2', ['SYSIN'], [8], 2, 15]
['3', ['SYSIN'], [9], 3, 29]
['4', ['SYSIN'], [7], 4, 16]
['5', [1, 2], [9, 15], 5, 6]
['6', [2, 3], [15, 29], 6, -99]
['7', [3, 4], [29, 16], 7, 162]
['8', [1], [9], 8, 25]
['9', [5, 6], [6, -99], 9, 130]
['1', ['SYSIN'], [5], 1, 5]
['2', ['SYSIN'], [4], 2, 7]
['3', ['SYSIN'], [0], 3, 2]
['4', ['SYSIN'], [3], 4, 12]
['5', [1, 2], [5, 7], 5, 6]
['6', [2, 3], [7, 2], 6, 1]
['7', [3, 4], [2, 12], 7, 42]
['8', [1], [5], 8, 13]
['9', [5, 6], [6, 1], 9, 30]
['1', ['SYSIN'], [3], 1, 3]
['2', ['SYSIN'], [6], 2, 11]
['3', ['SYSIN'], [7], 3, 23]
['4', ['SYSIN'], [4], 4, 13]
['5', [1, 2], [3, 11], 5, -2]
['6', [2, 3], [11, 23], 6, -79]
['7', [3, 4], [23, 13], 7, 129]
['8', [1], [3], 8, 7]
['9', [5, 6], [-2, -79], 9, 70]
['1', ['SYSIN'], [7], 1, 7]
['2', ['SYSIN'], [9], 2, 17]
['3', ['SYSIN'], [4], 3, 14]
['4', ['SYSIN'], [1], 4, 10]
['5', [1, 2], [7, 17], 5, 0]
['6', [2, 3], [17, 14], 6, -37]
['7', [3, 4], [14, 10], 7, 84]
['8', [1], [7], 8, 19]
['9', [5, 6], [0, -37], 9, 38]
['1', ['SYSIN'], [4], 1, 4]
['2', ['SYSIN'], [0], 2, -1]
['3', ['SYSIN'], [4], 3, 14]
['4', ['SYSIN'], [2], 4, 11]
['5', [1, 2], [4, -1], 5, 12]
['6', [2, 3], [-1, 14], 6, -55]
['7', [3, 4], [14, 11], 7, 87]
['8', [1], [4], 8, 10]
['9', [5, 6], [12, -55], 9, 116]
['1', ['SYSIN'], [1], 1, 1]
['2', ['SYSIN'], [2], 2, 3]
['3', ['SYSIN'], [6], 3, 20]
['4', ['SYSIN'], [2], 4, 11]
['5', [1, 2], [1, 3], 5, 2]
['6', [2, 3], [3, 20], 6, -75]
['7', [3, 4], [20, 11], 7, 111]
['8', [1], [1], 8, 1]
['9', [5, 6], [2, -75], 9, 86]
['1', ['SYSIN'], [6], 1, 6]
['2', ['SYSIN'], [6], 2, 11]
['3', ['SYSIN'], [9], 3, 29]
['4', ['SYSIN'], [5], 4, 14]
['5', [1, 2], [6, 11], 5, 4]
['6', [2, 3], [11, 29], 6, -103]
['7', [3, 4], [29, 14], 7, 156]
['8', [1], [6], 8, 16]
['9', [5, 6], [4, -103], 9, 124]
['1', ['SYSIN'], [8], 1, 8]
['2', ['SYSIN'], [9], 2, 17]
['3', ['SYSIN'], [2], 3, 8]
['4', ['SYSIN'], [3], 4, 12]
['5', [1, 2], [8, 17], 5, 2]
['6', [2, 3], [17, 8], 6, -13]
['7', [3, 4], [8, 12], 7, 66]
['8', [1], [8], 8, 22]
['9', [5, 6], [2, -13], 9, 24]
['1', ['SYSIN'], [5], 1, 5]
['2', ['SYSIN'], [5], 2, 9]
['3', ['SYSIN'], [0], 3, 2]
['4', ['SYSIN'], [5], 4, 14]
['5', [1, 2], [5, 9], 5, 4]
['6', [2, 3], [9, 2], 6, 3]
['7', [3, 4], [2, 14], 7, 48]
['8', [1], [5], 8, 13]
['9', [5, 6], [4, 3], 9, 18]
['1', ['SYSIN'], [2], 1, 2]
['2', ['SYSIN'], [8], 2, 15]
['3', ['SYSIN'], [6], 3, 20]
['4', ['SYSIN'], [6], 4, 15]
['5', [1, 2], [2, 15], 5, -8]
['6', [2, 3], [15, 20], 6, -63]
['7', [3, 4], [20, 15], 7, 123]
['8', [1], [2], 8, 4]
['9', [5, 6], [-8, -63], 9, 24]
['1', ['SYSIN'], [6], 1, 6]
['2', ['SYSIN'], [2], 2, 3]
['3', ['SYSIN'], [3], 3, 11]
['4', ['SYSIN'], [5], 4, 14]
['5', [1, 2], [6, 3], 5, 12]
['6', [2, 3], [3, 11], 6, -39]
['7', [3, 4], [11, 14], 7, 84]
['8', [1], [6], 8, 16]
['9', [5, 6], [12, -39], 9, 100]
['1', ['SYSIN'], [4], 1, 4]
['2', ['SYSIN'], [7], 2, 13]
['3', ['SYSIN'], [6], 3, 20]
['4', ['SYSIN'], [6], 4, 15]
['5', [1, 2], [4, 13], 5, -2]
['6', [2, 3], [13, 20], 6, -65]
['7', [3, 4], [20, 15], 7, 123]
['8', [1], [4], 8, 10]
['9', [5, 6], [-2, -65], 9, 56]
['1', ['SYSIN'], [4], 1, 4]
['2', ['SYSIN'], [9], 2, 17]
['3', ['SYSIN'], [2], 3, 8]
['4', ['SYSIN'], [3], 4, 12]
['5', [1, 2], [4, 17], 5, -6]
['6', [2, 3], [17, 8], 6, -13]
['7', [3, 4], [8, 12], 7, 66]
['8', [1], [4], 8, 10]
['9', [5, 6], [-6, -13], 9, -16]
['1', ['SYSIN'], [9], 1, 9]
['2', ['SYSIN'], [9], 2, 17]
['3', ['SYSIN'], [6], 3, 20]
['4', ['SYSIN'], [0], 4, 9]
['5', [1, 2], [9, 17], 5, 4]
['6', [2, 3], [17, 20], 6, -61]
['7', [3, 4], [20, 9], 7, 105]
['8', [1], [9], 8, 25]
['9', [5, 6], [4, -61], 9, 82]
['1', ['SYSIN'], [0], 1, 0]
['2', ['SYSIN'], [9], 2, 17]
['3', ['SYSIN'], [5], 3, 17]
['4', ['SYSIN'], [7], 4, 16]
['5', [1, 2], [0, 17], 5, -14]
['6', [2, 3], [17, 17], 6, -49]
['7', [3, 4], [17, 16], 7, 114]
['8', [1], [0], 8, -2]
['9', [5, 6], [-14, -49], 9, -20]
['1', ['SYSIN'], [6], 1, 6]
['2', ['SYSIN'], [2], 2, 3]
['3', ['SYSIN'], [8], 3, 26]
['4', ['SYSIN'], [8], 4, 17]
['5', [1, 2], [6, 3], 5, 12]
['6', [2, 3], [3, 26], 6, -99]
['7', [3, 4], [26, 17], 7, 153]
['8', [1], [6], 8, 16]
['9', [5, 6], [12, -99], 9, 160]
['1', ['SYSIN'], [5], 1, 5]
['2', ['SYSIN'], [2], 2, 3]
['3', ['SYSIN'], [4], 3, 14]
['4', ['SYSIN'], [2], 4, 11]
['5', [1, 2], [5, 3], 5, 10]
['6', [2, 3], [3, 14], 6, -51]
['7', [3, 4], [14, 11], 7, 87]
['8', [1], [5], 8, 13]
['9', [5, 6], [10, -51], 9, 102]
['1', ['SYSIN'], [1], 1, 1]
['2', ['SYSIN'], [9], 2, 17]
['3', ['SYSIN'], [2], 3, 8]
['4', ['SYSIN'], [0], 4, 9]
['5', [1, 2], [1, 17], 5, -12]
['6', [2, 3], [17, 8], 6, -13]
['7', [3, 4], [8, 9], 7, 57]
['8', [1], [1], 8, 1]
['9', [5, 6], [-12, -13], 9, -46]
['1', ['SYSIN'], [0], 1, 0]
['2', ['SYSIN'], [8], 2, 15]
['3', ['SYSIN'], [6], 3, 20]
['4', ['SYSIN'], [3], 4, 12]
['5', [1, 2], [0, 15], 5, -12]
['6', [2, 3], [15, 20], 6, -63]
['7', [3, 4], [20, 12], 7, 114]
['8', [1], [0], 8, -2]
['9', [5, 6], [-12, -63], 9, 4]
['1', ['SYSIN'], [7], 1, 7]
['2', ['SYSIN'], [0], 2, -1]
['3', ['SYSIN'], [9], 3, 29]
['4', ['SYSIN'], [3], 4, 12]
['5', [1, 2], [7, -1], 5, 18]
['6', [2, 3], [-1, 29], 6, -115]
['7', [3, 4], [29, 12], 7, 150]
['8', [1], [7], 8, 19]
['9', [5, 6], [18, -115], 9, 206]
['1', ['SYSIN'], [4], 1, 4]
['2', ['SYSIN'], [5], 2, 9]
['3', ['SYSIN'], [3], 3, 11]
['4', ['SYSIN'], [4], 4, 13]
['5', [1, 2], [4, 9], 5, 2]
['6', [2, 3], [9, 11], 6, -33]
['7', [3, 4], [11, 13], 7, 81]
['8', [1], [4], 8, 10]
['9', [5, 6], [2, -33], 9, 44]
['1', ['SYSIN'], [8], 1, 8]
['2', ['SYSIN'], [7], 2, 13]
['3', ['SYSIN'], [0], 3, 2]
['4', ['SYSIN'], [3], 4, 12]
['5', [1, 2], [8, 13], 5, 6]
['6', [2, 3], [13, 2], 6, 7]
['7', [3, 4], [2, 12], 7, 42]
['8', [1], [8], 8, 22]
['9', [5, 6], [6, 7], 9, 24]
['1', ['SYSIN'], [4], 1, 4]
['2', ['SYSIN'], [6], 2, 11]
['3', ['SYSIN'], [0], 3, 2]
['4', ['SYSIN'], [5], 4, 14]
['5', [1, 2], [4, 11], 5, 0]
['6', [2, 3], [11, 2], 6, 5]
['7', [3, 4], [2, 14], 7, 48]
['8', [1], [4], 8, 10]
['9', [5, 6], [0, 5], 9, -4]
['1', ['SYSIN'], [1], 1, 1]
['2', ['SYSIN'], [7], 2, 13]
['3', ['SYSIN'], [8], 3, 26]
['4', ['SYSIN'], [0], 4, 9]
['5', [1, 2], [1, 13], 5, -8]
['6', [2, 3], [13, 26], 6, -89]
['7', [3, 4], [26, 9], 7, 129]
['8', [1], [1], 8, 1]
['9', [5, 6], [-8, -89], 9, 50]
['1', ['SYSIN'], [6], 1, 6]
['2', ['SYSIN'], [4], 2, 7]
['3', ['SYSIN'], [3], 3, 11]
['4', ['SYSIN'], [2], 4, 11]
['5', [1, 2], [6, 7], 5, 8]
['6', [2, 3], [7, 11], 6, -35]
['7', [3, 4], [11, 11], 7, 75]
['8', [1], [6], 8, 16]
['9', [5, 6], [8, -35], 9, 76]
['1', ['SYSIN'], [5], 1, 5]
['2', ['SYSIN'], [3], 2, 5]
['3', ['SYSIN'], [1], 3, 5]
['4', ['SYSIN'], [6], 4, 15]
['5', [1, 2], [5, 5], 5, 8]
['6', [2, 3], [5, 5], 6, -13]
['7', [3, 4], [5, 15], 7, 63]
['8', [1], [5], 8, 13]
['9', [5, 6], [8, -13], 9, 54]
['1', ['SYSIN'], [0], 1, 0]
['2', ['SYSIN'], [4], 2, 7]
['3', ['SYSIN'], [6], 3, 20]
['4', ['SYSIN'], [1], 4, 10]
['5', [1, 2], [0, 7], 5, -4]
['6', [2, 3], [7, 20], 6, -71]
['7', [3, 4], [20, 10], 7, 108]
['8', [1], [0], 8, -2]
['9', [5, 6], [-4, -71], 9, 52]
['1', ['SYSIN'], [6], 1, 6]
['2', ['SYSIN'], [6], 2, 11]
['3', ['SYSIN'], [9], 3, 29]
['4', ['SYSIN'], [0], 4, 9]
['5', [1, 2], [6, 11], 5, 4]
['6', [2, 3], [11, 29], 6, -103]
['7', [3, 4], [29, 9], 7, 141]
['8', [1], [6], 8, 16]
['9', [5, 6], [4, -103], 9, 124]
['1', ['SYSIN'], [3], 1, 3]
['2', ['SYSIN'], [4], 2, 7]
['3', ['SYSIN'], [8], 3, 26]
['4', ['SYSIN'], [7], 4, 16]
['5', [1, 2], [3, 7], 5, 2]
['6', [2, 3], [7, 26], 6, -95]
['7', [3, 4], [26, 16], 7, 150]
['8', [1], [3], 8, 7]
['9', [5, 6], [2, -95], 9, 106]
['1', ['SYSIN'], [5], 1, 5]
['2', ['SYSIN'], [3], 2, 5]
['3', ['SYSIN'], [3], 3, 11]
['4', ['SYSIN'], [3], 4, 12]
['5', [1, 2], [5, 5], 5, 8]
['6', [2, 3], [5, 11], 6, -37]
['7', [3, 4], [11, 12], 7, 78]
['8', [1], [5], 8, 13]
['9', [5, 6], [8, -37], 9, 78]
['1', ['SYSIN'], [3], 1, 3]
['2', ['SYSIN'], [6], 2, 11]
['3', ['SYSIN'], [3], 3, 11]
['4', ['SYSIN'], [0], 4, 9]
['5', [1, 2], [3, 11], 5, -2]
['6', [2, 3], [11, 11], 6, -31]
['7', [3, 4], [11, 9], 7, 69]
['8', [1], [3], 8, 7]
['9', [5, 6], [-2, -31], 9, 22]
['1', ['SYSIN'], [9], 1, 9]
['2', ['SYSIN'], [2], 2, 3]
['3', ['SYSIN'], [1], 3, 5]
['4', ['SYSIN'], [7], 4, 16]
['5', [1, 2], [9, 3], 5, 18]
['6', [2, 3], [3, 5], 6, -15]
['7', [3, 4], [5, 16], 7, 66]
['8', [1], [9], 8, 25]
['9', [5, 6], [18, -15], 9, 106]
['1', ['SYSIN'], [6], 1, 6]
['2', ['SYSIN'], [4], 2, 7]
['3', ['SYSIN'], [7], 3, 23]
['4', ['SYSIN'], [1], 4, 10]
['5', [1, 2], [6, 7], 5, 8]
['6', [2, 3], [7, 23], 6, -83]
['7', [3, 4], [23, 10], 7, 120]
['8', [1], [6], 8, 16]
['9', [5, 6], [8, -83], 9, 124]
['1', ['SYSIN'], [5], 1, 5]
['2', ['SYSIN'], [1], 2, 1]
['3', ['SYSIN'], [0], 3, 2]
['4', ['SYSIN'], [3], 4, 12]
['5', [1, 2], [5, 1], 5, 12]
['6', [2, 3], [1, 2], 6, -5]
['7', [3, 4], [2, 12], 7, 42]
['8', [1], [5], 8, 13]
['9', [5, 6], [12, -5], 9, 66]
['1', ['SYSIN'], [8], 1, 8]
['2', ['SYSIN'], [2], 2, 3]
['3', ['SYSIN'], [5], 3, 17]
['4', ['SYSIN'], [0], 4, 9]
['5', [1, 2], [8, 3], 5, 16]
['6', [2, 3], [3, 17], 6, -63]
['7', [3, 4], [17, 9], 7, 93]
['8', [1], [8], 8, 22]
['9', [5, 6], [16, -63], 9, 144]
['1', ['SYSIN'], [5], 1, 5]
['2', ['SYSIN'], [8], 2, 15]
['3', ['SYSIN'], [8], 3, 26]
['4', ['SYSIN'], [6], 4, 15]
['5', [1, 2], [5, 15], 5, -2]
['6', [2, 3], [15, 26], 6, -87]
['7', [3, 4], [26, 15], 7, 147]
['8', [1], [5], 8, 13]
['9', [5, 6], [-2, -87], 9, 78]
['1', ['SYSIN'], [4], 1, 4]
['2', ['SYSIN'], [3], 2, 5]
['3', ['SYSIN'], [7], 3, 23]
['4', ['SYSIN'], [2], 4, 11]
['5', [1, 2], [4, 5], 5, 6]
['6', [2, 3], [5, 23], 6, -85]
['7', [3, 4], [23, 11], 7, 123]
['8', [1], [4], 8, 10]
['9', [5, 6], [6, -85], 9, 116]
['1', ['SYSIN'], [2], 1, 2]
['2', ['SYSIN'], [6], 2, 11]
['3', ['SYSIN'], [8], 3, 26]
['4', ['SYSIN'], [8], 4, 17]
['5', [1, 2], [2, 11], 5, -4]
['6', [2, 3], [11, 26], 6, -91]
['7', [3, 4], [26, 17], 7, 153]
['8', [1], [2], 8, 4]
['9', [5, 6], [-4, -91], 9, 72]
['1', ['SYSIN'], [6], 1, 6]
['2', ['SYSIN'], [2], 2, 3]
['3', ['SYSIN'], [1], 3, 5]
['4', ['SYSIN'], [6], 4, 15]
['5', [1, 2], [6, 3], 5, 12]
['6', [2, 3], [3, 5], 6, -15]
['7', [3, 4], [5, 15], 7, 63]
['8', [1], [6], 8, 16]
['9', [5, 6], [12, -15], 9, 76]
['1', ['SYSIN'], [8], 1, 8]
['2', ['SYSIN'], [1], 2, 1]
['3', ['SYSIN'], [7], 3, 23]
['4', ['SYSIN'], [9], 4, 18]
['5', [1, 2], [8, 1], 5, 18]
['6', [2, 3], [1, 23], 6, -89]
['7', [3, 4], [23, 18], 7, 144]
['8', [1], [8], 8, 22]
['9', [5, 6], [18, -89], 9, 180]
['1', ['SYSIN'], [9], 1, 9]
['2', ['SYSIN'], [9], 2, 17]
['3', ['SYSIN'], [6], 3, 20]
['4', ['SYSIN'], [1], 4, 10]
['5', [1, 2], [9, 17], 5, 4]
['6', [2, 3], [17, 20], 6, -61]
['7', [3, 4], [20, 10], 7, 108]
['8', [1], [9], 8, 25]
['9', [5, 6], [4, -61], 9, 82]
['1', ['SYSIN'], [1], 1, 1]
['2', ['SYSIN'], [5], 2, 9]
['3', ['SYSIN'], [6], 3, 20]
['4', ['SYSIN'], [6], 4, 15]
['5', [1, 2], [1, 9], 5, -4]
['6', [2, 3], [9, 20], 6, -69]
['7', [3, 4], [20, 15], 7, 123]
['8', [1], [1], 8, 1]
['9', [5, 6], [-4, -69], 9, 50]
['1', ['SYSIN'], [4], 1, 4]
['2', ['SYSIN'], [5], 2, 9]
['3', ['SYSIN'], [8], 3, 26]
['4', ['SYSIN'], [8], 4, 17]
['5', [1, 2], [4, 9], 5, 2]
['6', [2, 3], [9, 26], 6, -93]
['7', [3, 4], [26, 17], 7, 153]
['8', [1], [4], 8, 10]
['9', [5, 6], [2, -93], 9, 104]
['1', ['SYSIN'], [9], 1, 9]
['2', ['SYSIN'], [1], 2, 1]
['3', ['SYSIN'], [1], 3, 5]
['4', ['SYSIN'], [8], 4, 17]
['5', [1, 2], [9, 1], 5, 20]
['6', [2, 3], [1, 5], 6, -17]
['7', [3, 4], [5, 17], 7, 69]
['8', [1], [9], 8, 25]
['9', [5, 6], [20, -17], 9, 118]
['1', ['SYSIN'], [4], 1, 4]
['2', ['SYSIN'], [6], 2, 11]
['3', ['SYSIN'], [5], 3, 17]
['4', ['SYSIN'], [6], 4, 15]
['5', [1, 2], [4, 11], 5, 0]
['6', [2, 3], [11, 17], 6, -55]
['7', [3, 4], [17, 15], 7, 111]
['8', [1], [4], 8, 10]
['9', [5, 6], [0, -55], 9, 56]
['1', ['SYSIN'], [5], 1, 5]
['2', ['SYSIN'], [5], 2, 9]
['3', ['SYSIN'], [6], 3, 20]
['4', ['SYSIN'], [4], 4, 13]
['5', [1, 2], [5, 9], 5, 4]
['6', [2, 3], [9, 20], 6, -69]
['7', [3, 4], [20, 13], 7, 117]
['8', [1], [5], 8, 13]
['9', [5, 6], [4, -69], 9, 90]
['1', ['SYSIN'], [2], 1, 2]
['2', ['SYSIN'], [6], 2, 11]
['3', ['SYSIN'], [2], 3, 8]
['4', ['SYSIN'], [6], 4, 15]
['5', [1, 2], [2, 11], 5, -4]
['6', [2, 3], [11, 8], 6, -19]
['7', [3, 4], [8, 15], 7, 75]
['8', [1], [2], 8, 4]
['9', [5, 6], [-4, -19], 9, 0]
['1', ['SYSIN'], [1], 1, 1]
['2', ['SYSIN'], [2], 2, 3]
['3', ['SYSIN'], [4], 3, 14]
['4', ['SYSIN'], [6], 4, 15]
['5', [1, 2], [1, 3], 5, 2]
['6', [2, 3], [3, 14], 6, -51]
['7', [3, 4], [14, 15], 7, 99]
['8', [1], [1], 8, 1]
['9', [5, 6], [2, -51], 9, 62]
['1', ['SYSIN'], [4], 1, 4]
['2', ['SYSIN'], [5], 2, 9]
['3', ['SYSIN'], [5], 3, 17]
['4', ['SYSIN'], [6], 4, 15]
['5', [1, 2], [4, 9], 5, 2]
['6', [2, 3], [9, 17], 6, -57]
['7', [3, 4], [17, 15], 7, 111]
['8', [1], [4], 8, 10]
['9', [5, 6], [2, -57], 9, 68]
['1', ['SYSIN'], [1], 1, 1]
['2', ['SYSIN'], [5], 2, 9]
['3', ['SYSIN'], [2], 3, 8]
['4', ['SYSIN'], [1], 4, 10]
['5', [1, 2], [1, 9], 5, -4]
['6', [2, 3], [9, 8], 6, -21]
['7', [3, 4], [8, 10], 7, 60]
['8', [1], [1], 8, 1]
['9', [5, 6], [-4, -21], 9, 2]
['1', ['SYSIN'], [5], 1, 5]
['2', ['SYSIN'], [6], 2, 11]
['3', ['SYSIN'], [5], 3, 17]
['4', ['SYSIN'], [4], 4, 13]
['5', [1, 2], [5, 11], 5, 2]
['6', [2, 3], [11, 17], 6, -55]
['7', [3, 4], [17, 13], 7, 105]
['8', [1], [5], 8, 13]
['9', [5, 6], [2, -55], 9, 66]
['1', ['SYSIN'], [2], 1, 2]
['2', ['SYSIN'], [6], 2, 11]
['3', ['SYSIN'], [2], 3, 8]
['4', ['SYSIN'], [1], 4, 10]
['5', [1, 2], [2, 11], 5, -4]
['6', [2, 3], [11, 8], 6, -19]
['7', [3, 4], [8, 10], 7, 60]
['8', [1], [2], 8, 4]
['9', [5, 6], [-4, -19], 9, 0]
['1', ['SYSIN'], [3], 1, 3]
['2', ['SYSIN'], [1], 2, 1]
['3', ['SYSIN'], [8], 3, 26]
['4', ['SYSIN'], [6], 4, 15]
['5', [1, 2], [3, 1], 5, 8]
['6', [2, 3], [1, 26], 6, -101]
['7', [3, 4], [26, 15], 7, 147]
['8', [1], [3], 8, 7]
['9', [5, 6], [8, -101], 9, 142]
['1', ['SYSIN'], [8], 1, 8]
['2', ['SYSIN'], [0], 2, -1]
['3', ['SYSIN'], [3], 3, 11]
['4', ['SYSIN'], [1], 4, 10]
['5', [1, 2], [8, -1], 5, 20]
['6', [2, 3], [-1, 11], 6, -43]
['7', [3, 4], [11, 10], 7, 72]
['8', [1], [8], 8, 22]
['9', [5, 6], [20, -43], 9, 144]
['1', ['SYSIN'], [7], 1, 7]
['2', ['SYSIN'], [7], 2, 13]
['3', ['SYSIN'], [2], 3, 8]
['4', ['SYSIN'], [1], 4, 10]
['5', [1, 2], [7, 13], 5, 4]
['6', [2, 3], [13, 8], 6, -17]
['7', [3, 4], [8, 10], 7, 60]
['8', [1], [7], 8, 19]
['9', [5, 6], [4, -17], 9, 38]
['1', ['SYSIN'], [3], 1, 3]
['2', ['SYSIN'], [0], 2, -1]
['3', ['SYSIN'], [4], 3, 14]
['4', ['SYSIN'], [0], 4, 9]
['5', [1, 2], [3, -1], 5, 10]
['6', [2, 3], [-1, 14], 6, -55]
['7', [3, 4], [14, 9], 7, 81]
['8', [1], [3], 8, 7]
['9', [5, 6], [10, -55], 9, 106]
['1', ['SYSIN'], [3], 1, 3]
['2', ['SYSIN'], [6], 2, 11]
['3', ['SYSIN'], [2], 3, 8]
['4', ['SYSIN'], [0], 4, 9]
['5', [1, 2], [3, 11], 5, -2]
['6', [2, 3], [11, 8], 6, -19]
['7', [3, 4], [8, 9], 7, 57]
['8', [1], [3], 8, 7]
['9', [5, 6], [-2, -19], 9, 10]
['1', ['SYSIN'], [3], 1, 3]
['2', ['SYSIN'], [9], 2, 17]
['3', ['SYSIN'], [8], 3, 26]
['4', ['SYSIN'], [3], 4, 12]
['5', [1, 2], [3, 17], 5, -8]
['6', [2, 3], [17, 26], 6, -85]
['7', [3, 4], [26, 12], 7, 138]
['8', [1], [3], 8, 7]
['9', [5, 6], [-8, -85], 9, 46]
['1', ['SYSIN'], [9], 1, 9]
['2', ['SYSIN'], [0], 2, -1]
['3', ['SYSIN'], [4], 3, 14]
['4', ['SYSIN'], [3], 4, 12]
['5', [1, 2], [9, -1], 5, 22]
['6', [2, 3], [-1, 14], 6, -55]
['7', [3, 4], [14, 12], 7, 90]
['8', [1], [9], 8, 25]
['9', [5, 6], [22, -55], 9, 166]
['1', ['SYSIN'], [1], 1, 1]
['2', ['SYSIN'], [3], 2, 5]
['3', ['SYSIN'], [1], 3, 5]
['4', ['SYSIN'], [1], 4, 10]
['5', [1, 2], [1, 5], 5, 0]
['6', [2, 3], [5, 5], 6, -13]
['7', [3, 4], [5, 10], 7, 48]
['8', [1], [1], 8, 1]
['9', [5, 6], [0, -13], 9, 14]
['1', ['SYSIN'], [2], 1, 2]
['2', ['SYSIN'], [5], 2, 9]
['3', ['SYSIN'], [0], 3, 2]
['4', ['SYSIN'], [0], 4, 9]
['5', [1, 2], [2, 9], 5, -2]
['6', [2, 3], [9, 2], 6, 3]
['7', [3, 4], [2, 9], 7, 33]
['8', [1], [2], 8, 4]
['9', [5, 6], [-2, 3], 9, -12]
['1', ['SYSIN'], [7], 1, 7]
['2', ['SYSIN'], [4], 2, 7]
['3', ['SYSIN'], [1], 3, 5]
['4', ['SYSIN'], [7], 4, 16]
['5', [1, 2], [7, 7], 5, 10]
['6', [2, 3], [7, 5], 6, -11]
['7', [3, 4], [5, 16], 7, 66]
['8', [1], [7], 8, 19]
['9', [5, 6], [10, -11], 9, 62]
['1', ['SYSIN'], [0], 1, 0]
['2', ['SYSIN'], [0], 2, -1]
['3', ['SYSIN'], [7], 3, 23]
['4', ['SYSIN'], [9], 4, 18]
['5', [1, 2], [0, -1], 5, 4]
['6', [2, 3], [-1, 23], 6, -91]
['7', [3, 4], [23, 18], 7, 144]
['8', [1], [0], 8, -2]
['9', [5, 6], [4, -91], 9, 112]
['1', ['SYSIN'], [0], 1, 0]
['2', ['SYSIN'], [4], 2, 7]
['3', ['SYSIN'], [9], 3, 29]
['4', ['SYSIN'], [8], 4, 17]
['5', [1, 2], [0, 7], 5, -4]
['6', [2, 3], [7, 29], 6, -107]
['7', [3, 4], [29, 17], 7, 165]
['8', [1], [0], 8, -2]
['9', [5, 6], [-4, -107], 9, 88]
['1', ['SYSIN'], [1], 1, 1]
['2', ['SYSIN'], [3], 2, 5]
['3', ['SYSIN'], [9], 3, 29]
['4', ['SYSIN'], [0], 4, 9]
['5', [1, 2], [1, 5], 5, 0]
['6', [2, 3], [5, 29], 6, -109]
['7', [3, 4], [29, 9], 7, 141]
['8', [1], [1], 8, 1]
['9', [5, 6], [0, -109], 9, 110]
['1', ['SYSIN'], [4], 1, 4]
['2', ['SYSIN'], [8], 2, 15]
['3', ['SYSIN'], [1], 3, 5]
['4', ['SYSIN'], [0], 4, 9]
['5', [1, 2], [4, 15], 5, -4]
['6', [2, 3], [15, 5], 6, -3]
['7', [3, 4], [5, 9], 7, 45]
['8', [1], [4], 8, 10]
['9', [5, 6], [-4, -3], 9, -16]
['1', ['SYSIN'], [5], 1, 5]
['2', ['SYSIN'], [8], 2, 15]
['3', ['SYSIN'], [2], 3, 8]
['4', ['SYSIN'], [6], 4, 15]
['5', [1, 2], [5, 15], 5, -2]
['6', [2, 3], [15, 8], 6, -15]
['7', [3, 4], [8, 15], 7, 75]
['8', [1], [5], 8, 13]
['9', [5, 6], [-2, -15], 9, 6]
['1', ['SYSIN'], [5], 1, 5]
['2', ['SYSIN'], [2], 2, 3]
['3', ['SYSIN'], [0], 3, 2]
['4', ['SYSIN'], [0], 4, 9]
['5', [1, 2], [5, 3], 5, 10]
['6', [2, 3], [3, 2], 6, -3]
['7', [3, 4], [2, 9], 7, 33]
['8', [1], [5], 8, 13]
['9', [5, 6], [10, -3], 9, 54]
['1', ['SYSIN'], [1], 1, 1]
['2', ['SYSIN'], [8], 2, 15]
['3', ['SYSIN'], [9], 3, 29]
['4', ['SYSIN'], [4], 4, 13]
['5', [1, 2], [1, 15], 5, -10]
['6', [2, 3], [15, 29], 6, -99]
['7', [3, 4], [29, 13], 7, 153]
['8', [1], [1], 8, 1]
['9', [5, 6], [-10, -99], 9, 50]
['1', ['SYSIN'], [4], 1, 4]
['2', ['SYSIN'], [9], 2, 17]
['3', ['SYSIN'], [5], 3, 17]
['4', ['SYSIN'], [7], 4, 16]
['5', [1, 2], [4, 17], 5, -6]
['6', [2, 3], [17, 17], 6, -49]
['7', [3, 4], [17, 16], 7, 114]
['8', [1], [4], 8, 10]
['9', [5, 6], [-6, -49], 9, 20]
['1', ['SYSIN'], [8], 1, 8]
['2', ['SYSIN'], [3], 2, 5]
['3', ['SYSIN'], [5], 3, 17]
['4', ['SYSIN'], [8], 4, 17]
['5', [1, 2], [8, 5], 5, 14]
['6', [2, 3], [5, 17], 6, -61]
['7', [3, 4], [17, 17], 7, 117]
['8', [1], [8], 8, 22]
['9', [5, 6], [14, -61], 9, 132]
['1', ['SYSIN'], [7], 1, 7]
['2', ['SYSIN'], [9], 2, 17]
['3', ['SYSIN'], [1], 3, 5]
['4', ['SYSIN'], [9], 4, 18]
['5', [1, 2], [7, 17], 5, 0]
['6', [2, 3], [17, 5], 6, -1]
['7', [3, 4], [5, 18], 7, 72]
['8', [1], [7], 8, 19]
['9', [5, 6], [0, -1], 9, 2]
['1', ['SYSIN'], [4], 1, 4]
['2', ['SYSIN'], [0], 2, -1]
['3', ['SYSIN'], [0], 3, 2]
['4', ['SYSIN'], [9], 4, 18]
['5', [1, 2], [4, -1], 5, 12]
['6', [2, 3], [-1, 2], 6, -7]
['7', [3, 4], [2, 18], 7, 60]
['8', [1], [4], 8, 10]
['9', [5, 6], [12, -7], 9, 68]
['1', ['SYSIN'], [5], 1, 5]
['2', ['SYSIN'], [7], 2, 13]
['3', ['SYSIN'], [0], 3, 2]
['4', ['SYSIN'], [5], 4, 14]
['5', [1, 2], [5, 13], 5, 0]
['6', [2, 3], [13, 2], 6, 7]
['7', [3, 4], [2, 14], 7, 48]
['8', [1], [5], 8, 13]
['9', [5, 6], [0, 7], 9, -6]
['1', ['SYSIN'], [3], 1, 3]
['2', ['SYSIN'], [7], 2, 13]
['3', ['SYSIN'], [8], 3, 26]
['4', ['SYSIN'], [8], 4, 17]
['5', [1, 2], [3, 13], 5, -4]
['6', [2, 3], [13, 26], 6, -89]
['7', [3, 4], [26, 17], 7, 153]
['8', [1], [3], 8, 7]
['9', [5, 6], [-4, -89], 9, 70]
['1', ['SYSIN'], [6], 1, 6]
['2', ['SYSIN'], [6], 2, 11]
['3', ['SYSIN'], [4], 3, 14]
['4', ['SYSIN'], [7], 4, 16]
['5', [1, 2], [6, 11], 5, 4]
['6', [2, 3], [11, 14], 6, -43]
['7', [3, 4], [14, 16], 7, 102]
['8', [1], [6], 8, 16]
['9', [5, 6], [4, -43], 9, 64]
['1', ['SYSIN'], [0], 1, 0]
['2', ['SYSIN'], [0], 2, -1]
['3', ['SYSIN'], [9], 3, 29]
['4', ['SYSIN'], [7], 4, 16]
['5', [1, 2], [0, -1], 5, 4]
['6', [2, 3], [-1, 29], 6, -115]
['7', [3, 4], [29, 16], 7, 162]
['8', [1], [0], 8, -2]
['9', [5, 6], [4, -115], 9, 136]
['1', ['SYSIN'], [9], 1, 9]
['2', ['SYSIN'], [3], 2, 5]
['3', ['SYSIN'], [3], 3, 11]
['4', ['SYSIN'], [9], 4, 18]
['5', [1, 2], [9, 5], 5, 16]
['6', [2, 3], [5, 11], 6, -37]
['7', [3, 4], [11, 18], 7, 96]
['8', [1], [9], 8, 25]
['9', [5, 6], [16, -37], 9, 118]
['1', ['SYSIN'], [5], 1, 5]
['2', ['SYSIN'], [4], 2, 7]
['3', ['SYSIN'], [8], 3, 26]
['4', ['SYSIN'], [1], 4, 10]
['5', [1, 2], [5, 7], 5, 6]
['6', [2, 3], [7, 26], 6, -95]
['7', [3, 4], [26, 10], 7, 132]
['8', [1], [5], 8, 13]
['9', [5, 6], [6, -95], 9, 126]
['1', ['SYSIN'], [4], 1, 4]
['2', ['SYSIN'], [9], 2, 17]
['3', ['SYSIN'], [5], 3, 17]
['4', ['SYSIN'], [2], 4, 11]
['5', [1, 2], [4, 17], 5, -6]
['6', [2, 3], [17, 17], 6, -49]
['7', [3, 4], [17, 11], 7, 99]
['8', [1], [4], 8, 10]
['9', [5, 6], [-6, -49], 9, 20]
['1', ['SYSIN'], [4], 1, 4]
['2', ['SYSIN'], [0], 2, -1]
['3', ['SYSIN'], [7], 3, 23]
['4', ['SYSIN'], [5], 4, 14]
['5', [1, 2], [4, -1], 5, 12]
['6', [2, 3], [-1, 23], 6, -91]
['7', [3, 4], [23, 14], 7, 132]
['8', [1], [4], 8, 10]
['9', [5, 6], [12, -91], 9, 152]
['1', ['SYSIN'], [7], 1, 7]
['2', ['SYSIN'], [9], 2, 17]
['3', ['SYSIN'], [6], 3, 20]
['4', ['SYSIN'], [3], 4, 12]
['5', [1, 2], [7, 17], 5, 0]
['6', [2, 3], [17, 20], 6, -61]
['7', [3, 4], [20, 12], 7, 114]
['8', [1], [7], 8, 19]
['9', [5, 6], [0, -61], 9, 62]
['1', ['SYSIN'], [3], 1, 3]
['2', ['SYSIN'], [3], 2, 5]
['3', ['SYSIN'], [0], 3, 2]
['4', ['SYSIN'], [3], 4, 12]
['5', [1, 2], [3, 5], 5, 4]
['6', [2, 3], [5, 2], 6, -1]
['7', [3, 4], [2, 12], 7, 42]
['8', [1], [3], 8, 7]
['9', [5, 6], [4, -1], 9, 22]
['1', ['SYSIN'], [6], 1, 6]
['2', ['SYSIN'], [6], 2, 11]
['3', ['SYSIN'], [8], 3, 26]
['4', ['SYSIN'], [2], 4, 11]
['5', [1, 2], [6, 11], 5, 4]
['6', [2, 3], [11, 26], 6, -91]
['7', [3, 4], [26, 11], 7, 135]
['8', [1], [6], 8, 16]
['9', [5, 6], [4, -91], 9, 112]
['1', ['SYSIN'], [7], 1, 7]
['2', ['SYSIN'], [6], 2, 11]
['3', ['SYSIN'], [2], 3, 8]
['4', ['SYSIN'], [2], 4, 11]
['5', [1, 2], [7, 11], 5, 6]
['6', [2, 3], [11, 8], 6, -19]
['7', [3, 4], [8, 11], 7, 63]
['8', [1], [7], 8, 19]
['9', [5, 6], [6, -19], 9, 50]
['1', ['SYSIN'], [4], 1, 4]
['2', ['SYSIN'], [6], 2, 11]
['3', ['SYSIN'], [7], 3, 23]
['4', ['SYSIN'], [0], 4, 9]
['5', [1, 2], [4, 11], 5, 0]
['6', [2, 3], [11, 23], 6, -79]
['7', [3, 4], [23, 9], 7, 117]
['8', [1], [4], 8, 10]
['9', [5, 6], [0, -79], 9, 80]
['1', ['SYSIN'], [3], 1, 3]
['2', ['SYSIN'], [8], 2, 15]
['3', ['SYSIN'], [4], 3, 14]
['4', ['SYSIN'], [4], 4, 13]
['5', [1, 2], [3, 15], 5, -6]
['6', [2, 3], [15, 14], 6, -39]
['7', [3, 4], [14, 13], 7, 93]
['8', [1], [3], 8, 7]
['9', [5, 6], [-6, -39], 9, 10]
['1', ['SYSIN'], [0], 1, 0]
['2', ['SYSIN'], [5], 2, 9]
['3', ['SYSIN'], [5], 3, 17]
['4', ['SYSIN'], [1], 4, 10]
['5', [1, 2], [0, 9], 5, -6]
['6', [2, 3], [9, 17], 6, -57]
['7', [3, 4], [17, 10], 7, 96]
['8', [1], [0], 8, -2]
['9', [5, 6], [-6, -57], 9, 28]
['1', ['SYSIN'], [9], 1, 9]
['2', ['SYSIN'], [8], 2, 15]
['3', ['SYSIN'], [4], 3, 14]
['4', ['SYSIN'], [9], 4, 18]
['5', [1, 2], [9, 15], 5, 6]
['6', [2, 3], [15, 14], 6, -39]
['7', [3, 4], [14, 18], 7, 108]
['8', [1], [9], 8, 25]
['9', [5, 6], [6, -39], 9, 70]
['1', ['SYSIN'], [5], 1, 5]
['2', ['SYSIN'], [7], 2, 13]
['3', ['SYSIN'], [2], 3, 8]
['4', ['SYSIN'], [2], 4, 11]
['5', [1, 2], [5, 13], 5, 0]
['6', [2, 3], [13, 8], 6, -17]
['7', [3, 4], [8, 11], 7, 63]
['8', [1], [5], 8, 13]
['9', [5, 6], [0, -17], 9, 18]
['1', ['SYSIN'], [3], 1, 3]
['2', ['SYSIN'], [5], 2, 9]
['3', ['SYSIN'], [1], 3, 5]
['4', ['SYSIN'], [6], 4, 15]
['5', [1, 2], [3, 9], 5, 0]
['6', [2, 3], [9, 5], 6, -9]
['7', [3, 4], [5, 15], 7, 63]
['8', [1], [3], 8, 7]
['9', [5, 6], [0, -9], 9, 10]
['1', ['SYSIN'], [3], 1, 3]
['2', ['SYSIN'], [0], 2, -1]
['3', ['SYSIN'], [4], 3, 14]
['4', ['SYSIN'], [9], 4, 18]
['5', [1, 2], [3, -1], 5, 10]
['6', [2, 3], [-1, 14], 6, -55]
['7', [3, 4], [14, 18], 7, 108]
['8', [1], [3], 8, 7]
['9', [5, 6], [10, -55], 9, 106]
['1', ['SYSIN'], [9], 1, 9]
['2', ['SYSIN'], [9], 2, 17]
['3', ['SYSIN'], [1], 3, 5]
['4', ['SYSIN'], [8], 4, 17]
['5', [1, 2], [9, 17], 5, 4]
['6', [2, 3], [17, 5], 6, -1]
['7', [3, 4], [5, 17], 7, 69]
['8', [1], [9], 8, 25]
['9', [5, 6], [4, -1], 9, 22]
['1', ['SYSIN'], [1], 1, 1]
['2', ['SYSIN'], [7], 2, 13]
['3', ['SYSIN'], [4], 3, 14]
['4', ['SYSIN'], [5], 4, 14]
['5', [1, 2], [1, 13], 5, -8]
['6', [2, 3], [13, 14], 6, -41]
['7', [3, 4], [14, 14], 7, 96]
['8', [1], [1], 8, 1]
['9', [5, 6], [-8, -41], 9, 2]
['1', ['SYSIN'], [3], 1, 3]
['2', ['SYSIN'], [0], 2, -1]
['3', ['SYSIN'], [4], 3, 14]
['4', ['SYSIN'], [6], 4, 15]
['5', [1, 2], [3, -1], 5, 10]
['6', [2, 3], [-1, 14], 6, -55]
['7', [3, 4], [14, 15], 7, 99]
['8', [1], [3], 8, 7]
['9', [5, 6], [10, -55], 9, 106]
['1', ['SYSIN'], [7], 1, 7]
['2', ['SYSIN'], [6], 2, 11]
['3', ['SYSIN'], [3], 3, 11]
['4', ['SYSIN'], [2], 4, 11]
['5', [1, 2], [7, 11], 5, 6]
['6', [2, 3], [11, 11], 6, -31]
['7', [3, 4], [11, 11], 7, 75]
['8', [1], [7], 8, 19]
['9', [5, 6], [6, -31], 9, 62]
['1', ['SYSIN'], [9], 1, 9]
['2', ['SYSIN'], [5], 2, 9]
['3', ['SYSIN'], [7], 3, 23]
['4', ['SYSIN'], [4], 4, 13]
['5', [1, 2], [9, 9], 5, 12]
['6', [2, 3], [9, 23], 6, -81]
['7', [3, 4], [23, 13], 7, 129]
['8', [1], [9], 8, 25]
['9', [5, 6], [12, -81], 9, 142]
['1', ['SYSIN'], [6], 1, 6]
['2', ['SYSIN'], [7], 2, 13]
['3', ['SYSIN'], [9], 3, 29]
['4', ['SYSIN'], [1], 4, 10]
['5', [1, 2], [6, 13], 5, 2]
['6', [2, 3], [13, 29], 6, -101]
['7', [3, 4], [29, 10], 7, 144]
['8', [1], [6], 8, 16]
['9', [5, 6], [2, -101], 9, 112]
['1', ['SYSIN'], [9], 1, 9]
['2', ['SYSIN'], [4], 2, 7]
['3', ['SYSIN'], [0], 3, 2]
['4', ['SYSIN'], [0], 4, 9]
['5', [1, 2], [9, 7], 5, 14]
['6', [2, 3], [7, 2], 6, 1]
['7', [3, 4], [2, 9], 7, 33]
['8', [1], [9], 8, 25]
['9', [5, 6], [14, 1], 9, 70]
['1', ['SYSIN'], [3], 1, 3]
['2', ['SYSIN'], [9], 2, 17]
['3', ['SYSIN'], [9], 3, 29]
['4', ['SYSIN'], [7], 4, 16]
['5', [1, 2], [3, 17], 5, -8]
['6', [2, 3], [17, 29], 6, -97]
['7', [3, 4], [29, 16], 7, 162]
['8', [1], [3], 8, 7]
['9', [5, 6], [-8, -97], 9, 58]
['1', ['SYSIN'], [4], 1, 4]
['2', ['SYSIN'], [0], 2, -1]
['3', ['SYSIN'], [6], 3, 20]
['4', ['SYSIN'], [4], 4, 13]
['5', [1, 2], [4, -1], 5, 12]
['6', [2, 3], [-1, 20], 6, -79]
['7', [3, 4], [20, 13], 7, 117]
['8', [1], [4], 8, 10]
['9', [5, 6], [12, -79], 9, 140]
['1', ['SYSIN'], [0], 1, 0]
['2', ['SYSIN'], [1], 2, 1]
['3', ['SYSIN'], [1], 3, 5]
['4', ['SYSIN'], [0], 4, 9]
['5', [1, 2], [0, 1], 5, 2]
['6', [2, 3], [1, 5], 6, -17]
['7', [3, 4], [5, 9], 7, 45]
['8', [1], [0], 8, -2]
['9', [5, 6], [2, -17], 9, 28]
['1', ['SYSIN'], [6], 1, 6]
['2', ['SYSIN'], [3], 2, 5]
['3', ['SYSIN'], [6], 3, 20]
['4', ['SYSIN'], [6], 4, 15]
['5', [1, 2], [6, 5], 5, 10]
['6', [2, 3], [5, 20], 6, -73]
['7', [3, 4], [20, 15], 7, 123]
['8', [1], [6], 8, 16]
['9', [5, 6], [10, -73], 9, 124]
['1', ['SYSIN'], [2], 1, 2]
['2', ['SYSIN'], [9], 2, 17]
['3', ['SYSIN'], [4], 3, 14]
['4', ['SYSIN'], [9], 4, 18]
['5', [1, 2], [2, 17], 5, -10]
['6', [2, 3], [17, 14], 6, -37]
['7', [3, 4], [14, 18], 7, 108]
['8', [1], [2], 8, 4]
['9', [5, 6], [-10, -37], 9, -12]
['1', ['SYSIN'], [2], 1, 2]
['2', ['SYSIN'], [8], 2, 15]
['3', ['SYSIN'], [3], 3, 11]
['4', ['SYSIN'], [7], 4, 16]
['5', [1, 2], [2, 15], 5, -8]
['6', [2, 3], [15, 11], 6, -27]
['7', [3, 4], [11, 16], 7, 90]
['8', [1], [2], 8, 4]
['9', [5, 6], [-8, -27], 9, -12]
['1', ['SYSIN'], [5], 1, 5]
['2', ['SYSIN'], [4], 2, 7]
['3', ['SYSIN'], [1], 3, 5]
['4', ['SYSIN'], [2], 4, 11]
['5', [1, 2], [5, 7], 5, 6]
['6', [2, 3], [7, 5], 6, -11]
['7', [3, 4], [5, 11], 7, 51]
['8', [1], [5], 8, 13]
['9', [5, 6], [6, -11], 9, 42]
['1', ['SYSIN'], [3], 1, 3]
['2', ['SYSIN'], [8], 2, 15]
['3', ['SYSIN'], [9], 3, 29]
['4', ['SYSIN'], [3], 4, 12]
['5', [1, 2], [3, 15], 5, -6]
['6', [2, 3], [15, 29], 6, -99]
['7', [3, 4], [29, 12], 7, 150]
['8', [1], [3], 8, 7]
['9', [5, 6], [-6, -99], 9, 70]
['1', ['SYSIN'], [9], 1, 9]
['2', ['SYSIN'], [4], 2, 7]
['3', ['SYSIN'], [2], 3, 8]
['4', ['SYSIN'], [4], 4, 13]
['5', [1, 2], [9, 7], 5, 14]
['6', [2, 3], [7, 8], 6, -23]
['7', [3, 4], [8, 13], 7, 69]
['8', [1], [9], 8, 25]
['9', [5, 6], [14, -23], 9, 94]
['1', ['SYSIN'], [0], 1, 0]
['2', ['SYSIN'], [6], 2, 11]
['3', ['SYSIN'], [5], 3, 17]
['4', ['SYSIN'], [3], 4, 12]
['5', [1, 2], [0, 11], 5, -8]
['6', [2, 3], [11, 17], 6, -55]
['7', [3, 4], [17, 12], 7, 102]
['8', [1], [0], 8, -2]
['9', [5, 6], [-8, -55], 9, 16]
['1', ['SYSIN'], [1], 1, 1]
['2', ['SYSIN'], [8], 2, 15]
['3', ['SYSIN'], [2], 3, 8]
['4', ['SYSIN'], [0], 4, 9]
['5', [1, 2], [1, 15], 5, -10]
['6', [2, 3], [15, 8], 6, -15]
['7', [3, 4], [8, 9], 7, 57]
['8', [1], [1], 8, 1]
['9', [5, 6], [-10, -15], 9, -34]
['1', ['SYSIN'], [3], 1, 3]
['2', ['SYSIN'], [8], 2, 15]
['3', ['SYSIN'], [0], 3, 2]
['4', ['SYSIN'], [5], 4, 14]
['5', [1, 2], [3, 15], 5, -6]
['6', [2, 3], [15, 2], 6, 9]
['7', [3, 4], [2, 14], 7, 48]
['8', [1], [3], 8, 7]
['9', [5, 6], [-6, 9], 9, -38]
['1', ['SYSIN'], [1], 1, 1]
['2', ['SYSIN'], [2], 2, 3]
['3', ['SYSIN'], [5], 3, 17]
['4', ['SYSIN'], [2], 4, 11]
['5', [1, 2], [1, 3], 5, 2]
['6', [2, 3], [3, 17], 6, -63]
['7', [3, 4], [17, 11], 7, 99]
['8', [1], [1], 8, 1]
['9', [5, 6], [2, -63], 9, 74]
['1', ['SYSIN'], [1], 1, 1]
['2', ['SYSIN'], [2], 2, 3]
['3', ['SYSIN'], [5], 3, 17]
['4', ['SYSIN'], [8], 4, 17]
['5', [1, 2], [1, 3], 5, 2]
['6', [2, 3], [3, 17], 6, -63]
['7', [3, 4], [17, 17], 7, 117]
['8', [1], [1], 8, 1]
['9', [5, 6], [2, -63], 9, 74]
['1', ['SYSIN'], [3], 1, 3]
['2', ['SYSIN'], [7], 2, 13]
['3', ['SYSIN'], [4], 3, 14]
['4', ['SYSIN'], [1], 4, 10]
['5', [1, 2], [3, 13], 5, -4]
['6', [2, 3], [13, 14], 6, -41]
['7', [3, 4], [14, 10], 7, 84]
['8', [1], [3], 8, 7]
['9', [5, 6], [-4, -41], 9, 22]
['1', ['SYSIN'], [1], 1, 1]
['2', ['SYSIN'], [3], 2, 5]
['3', ['SYSIN'], [8], 3, 26]
['4', ['SYSIN'], [8], 4, 17]
['5', [1, 2], [1, 5], 5, 0]
['6', [2, 3], [5, 26], 6, -97]
['7', [3, 4], [26, 17], 7, 153]
['8', [1], [1], 8, 1]
['9', [5, 6], [0, -97], 9, 98]
['1', ['SYSIN'], [6], 1, 6]
['2', ['SYSIN'], [8], 2, 15]
['3', ['SYSIN'], [9], 3, 29]
['4', ['SYSIN'], [7], 4, 16]
['5', [1, 2], [6, 15], 5, 0]
['6', [2, 3], [15, 29], 6, -99]
['7', [3, 4], [29, 16], 7, 162]
['8', [1], [6], 8, 16]
['9', [5, 6], [0, -99], 9, 100]
['1', ['SYSIN'], [0], 1, 0]
['2', ['SYSIN'], [8], 2, 15]
['3', ['SYSIN'], [2], 3, 8]
['4', ['SYSIN'], [1], 4, 10]
['5', [1, 2], [0, 15], 5, -12]
['6', [2, 3], [15, 8], 6, -15]
['7', [3, 4], [8, 10], 7, 60]
['8', [1], [0], 8, -2]
['9', [5, 6], [-12, -15], 9, -44]
['1', ['SYSIN'], [0], 1, 0]
['2', ['SYSIN'], [2], 2, 3]
['3', ['SYSIN'], [9], 3, 29]
['4', ['SYSIN'], [7], 4, 16]
['5', [1, 2], [0, 3], 5, 0]
['6', [2, 3], [3, 29], 6, -111]
['7', [3, 4], [29, 16], 7, 162]
['8', [1], [0], 8, -2]
['9', [5, 6], [0, -111], 9, 112]
['1', ['SYSIN'], [9], 1, 9]
['2', ['SYSIN'], [8], 2, 15]
['3', ['SYSIN'], [2], 3, 8]
['4', ['SYSIN'], [5], 4, 14]
['5', [1, 2], [9, 15], 5, 6]
['6', [2, 3], [15, 8], 6, -15]
['7', [3, 4], [8, 14], 7, 72]
['8', [1], [9], 8, 25]
['9', [5, 6], [6, -15], 9, 46]
['1', ['SYSIN'], [0], 1, 0]
['2', ['SYSIN'], [4], 2, 7]
['3', ['SYSIN'], [8], 3, 26]
['4', ['SYSIN'], [9], 4, 18]
['5', [1, 2], [0, 7], 5, -4]
['6', [2, 3], [7, 26], 6, -95]
['7', [3, 4], [26, 18], 7, 156]
['8', [1], [0], 8, -2]
['9', [5, 6], [-4, -95], 9, 76]
['1', ['SYSIN'], [7], 1, 7]
['2', ['SYSIN'], [8], 2, 15]
['3', ['SYSIN'], [9], 3, 29]
['4', ['SYSIN'], [2], 4, 11]
['5', [1, 2], [7, 15], 5, 2]
['6', [2, 3], [15, 29], 6, -99]
['7', [3, 4], [29, 11], 7, 147]
['8', [1], [7], 8, 19]
['9', [5, 6], [2, -99], 9, 110]
['1', ['SYSIN'], [0], 1, 0]
['2', ['SYSIN'], [7], 2, 13]
['3', ['SYSIN'], [1], 3, 5]
['4', ['SYSIN'], [8], 4, 17]
['5', [1, 2], [0, 13], 5, -10]
['6', [2, 3], [13, 5], 6, -5]
['7', [3, 4], [5, 17], 7, 69]
['8', [1], [0], 8, -2]
['9', [5, 6], [-10, -5], 9, -44]
['1', ['SYSIN'], [7], 1, 7]
['2', ['SYSIN'], [1], 2, 1]
['3', ['SYSIN'], [0], 3, 2]
['4', ['SYSIN'], [8], 4, 17]
['5', [1, 2], [7, 1], 5, 16]
['6', [2, 3], [1, 2], 6, -5]
['7', [3, 4], [2, 17], 7, 57]
['8', [1], [7], 8, 19]
['9', [5, 6], [16, -5], 9, 86]
['1', ['SYSIN'], [1], 1, 1]
['2', ['SYSIN'], [1], 2, 1]
['3', ['SYSIN'], [2], 3, 8]
['4', ['SYSIN'], [3], 4, 12]
['5', [1, 2], [1, 1], 5, 4]
['6', [2, 3], [1, 8], 6, -29]
['7', [3, 4], [8, 12], 7, 66]
['8', [1], [1], 8, 1]
['9', [5, 6], [4, -29], 9, 50]
['1', ['SYSIN'], [9], 1, 9]
['2', ['SYSIN'], [3], 2, 5]
['3', ['SYSIN'], [2], 3, 8]
['4', ['SYSIN'], [0], 4, 9]
['5', [1, 2], [9, 5], 5, 16]
['6', [2, 3], [5, 8], 6, -25]
['7', [3, 4], [8, 9], 7, 57]
['8', [1], [9], 8, 25]
['9', [5, 6], [16, -25], 9, 106]
['1', ['SYSIN'], [3], 1, 3]
['2', ['SYSIN'], [8], 2, 15]
['3', ['SYSIN'], [1], 3, 5]
['4', ['SYSIN'], [3], 4, 12]
['5', [1, 2], [3, 15], 5, -6]
['6', [2, 3], [15, 5], 6, -3]
['7', [3, 4], [5, 12], 7, 54]
['8', [1], [3], 8, 7]
['9', [5, 6], [-6, -3], 9, -26]
['1', ['SYSIN'], [3], 1, 3]
['2', ['SYSIN'], [9], 2, 17]
['3', ['SYSIN'], [4], 3, 14]
['4', ['SYSIN'], [5], 4, 14]
['5', [1, 2], [3, 17], 5, -8]
['6', [2, 3], [17, 14], 6, -37]
['7', [3, 4], [14, 14], 7, 96]
['8', [1], [3], 8, 7]
['9', [5, 6], [-8, -37], 9, -2]
['1', ['SYSIN'], [6], 1, 6]
['2', ['SYSIN'], [2], 2, 3]
['3', ['SYSIN'], [1], 3, 5]
['4', ['SYSIN'], [0], 4, 9]
['5', [1, 2], [6, 3], 5, 12]
['6', [2, 3], [3, 5], 6, -15]
['7', [3, 4], [5, 9], 7, 45]
['8', [1], [6], 8, 16]
['9', [5, 6], [12, -15], 9, 76]
['1', ['SYSIN'], [8], 1, 8]
['2', ['SYSIN'], [0], 2, -1]
['3', ['SYSIN'], [2], 3, 8]
['4', ['SYSIN'], [5], 4, 14]
['5', [1, 2], [8, -1], 5, 20]
['6', [2, 3], [-1, 8], 6, -31]
['7', [3, 4], [8, 14], 7, 72]
['8', [1], [8], 8, 22]
['9', [5, 6], [20, -31], 9, 132]
['1', ['SYSIN'], [9], 1, 9]
['2', ['SYSIN'], [9], 2, 17]
['3', ['SYSIN'], [4], 3, 14]
['4', ['SYSIN'], [3], 4, 12]
['5', [1, 2], [9, 17], 5, 4]
['6', [2, 3], [17, 14], 6, -37]
['7', [3, 4], [14, 12], 7, 90]
['8', [1], [9], 8, 25]
['9', [5, 6], [4, -37], 9, 58]
['1', ['SYSIN'], [5], 1, 5]
['2', ['SYSIN'], [7], 2, 13]
['3', ['SYSIN'], [4], 3, 14]
['4', ['SYSIN'], [1], 4, 10]
['5', [1, 2], [5, 13], 5, 0]
['6', [2, 3], [13, 14], 6, -41]
['7', [3, 4], [14, 10], 7, 84]
['8', [1], [5], 8, 13]
['9', [5, 6], [0, -41], 9, 42]
['1', ['SYSIN'], [3], 1, 3]
['2', ['SYSIN'], [5], 2, 9]
['3', ['SYSIN'], [7], 3, 23]
['4', ['SYSIN'], [6], 4, 15]
['5', [1, 2], [3, 9], 5, 0]
['6', [2, 3], [9, 23], 6, -81]
['7', [3, 4], [23, 15], 7, 135]
['8', [1], [3], 8, 7]
['9', [5, 6], [0, -81], 9, 82]
['1', ['SYSIN'], [1], 1, 1]
['2', ['SYSIN'], [2], 2, 3]
['3', ['SYSIN'], [1], 3, 5]
['4', ['SYSIN'], [3], 4, 12]
['5', [1, 2], [1, 3], 5, 2]
['6', [2, 3], [3, 5], 6, -15]
['7', [3, 4], [5, 12], 7, 54]
['8', [1], [1], 8, 1]
['9', [5, 6], [2, -15], 9, 26]
['1', ['SYSIN'], [5], 1, 5]
['2', ['SYSIN'], [5], 2, 9]
['3', ['SYSIN'], [6], 3, 20]
['4', ['SYSIN'], [1], 4, 10]
['5', [1, 2], [5, 9], 5, 4]
['6', [2, 3], [9, 20], 6, -69]
['7', [3, 4], [20, 10], 7, 108]
['8', [1], [5], 8, 13]
['9', [5, 6], [4, -69], 9, 90]
['1', ['SYSIN'], [1], 1, 1]
['2', ['SYSIN'], [4], 2, 7]
['3', ['SYSIN'], [0], 3, 2]
['4', ['SYSIN'], [0], 4, 9]
['5', [1, 2], [1, 7], 5, -2]
['6', [2, 3], [7, 2], 6, 1]
['7', [3, 4], [2, 9], 7, 33]
['8', [1], [1], 8, 1]
['9', [5, 6], [-2, 1], 9, -10]
['1', ['SYSIN'], [6], 1, 6]
['2', ['SYSIN'], [8], 2, 15]
['3', ['SYSIN'], [2], 3, 8]
['4', ['SYSIN'], [6], 4, 15]
['5', [1, 2], [6, 15], 5, 0]
['6', [2, 3], [15, 8], 6, -15]
['7', [3, 4], [8, 15], 7, 75]
['8', [1], [6], 8, 16]
['9', [5, 6], [0, -15], 9, 16]
['1', ['SYSIN'], [6], 1, 6]
['2', ['SYSIN'], [7], 2, 13]
['3', ['SYSIN'], [8], 3, 26]
['4', ['SYSIN'], [1], 4, 10]
['5', [1, 2], [6, 13], 5, 2]
['6', [2, 3], [13, 26], 6, -89]
['7', [3, 4], [26, 10], 7, 132]
['8', [1], [6], 8, 16]
['9', [5, 6], [2, -89], 9, 100]
['1', ['SYSIN'], [4], 1, 4]
['2', ['SYSIN'], [8], 2, 15]
['3', ['SYSIN'], [0], 3, 2]
['4', ['SYSIN'], [7], 4, 16]
['5', [1, 2], [4, 15], 5, -4]
['6', [2, 3], [15, 2], 6, 9]
['7', [3, 4], [2, 16], 7, 54]
['8', [1], [4], 8, 10]
['9', [5, 6], [-4, 9], 9, -28]

TotalBuggyObservations:
10

BuggyObservations:
['1', ['SYSIN'], [8], 1, 8]
['2', ['SYSIN'], [8], 2, 32]
['3', ['SYSIN'], [1], 3, 5]
['4', ['SYSIN'], [0], 4, 10]
['5', [1, 2], [8, 32], 5, -13]
['6', [2, 3], [32, 5], 6, 14]
['7', [3, 4], [5, 10], 7, 48]
['8', [1], [8], 8, 47]
['9', [5, 6], [-13, 14], 9, -78]
['1', ['SYSIN'], [0], 1, 0]
['2', ['SYSIN'], [8], 2, 32]
['3', ['SYSIN'], [6], 3, 20]
['4', ['SYSIN'], [1], 4, 12]
['5', [1, 2], [0, 32], 5, -29]
['6', [2, 3], [32, 20], 6, -46]
['7', [3, 4], [20, 12], 7, 114]
['8', [1], [0], 8, -1]
['9', [5, 6], [-29, -46], 9, -98]
['1', ['SYSIN'], [8], 1, 8]
['2', ['SYSIN'], [1], 2, 4]
['3', ['SYSIN'], [5], 3, 17]
['4', ['SYSIN'], [4], 4, 18]
['5', [1, 2], [8, 4], 5, 15]
['6', [2, 3], [4, 17], 6, -62]
['7', [3, 4], [17, 18], 7, 120]
['8', [1], [8], 8, 47]
['9', [5, 6], [15, -62], 9, 138]
['1', ['SYSIN'], [7], 1, 7]
['2', ['SYSIN'], [7], 2, 28]
['3', ['SYSIN'], [9], 3, 29]
['4', ['SYSIN'], [0], 4, 10]
['5', [1, 2], [7, 28], 5, -11]
['6', [2, 3], [28, 29], 6, -86]
['7', [3, 4], [29, 10], 7, 144]
['8', [1], [7], 8, 41]
['9', [5, 6], [-11, -86], 9, 32]
['1', ['SYSIN'], [6], 1, 6]
['2', ['SYSIN'], [1], 2, 4]
['3', ['SYSIN'], [1], 3, 5]
['4', ['SYSIN'], [6], 4, 22]
['5', [1, 2], [6, 4], 5, 11]
['6', [2, 3], [4, 5], 6, -14]
['7', [3, 4], [5, 22], 7, 84]
['8', [1], [6], 8, 35]
['9', [5, 6], [11, -14], 9, 70]
['1', ['SYSIN'], [8], 1, 8]
['2', ['SYSIN'], [0], 2, 0]
['3', ['SYSIN'], [7], 3, 23]
['4', ['SYSIN'], [2], 4, 14]
['5', [1, 2], [8, 0], 5, 19]
['6', [2, 3], [0, 23], 6, -90]
['7', [3, 4], [23, 14], 7, 132]
['8', [1], [8], 8, 47]
['9', [5, 6], [19, -90], 9, 186]
['1', ['SYSIN'], [2], 1, 2]
['2', ['SYSIN'], [9], 2, 36]
['3', ['SYSIN'], [3], 3, 11]
['4', ['SYSIN'], [7], 4, 24]
['5', [1, 2], [2, 36], 5, -29]
['6', [2, 3], [36, 11], 6, -6]
['7', [3, 4], [11, 24], 7, 114]
['8', [1], [2], 8, 11]
['9', [5, 6], [-29, -6], 9, -138]
['1', ['SYSIN'], [9], 1, 9]
['2', ['SYSIN'], [1], 2, 4]
['3', ['SYSIN'], [2], 3, 8]
['4', ['SYSIN'], [0], 4, 10]
['5', [1, 2], [9, 4], 5, 17]
['6', [2, 3], [4, 8], 6, -26]
['7', [3, 4], [8, 10], 7, 60]
['8', [1], [9], 8, 53]
['9', [5, 6], [17, -26], 9, 112]
['1', ['SYSIN'], [9], 1, 9]
['2', ['SYSIN'], [0], 2, 0]
['3', ['SYSIN'], [5], 3, 17]
['4', ['SYSIN'], [4], 4, 18]
['5', [1, 2], [9, 0], 5, 21]
['6', [2, 3], [0, 17], 6, -66]
['7', [3, 4], [17, 18], 7, 120]
['8', [1], [9], 8, 53]
['9', [5, 6], [21, -66], 9, 172]
['1', ['SYSIN'], [7], 1, 7]
['2', ['SYSIN'], [5], 2, 20]
['3', ['SYSIN'], [4], 3, 14]
['4', ['SYSIN'], [2], 4, 14]
['5', [1, 2], [7, 20], 5, -3]
['6', [2, 3], [20, 14], 6, -34]
['7', [3, 4], [14, 14], 7, 96]
['8', [1], [7], 8, 41]
['9', [5, 6], [-3, -34], 9, 20]

BuggyIds
8, 2, 4

MinRange:
0

MaxRange:
9
