Subsystems:
9
8
7
6
5
4
3
2
1

SYSINS:
1, 2, 3, 4

SYSOUTS:
9, 8, 7, 6, 5, 4, 3, 2, 1

TotalRegularObservations:
10

NormalObservations:
['1', ['SYSIN'], [1], 1, 1]
['2', ['SYSIN'], [2], 2, 3]
['3', ['SYSIN'], [3], 3, 11]
['4', ['SYSIN'], [2], 4, 11]
['5', [1, 2], [1, 3], 5, 2]
['6', [2, 3], [3, 11], 6, -39]
['7', [3, 4], [11, 11], 7, 75]
['8', [1], [1], 8, 1]
['9', [5, 6], [2, -39], 9, 50]
['1', ['SYSIN'], [3], 1, 3]
['2', ['SYSIN'], [1], 2, 1]
['3', ['SYSIN'], [2], 3, 8]
['4', ['SYSIN'], [0], 4, 9]
['5', [1, 2], [3, 1], 5, 8]
['6', [2, 3], [1, 8], 6, -29]
['7', [3, 4], [8, 9], 7, 57]
['8', [1], [3], 8, 7]
['9', [5, 6], [8, -29], 9, 70]
['1', ['SYSIN'], [1], 1, 1]
['2', ['SYSIN'], [4], 2, 7]
['3', ['SYSIN'], [2], 3, 8]
['4', ['SYSIN'], [1], 4, 10]
['5', [1, 2], [1, 7], 5, -2]
['6', [2, 3], [7, 8], 6, -23]
['7', [3, 4], [8, 10], 7, 60]
['8', [1], [1], 8, 1]
['9', [5, 6], [-2, -23], 9, 14]
['1', ['SYSIN'], [3], 1, 3]
['2', ['SYSIN'], [4], 2, 7]
['3', ['SYSIN'], [3], 3, 11]
['4', ['SYSIN'], [1], 4, 10]
['5', [1, 2], [3, 7], 5, 2]
['6', [2, 3], [7, 11], 6, -35]
['7', [3, 4], [11, 10], 7, 72]
['8', [1], [3], 8, 7]
['9', [5, 6], [2, -35], 9, 46]
['1', ['SYSIN'], [2], 1, 2]
['2', ['SYSIN'], [2], 2, 3]
['3', ['SYSIN'], [2], 3, 8]
['4', ['SYSIN'], [2], 4, 11]
['5', [1, 2], [2, 3], 5, 4]
['6', [2, 3], [3, 8], 6, -27]
['7', [3, 4], [8, 11], 7, 63]
['8', [1], [2], 8, 4]
['9', [5, 6], [4, -27], 9, 48]
['1', ['SYSIN'], [2], 1, 2]
['2', ['SYSIN'], [1], 2, 1]
['3', ['SYSIN'], [0], 3, 2]
['4', ['SYSIN'], [0], 4, 9]
['5', [1, 2], [2, 1], 5, 6]
['6', [2, 3], [1, 2], 6, -5]
['7', [3, 4], [2, 9], 7, 33]
['8', [1], [2], 8, 4]
['9', [5, 6], [6, -5], 9, 36]
['1', ['SYSIN'], [3], 1, 3]
['2', ['SYSIN'], [2], 2, 3]
['3', ['SYSIN'], [2], 3, 8]
['4', ['SYSIN'], [4], 4, 13]
['5', [1, 2], [3, 3], 5, 6]
['6', [2, 3], [3, 8], 6, -27]
['7', [3, 4], [8, 13], 7, 69]
['8', [1], [3], 8, 7]
['9', [5, 6], [6, -27], 9, 58]
['1', ['SYSIN'], [4], 1, 4]
['2', ['SYSIN'], [2], 2, 3]
['3', ['SYSIN'], [1], 3, 5]
['4', ['SYSIN'], [1], 4, 10]
['5', [1, 2], [4, 3], 5, 8]
['6', [2, 3], [3, 5], 6, -15]
['7', [3, 4], [5, 10], 7, 48]
['8', [1], [4], 8, 10]
['9', [5, 6], [8, -15], 9, 56]
['1', ['SYSIN'], [3], 1, 3]
['2', ['SYSIN'], [1], 2, 1]
['3', ['SYSIN'], [3], 3, 11]
['4', ['SYSIN'], [4], 4, 13]
['5', [1, 2], [3, 1], 5, 8]
['6', [2, 3], [1, 11], 6, -41]
['7', [3, 4], [11, 13], 7, 81]
['8', [1], [3], 8, 7]
['9', [5, 6], [8, -41], 9, 82]
['1', ['SYSIN'], [3], 1, 3]
['2', ['SYSIN'], [0], 2, -1]
['3', ['SYSIN'], [2], 3, 8]
['4', ['SYSIN'], [4], 4, 13]
['5', [1, 2], [3, -1], 5, 10]
['6', [2, 3], [-1, 8], 6, -31]
['7', [3, 4], [8, 13], 7, 69]
['8', [1], [3], 8, 7]
['9', [5, 6], [10, -31], 9, 82]

TotalBuggyObservations:
10

BuggyObservations:
['1', ['SYSIN'], [0], 1, 0]
['2', ['SYSIN'], [1], 2, 1]
['3', ['SYSIN'], [0], 3, 3]
['4', ['SYSIN'], [4], 4, 18]
['5', [1, 2], [0, 1], 5, 2]
['6', [2, 3], [1, 3], 6, -9]
['7', [3, 4], [3, 18], 7, 64]
['8', [1], [0], 8, -2]
['9', [5, 6], [2, -9], 9, 20]
['1', ['SYSIN'], [4], 1, 4]
['2', ['SYSIN'], [1], 2, 1]
['3', ['SYSIN'], [0], 3, 3]
['4', ['SYSIN'], [0], 4, 10]
['5', [1, 2], [4, 1], 5, 10]
['6', [2, 3], [1, 3], 6, -9]
['7', [3, 4], [3, 10], 7, 40]
['8', [1], [4], 8, 10]
['9', [5, 6], [10, -9], 9, 60]
['1', ['SYSIN'], [4], 1, 4]
['2', ['SYSIN'], [4], 2, 7]
['3', ['SYSIN'], [3], 3, 21]
['4', ['SYSIN'], [0], 4, 10]
['5', [1, 2], [4, 7], 5, 4]
['6', [2, 3], [7, 21], 6, -75]
['7', [3, 4], [21, 10], 7, 112]
['8', [1], [4], 8, 10]
['9', [5, 6], [4, -75], 9, 96]
['1', ['SYSIN'], [4], 1, 4]
['2', ['SYSIN'], [1], 2, 1]
['3', ['SYSIN'], [2], 3, 15]
['4', ['SYSIN'], [4], 4, 18]
['5', [1, 2], [4, 1], 5, 10]
['6', [2, 3], [1, 15], 6, -57]
['7', [3, 4], [15, 18], 7, 112]
['8', [1], [4], 8, 10]
['9', [5, 6], [10, -57], 9, 108]
['1', ['SYSIN'], [1], 1, 1]
['2', ['SYSIN'], [4], 2, 7]
['3', ['SYSIN'], [3], 3, 21]
['4', ['SYSIN'], [1], 4, 12]
['5', [1, 2], [1, 7], 5, -2]
['6', [2, 3], [7, 21], 6, -75]
['7', [3, 4], [21, 12], 7, 118]
['8', [1], [1], 8, 1]
['9', [5, 6], [-2, -75], 9, 66]
['1', ['SYSIN'], [2], 1, 2]
['2', ['SYSIN'], [1], 2, 1]
['3', ['SYSIN'], [1], 3, 9]
['4', ['SYSIN'], [0], 4, 10]
['5', [1, 2], [2, 1], 5, 6]
['6', [2, 3], [1, 9], 6, -33]
['7', [3, 4], [9, 10], 7, 64]
['8', [1], [2], 8, 4]
['9', [5, 6], [6, -33], 9, 64]
['1', ['SYSIN'], [2], 1, 2]
['2', ['SYSIN'], [2], 2, 3]
['3', ['SYSIN'], [4], 3, 27]
['4', ['SYSIN'], [4], 4, 18]
['5', [1, 2], [2, 3], 5, 4]
['6', [2, 3], [3, 27], 6, -103]
['7', [3, 4], [27, 18], 7, 160]
['8', [1], [2], 8, 4]
['9', [5, 6], [4, -103], 9, 124]
['1', ['SYSIN'], [1], 1, 1]
['2', ['SYSIN'], [4], 2, 7]
['3', ['SYSIN'], [0], 3, 3]
['4', ['SYSIN'], [4], 4, 18]
['5', [1, 2], [1, 7], 5, -2]
['6', [2, 3], [7, 3], 6, -3]
['7', [3, 4], [3, 18], 7, 64]
['8', [1], [1], 8, 1]
['9', [5, 6], [-2, -3], 9, -6]
['1', ['SYSIN'], [2], 1, 2]
['2', ['SYSIN'], [1], 2, 1]
['3', ['SYSIN'], [1], 3, 9]
['4', ['SYSIN'], [3], 4, 16]
['5', [1, 2], [2, 1], 5, 6]
['6', [2, 3], [1, 9], 6, -33]
['7', [3, 4], [9, 16], 7, 82]
['8', [1], [2], 8, 4]
['9', [5, 6], [6, -33], 9, 64]
['1', ['SYSIN'], [2], 1, 2]
['2', ['SYSIN'], [0], 2, -1]
['3', ['SYSIN'], [2], 3, 15]
['4', ['SYSIN'], [1], 4, 12]
['5', [1, 2], [2, -1], 5, 8]
['6', [2, 3], [-1, 15], 6, -59]
['7', [3, 4], [15, 12], 7, 94]
['8', [1], [2], 8, 4]
['9', [5, 6], [8, -59], 9, 100]

BuggyIds
3, 4

MinRange:
0

MaxRange:
4
