Subsystems:
20_8
19_15_4
18_9
17
16_4
14_4
13_1
12_8
11_4
10
7
5_1
3
2_6

SYSINS:
1, 3, 4, 6, 7, 8, 9, 10, 15, 17

SYSOUTS:
20, 19, 18, 17, 16, 14, 13, 12, 11, 10, 7, 5, 3, 2

TotalRegularObservations:
50

NormalObservations:
['2_6', [6], [0], 2, -69]
['3', ['SYSIN'], [0], 3, -1]
['5_1', [1], [0], 5, -29]
['7', ['SYSIN'], [7], 7, 11]
['10', ['SYSIN'], [0], 10, -7]
['11_4', [4, 10], [7, 0], 11, 184]
['12_8', [3, 8], [0, 7], 12, -440]
['13_1', [7, 1], [7, 0], 13, 87]
['14_4', [4, 3], [7, 0], 14, 288]
['16_4', [7, 4], [7, 7], 16, -55]
['17', ['SYSIN'], [0], 17, -5]
['18_9', [9, 7], [0, 7], 18, -92]
['19_15_4', [15, 4], [0, 7], 19, -191]
['20_8', [17, 8], [0, 7], 20, -386]
['2_6', [6], [9], 2, 435]
['3', ['SYSIN'], [9], 3, 17]
['5_1', [1], [9], 5, 133]
['7', ['SYSIN'], [9], 7, 15]
['10', ['SYSIN'], [9], 10, 20]
['11_4', [4, 10], [9, 9], 11, 70]
['12_8', [3, 8], [9, 9], 12, -514]
['13_1', [7, 1], [9, 9], 13, 7]
['14_4', [4, 3], [9, 9], 14, 312]
['16_4', [7, 4], [9, 9], 16, -71]
['17', ['SYSIN'], [9], 17, 58]
['18_9', [9, 7], [9, 9], 18, -93]
['19_15_4', [15, 4], [9, 9], 19, 202]
['20_8', [17, 8], [9, 9], 20, -435]
['2_6', [6], [0], 2, -69]
['3', ['SYSIN'], [0], 3, -1]
['5_1', [1], [0], 5, -29]
['7', ['SYSIN'], [7], 7, 11]
['10', ['SYSIN'], [0], 10, -7]
['11_4', [4, 10], [7, 0], 11, 184]
['12_8', [3, 8], [0, 7], 12, -440]
['13_1', [7, 1], [7, 0], 13, 87]
['14_4', [4, 3], [7, 0], 14, 288]
['16_4', [7, 4], [7, 7], 16, -55]
['17', ['SYSIN'], [0], 17, -5]
['18_9', [9, 7], [0, 7], 18, -92]
['19_15_4', [15, 4], [0, 7], 19, -191]
['20_8', [17, 8], [0, 7], 20, -386]
['2_6', [6], [0], 2, -69]
['3', ['SYSIN'], [0], 3, -1]
['5_1', [1], [0], 5, -29]
['7', ['SYSIN'], [2], 7, 1]
['10', ['SYSIN'], [0], 10, -7]
['11_4', [4, 10], [2, 0], 11, 64]
['12_8', [3, 8], [0, 2], 12, -120]
['13_1', [7, 1], [2, 0], 13, 17]
['14_4', [4, 3], [2, 0], 14, 48]
['16_4', [7, 4], [2, 2], 16, -15]
['17', ['SYSIN'], [0], 17, -5]
['18_9', [9, 7], [0, 2], 18, -22]
['19_15_4', [15, 4], [0, 2], 19, -71]
['20_8', [17, 8], [0, 2], 20, -106]
['2_6', [6], [9], 2, 435]
['3', ['SYSIN'], [9], 3, 17]
['5_1', [1], [9], 5, 133]
['7', ['SYSIN'], [8], 7, 13]
['10', ['SYSIN'], [9], 10, 20]
['11_4', [4, 10], [8, 9], 11, 46]
['12_8', [3, 8], [9, 8], 12, -450]
['13_1', [7, 1], [8, 9], 13, -7]
['14_4', [4, 3], [8, 9], 14, 264]
['16_4', [7, 4], [8, 8], 16, -63]
['17', ['SYSIN'], [9], 17, 58]
['18_9', [9, 7], [9, 8], 18, -79]
['19_15_4', [15, 4], [9, 8], 19, 226]
['20_8', [17, 8], [9, 8], 20, -379]
['2_6', [6], [0], 2, -69]
['3', ['SYSIN'], [0], 3, -1]
['5_1', [1], [0], 5, -29]
['7', ['SYSIN'], [1], 7, -1]
['10', ['SYSIN'], [0], 10, -7]
['11_4', [4, 10], [1, 0], 11, 40]
['12_8', [3, 8], [0, 1], 12, -56]
['13_1', [7, 1], [1, 0], 13, 3]
['14_4', [4, 3], [1, 0], 14, 0]
['16_4', [7, 4], [1, 1], 16, -7]
['17', ['SYSIN'], [0], 17, -5]
['18_9', [9, 7], [0, 1], 18, -8]
['19_15_4', [15, 4], [0, 1], 19, -47]
['20_8', [17, 8], [0, 1], 20, -50]
['2_6', [6], [2], 2, 43]
['3', ['SYSIN'], [2], 3, 3]
['5_1', [1], [2], 5, 7]
['7', ['SYSIN'], [8], 7, 13]
['10', ['SYSIN'], [2], 10, -1]
['11_4', [4, 10], [8, 2], 11, 172]
['12_8', [3, 8], [2, 8], 12, -492]
['13_1', [7, 1], [8, 2], 13, 77]
['14_4', [4, 3], [8, 2], 14, 320]
['16_4', [7, 4], [8, 8], 16, -63]
['17', ['SYSIN'], [2], 17, 9]
['18_9', [9, 7], [2, 8], 18, -100]
['19_15_4', [15, 4], [2, 8], 19, -117]
['20_8', [17, 8], [2, 8], 20, -428]
['2_6', [6], [0], 2, -69]
['3', ['SYSIN'], [0], 3, -1]
['5_1', [1], [0], 5, -29]
['7', ['SYSIN'], [0], 7, -3]
['10', ['SYSIN'], [0], 10, -7]
['11_4', [4, 10], [0, 0], 11, 16]
['12_8', [3, 8], [0, 0], 12, 8]
['13_1', [7, 1], [0, 0], 13, -11]
['14_4', [4, 3], [0, 0], 14, -48]
['16_4', [7, 4], [0, 0], 16, 1]
['17', ['SYSIN'], [0], 17, -5]
['18_9', [9, 7], [0, 0], 18, 6]
['19_15_4', [15, 4], [0, 0], 19, -23]
['20_8', [17, 8], [0, 0], 20, 6]
['2_6', [6], [8], 2, 379]
['3', ['SYSIN'], [8], 3, 15]
['5_1', [1], [8], 5, 115]
['7', ['SYSIN'], [4], 7, 5]
['10', ['SYSIN'], [8], 10, 17]
['11_4', [4, 10], [4, 8], 11, -32]
['12_8', [3, 8], [8, 4], 12, -200]
['13_1', [7, 1], [4, 8], 13, -51]
['14_4', [4, 3], [4, 8], 14, 80]
['16_4', [7, 4], [4, 4], 16, -31]
['17', ['SYSIN'], [8], 17, 51]
['18_9', [9, 7], [8, 4], 18, -26]
['19_15_4', [15, 4], [8, 4], 19, 273]
['20_8', [17, 8], [8, 4], 20, -162]
['2_6', [6], [2], 2, 43]
['3', ['SYSIN'], [2], 3, 3]
['5_1', [1], [2], 5, 7]
['7', ['SYSIN'], [2], 7, 1]
['10', ['SYSIN'], [2], 10, -1]
['11_4', [4, 10], [2, 2], 11, 28]
['12_8', [3, 8], [2, 2], 12, -108]
['13_1', [7, 1], [2, 2], 13, -7]
['14_4', [4, 3], [2, 2], 14, 32]
['16_4', [7, 4], [2, 2], 16, -15]
['17', ['SYSIN'], [2], 17, 9]
['18_9', [9, 7], [2, 2], 18, -16]
['19_15_4', [15, 4], [2, 2], 19, 27]
['20_8', [17, 8], [2, 2], 20, -92]
['2_6', [6], [1], 2, -13]
['3', ['SYSIN'], [1], 3, 1]
['5_1', [1], [1], 5, -11]
['7', ['SYSIN'], [3], 7, 3]
['10', ['SYSIN'], [1], 10, -4]
['11_4', [4, 10], [3, 1], 11, 70]
['12_8', [3, 8], [1, 3], 12, -178]
['13_1', [7, 1], [3, 1], 13, 19]
['14_4', [4, 3], [3, 1], 14, 88]
['16_4', [7, 4], [3, 3], 16, -23]
['17', ['SYSIN'], [1], 17, 2]
['18_9', [9, 7], [1, 3], 18, -33]
['19_15_4', [15, 4], [1, 3], 19, -46]
['20_8', [17, 8], [1, 3], 20, -155]
['2_6', [6], [6], 2, 267]
['3', ['SYSIN'], [6], 3, 11]
['5_1', [1], [6], 5, 79]
['7', ['SYSIN'], [2], 7, 1]
['10', ['SYSIN'], [6], 10, 11]
['11_4', [4, 10], [2, 6], 11, -44]
['12_8', [3, 8], [6, 2], 12, -84]
['13_1', [7, 1], [2, 6], 13, -55]
['14_4', [4, 3], [2, 6], 14, 0]
['16_4', [7, 4], [2, 2], 16, -15]
['17', ['SYSIN'], [6], 17, 37]
['18_9', [9, 7], [6, 2], 18, -4]
['19_15_4', [15, 4], [6, 2], 19, 223]
['20_8', [17, 8], [6, 2], 20, -64]
['2_6', [6], [2], 2, 43]
['3', ['SYSIN'], [2], 3, 3]
['5_1', [1], [2], 5, 7]
['7', ['SYSIN'], [6], 7, 9]
['10', ['SYSIN'], [2], 10, -1]
['11_4', [4, 10], [6, 2], 11, 124]
['12_8', [3, 8], [2, 6], 12, -364]
['13_1', [7, 1], [6, 2], 13, 49]
['14_4', [4, 3], [6, 2], 14, 224]
['16_4', [7, 4], [6, 6], 16, -47]
['17', ['SYSIN'], [2], 17, 9]
['18_9', [9, 7], [2, 6], 18, -72]
['19_15_4', [15, 4], [2, 6], 19, -69]
['20_8', [17, 8], [2, 6], 20, -316]
['2_6', [6], [2], 2, 43]
['3', ['SYSIN'], [2], 3, 3]
['5_1', [1], [2], 5, 7]
['7', ['SYSIN'], [0], 7, -3]
['10', ['SYSIN'], [2], 10, -1]
['11_4', [4, 10], [0, 2], 11, -20]
['12_8', [3, 8], [2, 0], 12, 20]
['13_1', [7, 1], [0, 2], 13, -35]
['14_4', [4, 3], [0, 2], 14, -64]
['16_4', [7, 4], [0, 0], 16, 1]
['17', ['SYSIN'], [2], 17, 9]
['18_9', [9, 7], [2, 0], 18, 12]
['19_15_4', [15, 4], [2, 0], 19, 75]
['20_8', [17, 8], [2, 0], 20, 20]
['2_6', [6], [0], 2, -69]
['3', ['SYSIN'], [0], 3, -1]
['5_1', [1], [0], 5, -29]
['7', ['SYSIN'], [3], 7, 3]
['10', ['SYSIN'], [0], 10, -7]
['11_4', [4, 10], [3, 0], 11, 88]
['12_8', [3, 8], [0, 3], 12, -184]
['13_1', [7, 1], [3, 0], 13, 31]
['14_4', [4, 3], [3, 0], 14, 96]
['16_4', [7, 4], [3, 3], 16, -23]
['17', ['SYSIN'], [0], 17, -5]
['18_9', [9, 7], [0, 3], 18, -36]
['19_15_4', [15, 4], [0, 3], 19, -95]
['20_8', [17, 8], [0, 3], 20, -162]
['2_6', [6], [3], 2, 99]
['3', ['SYSIN'], [3], 3, 5]
['5_1', [1], [3], 5, 25]
['7', ['SYSIN'], [5], 7, 7]
['10', ['SYSIN'], [3], 10, 2]
['11_4', [4, 10], [5, 3], 11, 82]
['12_8', [3, 8], [3, 5], 12, -294]
['13_1', [7, 1], [5, 3], 13, 23]
['14_4', [4, 3], [5, 3], 14, 168]
['16_4', [7, 4], [5, 5], 16, -39]
['17', ['SYSIN'], [3], 17, 16]
['18_9', [9, 7], [3, 5], 18, -55]
['19_15_4', [15, 4], [3, 5], 19, 4]
['20_8', [17, 8], [3, 5], 20, -253]
['2_6', [6], [2], 2, 43]
['3', ['SYSIN'], [2], 3, 3]
['5_1', [1], [2], 5, 7]
['7', ['SYSIN'], [7], 7, 11]
['10', ['SYSIN'], [2], 10, -1]
['11_4', [4, 10], [7, 2], 11, 148]
['12_8', [3, 8], [2, 7], 12, -428]
['13_1', [7, 1], [7, 2], 13, 63]
['14_4', [4, 3], [7, 2], 14, 272]
['16_4', [7, 4], [7, 7], 16, -55]
['17', ['SYSIN'], [2], 17, 9]
['18_9', [9, 7], [2, 7], 18, -86]
['19_15_4', [15, 4], [2, 7], 19, -93]
['20_8', [17, 8], [2, 7], 20, -372]
['2_6', [6], [0], 2, -69]
['3', ['SYSIN'], [0], 3, -1]
['5_1', [1], [0], 5, -29]
['7', ['SYSIN'], [7], 7, 11]
['10', ['SYSIN'], [0], 10, -7]
['11_4', [4, 10], [7, 0], 11, 184]
['12_8', [3, 8], [0, 7], 12, -440]
['13_1', [7, 1], [7, 0], 13, 87]
['14_4', [4, 3], [7, 0], 14, 288]
['16_4', [7, 4], [7, 7], 16, -55]
['17', ['SYSIN'], [0], 17, -5]
['18_9', [9, 7], [0, 7], 18, -92]
['19_15_4', [15, 4], [0, 7], 19, -191]
['20_8', [17, 8], [0, 7], 20, -386]
['2_6', [6], [1], 2, -13]
['3', ['SYSIN'], [1], 3, 1]
['5_1', [1], [1], 5, -11]
['7', ['SYSIN'], [9], 7, 15]
['10', ['SYSIN'], [1], 10, -4]
['11_4', [4, 10], [9, 1], 11, 214]
['12_8', [3, 8], [1, 9], 12, -562]
['13_1', [7, 1], [9, 1], 13, 103]
['14_4', [4, 3], [9, 1], 14, 376]
['16_4', [7, 4], [9, 9], 16, -71]
['17', ['SYSIN'], [1], 17, 2]
['18_9', [9, 7], [1, 9], 18, -117]
['19_15_4', [15, 4], [1, 9], 19, -190]
['20_8', [17, 8], [1, 9], 20, -491]
['2_6', [6], [4], 2, 155]
['3', ['SYSIN'], [4], 3, 7]
['5_1', [1], [4], 5, 43]
['7', ['SYSIN'], [9], 7, 15]
['10', ['SYSIN'], [4], 10, 5]
['11_4', [4, 10], [9, 4], 11, 160]
['12_8', [3, 8], [4, 9], 12, -544]
['13_1', [7, 1], [9, 4], 13, 67]
['14_4', [4, 3], [9, 4], 14, 352]
['16_4', [7, 4], [9, 9], 16, -71]
['17', ['SYSIN'], [4], 17, 23]
['18_9', [9, 7], [4, 9], 18, -108]
['19_15_4', [15, 4], [4, 9], 19, -43]
['20_8', [17, 8], [4, 9], 20, -470]
['2_6', [6], [2], 2, 43]
['3', ['SYSIN'], [2], 3, 3]
['5_1', [1], [2], 5, 7]
['7', ['SYSIN'], [4], 7, 5]
['10', ['SYSIN'], [2], 10, -1]
['11_4', [4, 10], [4, 2], 11, 76]
['12_8', [3, 8], [2, 4], 12, -236]
['13_1', [7, 1], [4, 2], 13, 21]
['14_4', [4, 3], [4, 2], 14, 128]
['16_4', [7, 4], [4, 4], 16, -31]
['17', ['SYSIN'], [2], 17, 9]
['18_9', [9, 7], [2, 4], 18, -44]
['19_15_4', [15, 4], [2, 4], 19, -21]
['20_8', [17, 8], [2, 4], 20, -204]
['2_6', [6], [0], 2, -69]
['3', ['SYSIN'], [0], 3, -1]
['5_1', [1], [0], 5, -29]
['7', ['SYSIN'], [9], 7, 15]
['10', ['SYSIN'], [0], 10, -7]
['11_4', [4, 10], [9, 0], 11, 232]
['12_8', [3, 8], [0, 9], 12, -568]
['13_1', [7, 1], [9, 0], 13, 115]
['14_4', [4, 3], [9, 0], 14, 384]
['16_4', [7, 4], [9, 9], 16, -71]
['17', ['SYSIN'], [0], 17, -5]
['18_9', [9, 7], [0, 9], 18, -120]
['19_15_4', [15, 4], [0, 9], 19, -239]
['20_8', [17, 8], [0, 9], 20, -498]
['2_6', [6], [0], 2, -69]
['3', ['SYSIN'], [0], 3, -1]
['5_1', [1], [0], 5, -29]
['7', ['SYSIN'], [0], 7, -3]
['10', ['SYSIN'], [0], 10, -7]
['11_4', [4, 10], [0, 0], 11, 16]
['12_8', [3, 8], [0, 0], 12, 8]
['13_1', [7, 1], [0, 0], 13, -11]
['14_4', [4, 3], [0, 0], 14, -48]
['16_4', [7, 4], [0, 0], 16, 1]
['17', ['SYSIN'], [0], 17, -5]
['18_9', [9, 7], [0, 0], 18, 6]
['19_15_4', [15, 4], [0, 0], 19, -23]
['20_8', [17, 8], [0, 0], 20, 6]
['2_6', [6], [7], 2, 323]
['3', ['SYSIN'], [7], 3, 13]
['5_1', [1], [7], 5, 97]
['7', ['SYSIN'], [0], 7, -3]
['10', ['SYSIN'], [7], 10, 14]
['11_4', [4, 10], [0, 7], 11, -110]
['12_8', [3, 8], [7, 0], 12, 50]
['13_1', [7, 1], [0, 7], 13, -95]
['14_4', [4, 3], [0, 7], 14, -104]
['16_4', [7, 4], [0, 0], 16, 1]
['17', ['SYSIN'], [7], 17, 44]
['18_9', [9, 7], [7, 0], 18, 27]
['19_15_4', [15, 4], [7, 0], 19, 320]
['20_8', [17, 8], [7, 0], 20, 55]
['2_6', [6], [8], 2, 379]
['3', ['SYSIN'], [8], 3, 15]
['5_1', [1], [8], 5, 115]
['7', ['SYSIN'], [7], 7, 11]
['10', ['SYSIN'], [8], 10, 17]
['11_4', [4, 10], [7, 8], 11, 40]
['12_8', [3, 8], [8, 7], 12, -392]
['13_1', [7, 1], [7, 8], 13, -9]
['14_4', [4, 3], [7, 8], 14, 224]
['16_4', [7, 4], [7, 7], 16, -55]
['17', ['SYSIN'], [8], 17, 51]
['18_9', [9, 7], [8, 7], 18, -68]
['19_15_4', [15, 4], [8, 7], 19, 201]
['20_8', [17, 8], [8, 7], 20, -330]
['2_6', [6], [5], 2, 211]
['3', ['SYSIN'], [5], 3, 9]
['5_1', [1], [5], 5, 61]
['7', ['SYSIN'], [7], 7, 11]
['10', ['SYSIN'], [5], 10, 8]
['11_4', [4, 10], [7, 5], 11, 94]
['12_8', [3, 8], [5, 7], 12, -410]
['13_1', [7, 1], [7, 5], 13, 27]
['14_4', [4, 3], [7, 5], 14, 248]
['16_4', [7, 4], [7, 7], 16, -55]
['17', ['SYSIN'], [5], 17, 30]
['18_9', [9, 7], [5, 7], 18, -77]
['19_15_4', [15, 4], [5, 7], 19, 54]
['20_8', [17, 8], [5, 7], 20, -351]
['2_6', [6], [0], 2, -69]
['3', ['SYSIN'], [0], 3, -1]
['5_1', [1], [0], 5, -29]
['7', ['SYSIN'], [1], 7, -1]
['10', ['SYSIN'], [0], 10, -7]
['11_4', [4, 10], [1, 0], 11, 40]
['12_8', [3, 8], [0, 1], 12, -56]
['13_1', [7, 1], [1, 0], 13, 3]
['14_4', [4, 3], [1, 0], 14, 0]
['16_4', [7, 4], [1, 1], 16, -7]
['17', ['SYSIN'], [0], 17, -5]
['18_9', [9, 7], [0, 1], 18, -8]
['19_15_4', [15, 4], [0, 1], 19, -47]
['20_8', [17, 8], [0, 1], 20, -50]
['2_6', [6], [5], 2, 211]
['3', ['SYSIN'], [5], 3, 9]
['5_1', [1], [5], 5, 61]
['7', ['SYSIN'], [7], 7, 11]
['10', ['SYSIN'], [5], 10, 8]
['11_4', [4, 10], [7, 5], 11, 94]
['12_8', [3, 8], [5, 7], 12, -410]
['13_1', [7, 1], [7, 5], 13, 27]
['14_4', [4, 3], [7, 5], 14, 248]
['16_4', [7, 4], [7, 7], 16, -55]
['17', ['SYSIN'], [5], 17, 30]
['18_9', [9, 7], [5, 7], 18, -77]
['19_15_4', [15, 4], [5, 7], 19, 54]
['20_8', [17, 8], [5, 7], 20, -351]
['2_6', [6], [7], 2, 323]
['3', ['SYSIN'], [7], 3, 13]
['5_1', [1], [7], 5, 97]
['7', ['SYSIN'], [0], 7, -3]
['10', ['SYSIN'], [7], 10, 14]
['11_4', [4, 10], [0, 7], 11, -110]
['12_8', [3, 8], [7, 0], 12, 50]
['13_1', [7, 1], [0, 7], 13, -95]
['14_4', [4, 3], [0, 7], 14, -104]
['16_4', [7, 4], [0, 0], 16, 1]
['17', ['SYSIN'], [7], 17, 44]
['18_9', [9, 7], [7, 0], 18, 27]
['19_15_4', [15, 4], [7, 0], 19, 320]
['20_8', [17, 8], [7, 0], 20, 55]
['2_6', [6], [5], 2, 211]
['3', ['SYSIN'], [5], 3, 9]
['5_1', [1], [5], 5, 61]
['7', ['SYSIN'], [4], 7, 5]
['10', ['SYSIN'], [5], 10, 8]
['11_4', [4, 10], [4, 5], 11, 22]
['12_8', [3, 8], [5, 4], 12, -218]
['13_1', [7, 1], [4, 5], 13, -15]
['14_4', [4, 3], [4, 5], 14, 104]
['16_4', [7, 4], [4, 4], 16, -31]
['17', ['SYSIN'], [5], 17, 30]
['18_9', [9, 7], [5, 4], 18, -35]
['19_15_4', [15, 4], [5, 4], 19, 126]
['20_8', [17, 8], [5, 4], 20, -183]
['2_6', [6], [0], 2, -69]
['3', ['SYSIN'], [0], 3, -1]
['5_1', [1], [0], 5, -29]
['7', ['SYSIN'], [1], 7, -1]
['10', ['SYSIN'], [0], 10, -7]
['11_4', [4, 10], [1, 0], 11, 40]
['12_8', [3, 8], [0, 1], 12, -56]
['13_1', [7, 1], [1, 0], 13, 3]
['14_4', [4, 3], [1, 0], 14, 0]
['16_4', [7, 4], [1, 1], 16, -7]
['17', ['SYSIN'], [0], 17, -5]
['18_9', [9, 7], [0, 1], 18, -8]
['19_15_4', [15, 4], [0, 1], 19, -47]
['20_8', [17, 8], [0, 1], 20, -50]
['2_6', [6], [4], 2, 155]
['3', ['SYSIN'], [4], 3, 7]
['5_1', [1], [4], 5, 43]
['7', ['SYSIN'], [6], 7, 9]
['10', ['SYSIN'], [4], 10, 5]
['11_4', [4, 10], [6, 4], 11, 88]
['12_8', [3, 8], [4, 6], 12, -352]
['13_1', [7, 1], [6, 4], 13, 25]
['14_4', [4, 3], [6, 4], 14, 208]
['16_4', [7, 4], [6, 6], 16, -47]
['17', ['SYSIN'], [4], 17, 23]
['18_9', [9, 7], [4, 6], 18, -66]
['19_15_4', [15, 4], [4, 6], 19, 29]
['20_8', [17, 8], [4, 6], 20, -302]
['2_6', [6], [3], 2, 99]
['3', ['SYSIN'], [3], 3, 5]
['5_1', [1], [3], 5, 25]
['7', ['SYSIN'], [1], 7, -1]
['10', ['SYSIN'], [3], 10, 2]
['11_4', [4, 10], [1, 3], 11, -14]
['12_8', [3, 8], [3, 1], 12, -38]
['13_1', [7, 1], [1, 3], 13, -33]
['14_4', [4, 3], [1, 3], 14, -24]
['16_4', [7, 4], [1, 1], 16, -7]
['17', ['SYSIN'], [3], 17, 16]
['18_9', [9, 7], [3, 1], 18, 1]
['19_15_4', [15, 4], [3, 1], 19, 100]
['20_8', [17, 8], [3, 1], 20, -29]
['2_6', [6], [9], 2, 435]
['3', ['SYSIN'], [9], 3, 17]
['5_1', [1], [9], 5, 133]
['7', ['SYSIN'], [2], 7, 1]
['10', ['SYSIN'], [9], 10, 20]
['11_4', [4, 10], [2, 9], 11, -98]
['12_8', [3, 8], [9, 2], 12, -66]
['13_1', [7, 1], [2, 9], 13, -91]
['14_4', [4, 3], [2, 9], 14, -24]
['16_4', [7, 4], [2, 2], 16, -15]
['17', ['SYSIN'], [9], 17, 58]
['18_9', [9, 7], [9, 2], 18, 5]
['19_15_4', [15, 4], [9, 2], 19, 370]
['20_8', [17, 8], [9, 2], 20, -43]
['2_6', [6], [7], 2, 323]
['3', ['SYSIN'], [7], 3, 13]
['5_1', [1], [7], 5, 97]
['7', ['SYSIN'], [9], 7, 15]
['10', ['SYSIN'], [7], 10, 14]
['11_4', [4, 10], [9, 7], 11, 106]
['12_8', [3, 8], [7, 9], 12, -526]
['13_1', [7, 1], [9, 7], 13, 31]
['14_4', [4, 3], [9, 7], 14, 328]
['16_4', [7, 4], [9, 9], 16, -71]
['17', ['SYSIN'], [7], 17, 44]
['18_9', [9, 7], [7, 9], 18, -99]
['19_15_4', [15, 4], [7, 9], 19, 104]
['20_8', [17, 8], [7, 9], 20, -449]
['2_6', [6], [7], 2, 323]
['3', ['SYSIN'], [7], 3, 13]
['5_1', [1], [7], 5, 97]
['7', ['SYSIN'], [6], 7, 9]
['10', ['SYSIN'], [7], 10, 14]
['11_4', [4, 10], [6, 7], 11, 34]
['12_8', [3, 8], [7, 6], 12, -334]
['13_1', [7, 1], [6, 7], 13, -11]
['14_4', [4, 3], [6, 7], 14, 184]
['16_4', [7, 4], [6, 6], 16, -47]
['17', ['SYSIN'], [7], 17, 44]
['18_9', [9, 7], [7, 6], 18, -57]
['19_15_4', [15, 4], [7, 6], 19, 176]
['20_8', [17, 8], [7, 6], 20, -281]
['2_6', [6], [6], 2, 267]
['3', ['SYSIN'], [6], 3, 11]
['5_1', [1], [6], 5, 79]
['7', ['SYSIN'], [9], 7, 15]
['10', ['SYSIN'], [6], 10, 11]
['11_4', [4, 10], [9, 6], 11, 124]
['12_8', [3, 8], [6, 9], 12, -532]
['13_1', [7, 1], [9, 6], 13, 43]
['14_4', [4, 3], [9, 6], 14, 336]
['16_4', [7, 4], [9, 9], 16, -71]
['17', ['SYSIN'], [6], 17, 37]
['18_9', [9, 7], [6, 9], 18, -102]
['19_15_4', [15, 4], [6, 9], 19, 55]
['20_8', [17, 8], [6, 9], 20, -456]
['2_6', [6], [0], 2, -69]
['3', ['SYSIN'], [0], 3, -1]
['5_1', [1], [0], 5, -29]
['7', ['SYSIN'], [3], 7, 3]
['10', ['SYSIN'], [0], 10, -7]
['11_4', [4, 10], [3, 0], 11, 88]
['12_8', [3, 8], [0, 3], 12, -184]
['13_1', [7, 1], [3, 0], 13, 31]
['14_4', [4, 3], [3, 0], 14, 96]
['16_4', [7, 4], [3, 3], 16, -23]
['17', ['SYSIN'], [0], 17, -5]
['18_9', [9, 7], [0, 3], 18, -36]
['19_15_4', [15, 4], [0, 3], 19, -95]
['20_8', [17, 8], [0, 3], 20, -162]
['2_6', [6], [4], 2, 155]
['3', ['SYSIN'], [4], 3, 7]
['5_1', [1], [4], 5, 43]
['7', ['SYSIN'], [3], 7, 3]
['10', ['SYSIN'], [4], 10, 5]
['11_4', [4, 10], [3, 4], 11, 16]
['12_8', [3, 8], [4, 3], 12, -160]
['13_1', [7, 1], [3, 4], 13, -17]
['14_4', [4, 3], [3, 4], 14, 64]
['16_4', [7, 4], [3, 3], 16, -23]
['17', ['SYSIN'], [4], 17, 23]
['18_9', [9, 7], [4, 3], 18, -24]
['19_15_4', [15, 4], [4, 3], 19, 101]
['20_8', [17, 8], [4, 3], 20, -134]
['2_6', [6], [5], 2, 211]
['3', ['SYSIN'], [5], 3, 9]
['5_1', [1], [5], 5, 61]
['7', ['SYSIN'], [8], 7, 13]
['10', ['SYSIN'], [5], 10, 8]
['11_4', [4, 10], [8, 5], 11, 118]
['12_8', [3, 8], [5, 8], 12, -474]
['13_1', [7, 1], [8, 5], 13, 41]
['14_4', [4, 3], [8, 5], 14, 296]
['16_4', [7, 4], [8, 8], 16, -63]
['17', ['SYSIN'], [5], 17, 30]
['18_9', [9, 7], [5, 8], 18, -91]
['19_15_4', [15, 4], [5, 8], 19, 30]
['20_8', [17, 8], [5, 8], 20, -407]
['2_6', [6], [2], 2, 43]
['3', ['SYSIN'], [2], 3, 3]
['5_1', [1], [2], 5, 7]
['7', ['SYSIN'], [9], 7, 15]
['10', ['SYSIN'], [2], 10, -1]
['11_4', [4, 10], [9, 2], 11, 196]
['12_8', [3, 8], [2, 9], 12, -556]
['13_1', [7, 1], [9, 2], 13, 91]
['14_4', [4, 3], [9, 2], 14, 368]
['16_4', [7, 4], [9, 9], 16, -71]
['17', ['SYSIN'], [2], 17, 9]
['18_9', [9, 7], [2, 9], 18, -114]
['19_15_4', [15, 4], [2, 9], 19, -141]
['20_8', [17, 8], [2, 9], 20, -484]
['2_6', [6], [6], 2, 267]
['3', ['SYSIN'], [6], 3, 11]
['5_1', [1], [6], 5, 79]
['7', ['SYSIN'], [9], 7, 15]
['10', ['SYSIN'], [6], 10, 11]
['11_4', [4, 10], [9, 6], 11, 124]
['12_8', [3, 8], [6, 9], 12, -532]
['13_1', [7, 1], [9, 6], 13, 43]
['14_4', [4, 3], [9, 6], 14, 336]
['16_4', [7, 4], [9, 9], 16, -71]
['17', ['SYSIN'], [6], 17, 37]
['18_9', [9, 7], [6, 9], 18, -102]
['19_15_4', [15, 4], [6, 9], 19, 55]
['20_8', [17, 8], [6, 9], 20, -456]
['2_6', [6], [1], 2, -13]
['3', ['SYSIN'], [1], 3, 1]
['5_1', [1], [1], 5, -11]
['7', ['SYSIN'], [1], 7, -1]
['10', ['SYSIN'], [1], 10, -4]
['11_4', [4, 10], [1, 1], 11, 22]
['12_8', [3, 8], [1, 1], 12, -50]
['13_1', [7, 1], [1, 1], 13, -9]
['14_4', [4, 3], [1, 1], 14, -8]
['16_4', [7, 4], [1, 1], 16, -7]
['17', ['SYSIN'], [1], 17, 2]
['18_9', [9, 7], [1, 1], 18, -5]
['19_15_4', [15, 4], [1, 1], 19, 2]
['20_8', [17, 8], [1, 1], 20, -43]
['2_6', [6], [8], 2, 379]
['3', ['SYSIN'], [8], 3, 15]
['5_1', [1], [8], 5, 115]
['7', ['SYSIN'], [4], 7, 5]
['10', ['SYSIN'], [8], 10, 17]
['11_4', [4, 10], [4, 8], 11, -32]
['12_8', [3, 8], [8, 4], 12, -200]
['13_1', [7, 1], [4, 8], 13, -51]
['14_4', [4, 3], [4, 8], 14, 80]
['16_4', [7, 4], [4, 4], 16, -31]
['17', ['SYSIN'], [8], 17, 51]
['18_9', [9, 7], [8, 4], 18, -26]
['19_15_4', [15, 4], [8, 4], 19, 273]
['20_8', [17, 8], [8, 4], 20, -162]
['2_6', [6], [2], 2, 43]
['3', ['SYSIN'], [2], 3, 3]
['5_1', [1], [2], 5, 7]
['7', ['SYSIN'], [8], 7, 13]
['10', ['SYSIN'], [2], 10, -1]
['11_4', [4, 10], [8, 2], 11, 172]
['12_8', [3, 8], [2, 8], 12, -492]
['13_1', [7, 1], [8, 2], 13, 77]
['14_4', [4, 3], [8, 2], 14, 320]
['16_4', [7, 4], [8, 8], 16, -63]
['17', ['SYSIN'], [2], 17, 9]
['18_9', [9, 7], [2, 8], 18, -100]
['19_15_4', [15, 4], [2, 8], 19, -117]
['20_8', [17, 8], [2, 8], 20, -428]
['2_6', [6], [0], 2, -69]
['3', ['SYSIN'], [0], 3, -1]
['5_1', [1], [0], 5, -29]
['7', ['SYSIN'], [0], 7, -3]
['10', ['SYSIN'], [0], 10, -7]
['11_4', [4, 10], [0, 0], 11, 16]
['12_8', [3, 8], [0, 0], 12, 8]
['13_1', [7, 1], [0, 0], 13, -11]
['14_4', [4, 3], [0, 0], 14, -48]
['16_4', [7, 4], [0, 0], 16, 1]
['17', ['SYSIN'], [0], 17, -5]
['18_9', [9, 7], [0, 0], 18, 6]
['19_15_4', [15, 4], [0, 0], 19, -23]
['20_8', [17, 8], [0, 0], 20, 6]
['2_6', [6], [0], 2, -69]
['3', ['SYSIN'], [0], 3, -1]
['5_1', [1], [0], 5, -29]
['7', ['SYSIN'], [0], 7, -3]
['10', ['SYSIN'], [0], 10, -7]
['11_4', [4, 10], [0, 0], 11, 16]
['12_8', [3, 8], [0, 0], 12, 8]
['13_1', [7, 1], [0, 0], 13, -11]
['14_4', [4, 3], [0, 0], 14, -48]
['16_4', [7, 4], [0, 0], 16, 1]
['17', ['SYSIN'], [0], 17, -5]
['18_9', [9, 7], [0, 0], 18, 6]
['19_15_4', [15, 4], [0, 0], 19, -23]
['20_8', [17, 8], [0, 0], 20, 6]
['2_6', [6], [0], 2, -69]
['3', ['SYSIN'], [0], 3, -1]
['5_1', [1], [0], 5, -29]
['7', ['SYSIN'], [6], 7, 9]
['10', ['SYSIN'], [0], 10, -7]
['11_4', [4, 10], [6, 0], 11, 160]
['12_8', [3, 8], [0, 6], 12, -376]
['13_1', [7, 1], [6, 0], 13, 73]
['14_4', [4, 3], [6, 0], 14, 240]
['16_4', [7, 4], [6, 6], 16, -47]
['17', ['SYSIN'], [0], 17, -5]
['18_9', [9, 7], [0, 6], 18, -78]
['19_15_4', [15, 4], [0, 6], 19, -167]
['20_8', [17, 8], [0, 6], 20, -330]
['2_6', [6], [8], 2, 379]
['3', ['SYSIN'], [8], 3, 15]
['5_1', [1], [8], 5, 115]
['7', ['SYSIN'], [0], 7, -3]
['10', ['SYSIN'], [8], 10, 17]
['11_4', [4, 10], [0, 8], 11, -128]
['12_8', [3, 8], [8, 0], 12, 56]
['13_1', [7, 1], [0, 8], 13, -107]
['14_4', [4, 3], [0, 8], 14, -112]
['16_4', [7, 4], [0, 0], 16, 1]
['17', ['SYSIN'], [8], 17, 51]
['18_9', [9, 7], [8, 0], 18, 30]
['19_15_4', [15, 4], [8, 0], 19, 369]
['20_8', [17, 8], [8, 0], 20, 62]
['2_6', [6], [1], 2, -13]
['3', ['SYSIN'], [1], 3, 1]
['5_1', [1], [1], 5, -11]
['7', ['SYSIN'], [7], 7, 11]
['10', ['SYSIN'], [1], 10, -4]
['11_4', [4, 10], [7, 1], 11, 166]
['12_8', [3, 8], [1, 7], 12, -434]
['13_1', [7, 1], [7, 1], 13, 75]
['14_4', [4, 3], [7, 1], 14, 280]
['16_4', [7, 4], [7, 7], 16, -55]
['17', ['SYSIN'], [1], 17, 2]
['18_9', [9, 7], [1, 7], 18, -89]
['19_15_4', [15, 4], [1, 7], 19, -142]
['20_8', [17, 8], [1, 7], 20, -379]

TotalBuggyObservations:
10

BuggyObservations:
['2_6', [6], [3], 2, 99]
['3', ['SYSIN'], [3], 3, 5]
['5_1', [1], [3], 5, 25]
['7', ['SYSIN'], [5], 7, 7]
['10', ['SYSIN'], [3], 10, 2]
['11_4', [4, 10], [5, 3], 11, 82]
['12_8', [3, 8], [3, 5], 12, -294]
['13_1', [7, 1], [5, 3], 13, 23]
['14_4', [4, 3], [5, 3], 14, 168]
['16_4', [7, 4], [5, 5], 16, -39]
['17', ['SYSIN'], [3], 17, 38]
['18_9', [9, 7], [3, 5], 18, -55]
['19_15_4', [15, 4], [3, 5], 19, 4]
['20_8', [17, 8], [3, 5], 20, -231]
['2_6', [6], [2], 2, 43]
['3', ['SYSIN'], [2], 3, 3]
['5_1', [1], [2], 5, 7]
['7', ['SYSIN'], [1], 7, -1]
['10', ['SYSIN'], [2], 10, -1]
['11_4', [4, 10], [1, 2], 11, 4]
['12_8', [3, 8], [2, 1], 12, -44]
['13_1', [7, 1], [1, 2], 13, -21]
['14_4', [4, 3], [1, 2], 14, -16]
['16_4', [7, 4], [1, 1], 16, -7]
['17', ['SYSIN'], [2], 17, 24]
['18_9', [9, 7], [2, 1], 18, -2]
['19_15_4', [15, 4], [2, 1], 19, 51]
['20_8', [17, 8], [2, 1], 20, -21]
['2_6', [6], [4], 2, 155]
['3', ['SYSIN'], [4], 3, 7]
['5_1', [1], [4], 5, 43]
['7', ['SYSIN'], [5], 7, 7]
['10', ['SYSIN'], [4], 10, 5]
['11_4', [4, 10], [5, 4], 11, 64]
['12_8', [3, 8], [4, 5], 12, -288]
['13_1', [7, 1], [5, 4], 13, 11]
['14_4', [4, 3], [5, 4], 14, 160]
['16_4', [7, 4], [5, 5], 16, -39]
['17', ['SYSIN'], [4], 17, 52]
['18_9', [9, 7], [4, 5], 18, -52]
['19_15_4', [15, 4], [4, 5], 19, 53]
['20_8', [17, 8], [4, 5], 20, -217]
['2_6', [6], [0], 2, -69]
['3', ['SYSIN'], [0], 3, -1]
['5_1', [1], [0], 5, -29]
['7', ['SYSIN'], [0], 7, -3]
['10', ['SYSIN'], [0], 10, -7]
['11_4', [4, 10], [0, 0], 11, 16]
['12_8', [3, 8], [0, 0], 12, 8]
['13_1', [7, 1], [0, 0], 13, -11]
['14_4', [4, 3], [0, 0], 14, -48]
['16_4', [7, 4], [0, 0], 16, 1]
['17', ['SYSIN'], [0], 17, -4]
['18_9', [9, 7], [0, 0], 18, 6]
['19_15_4', [15, 4], [0, 0], 19, -23]
['20_8', [17, 8], [0, 0], 20, 7]
['2_6', [6], [9], 2, 435]
['3', ['SYSIN'], [9], 3, 17]
['5_1', [1], [9], 5, 133]
['7', ['SYSIN'], [9], 7, 15]
['10', ['SYSIN'], [9], 10, 20]
['11_4', [4, 10], [9, 9], 11, 70]
['12_8', [3, 8], [9, 9], 12, -514]
['13_1', [7, 1], [9, 9], 13, 7]
['14_4', [4, 3], [9, 9], 14, 312]
['16_4', [7, 4], [9, 9], 16, -71]
['17', ['SYSIN'], [9], 17, 122]
['18_9', [9, 7], [9, 9], 18, -93]
['19_15_4', [15, 4], [9, 9], 19, 202]
['20_8', [17, 8], [9, 9], 20, -371]
['2_6', [6], [7], 2, 323]
['3', ['SYSIN'], [7], 3, 13]
['5_1', [1], [7], 5, 97]
['7', ['SYSIN'], [8], 7, 13]
['10', ['SYSIN'], [7], 10, 14]
['11_4', [4, 10], [8, 7], 11, 82]
['12_8', [3, 8], [7, 8], 12, -462]
['13_1', [7, 1], [8, 7], 13, 17]
['14_4', [4, 3], [8, 7], 14, 280]
['16_4', [7, 4], [8, 8], 16, -63]
['17', ['SYSIN'], [7], 17, 94]
['18_9', [9, 7], [7, 8], 18, -85]
['19_15_4', [15, 4], [7, 8], 19, 128]
['20_8', [17, 8], [7, 8], 20, -343]
['2_6', [6], [8], 2, 379]
['3', ['SYSIN'], [8], 3, 15]
['5_1', [1], [8], 5, 115]
['7', ['SYSIN'], [4], 7, 5]
['10', ['SYSIN'], [8], 10, 17]
['11_4', [4, 10], [4, 8], 11, -32]
['12_8', [3, 8], [8, 4], 12, -200]
['13_1', [7, 1], [4, 8], 13, -51]
['14_4', [4, 3], [4, 8], 14, 80]
['16_4', [7, 4], [4, 4], 16, -31]
['17', ['SYSIN'], [8], 17, 108]
['18_9', [9, 7], [8, 4], 18, -26]
['19_15_4', [15, 4], [8, 4], 19, 273]
['20_8', [17, 8], [8, 4], 20, -105]
['2_6', [6], [5], 2, 211]
['3', ['SYSIN'], [5], 3, 9]
['5_1', [1], [5], 5, 61]
['7', ['SYSIN'], [3], 7, 3]
['10', ['SYSIN'], [5], 10, 8]
['11_4', [4, 10], [3, 5], 11, -2]
['12_8', [3, 8], [5, 3], 12, -154]
['13_1', [7, 1], [3, 5], 13, -29]
['14_4', [4, 3], [3, 5], 14, 56]
['16_4', [7, 4], [3, 3], 16, -23]
['17', ['SYSIN'], [5], 17, 66]
['18_9', [9, 7], [5, 3], 18, -21]
['19_15_4', [15, 4], [5, 3], 19, 150]
['20_8', [17, 8], [5, 3], 20, -91]
['2_6', [6], [1], 2, -13]
['3', ['SYSIN'], [1], 3, 1]
['5_1', [1], [1], 5, -11]
['7', ['SYSIN'], [6], 7, 9]
['10', ['SYSIN'], [1], 10, -4]
['11_4', [4, 10], [6, 1], 11, 142]
['12_8', [3, 8], [1, 6], 12, -370]
['13_1', [7, 1], [6, 1], 13, 61]
['14_4', [4, 3], [6, 1], 14, 232]
['16_4', [7, 4], [6, 6], 16, -47]
['17', ['SYSIN'], [1], 17, 10]
['18_9', [9, 7], [1, 6], 18, -75]
['19_15_4', [15, 4], [1, 6], 19, -118]
['20_8', [17, 8], [1, 6], 20, -315]
['2_6', [6], [2], 2, 43]
['3', ['SYSIN'], [2], 3, 3]
['5_1', [1], [2], 5, 7]
['7', ['SYSIN'], [2], 7, 1]
['10', ['SYSIN'], [2], 10, -1]
['11_4', [4, 10], [2, 2], 11, 28]
['12_8', [3, 8], [2, 2], 12, -108]
['13_1', [7, 1], [2, 2], 13, -7]
['14_4', [4, 3], [2, 2], 14, 32]
['16_4', [7, 4], [2, 2], 16, -15]
['17', ['SYSIN'], [2], 17, 24]
['18_9', [9, 7], [2, 2], 18, -16]
['19_15_4', [15, 4], [2, 2], 19, 27]
['20_8', [17, 8], [2, 2], 20, -77]

BuggyIds
17

MinRange:
0

MaxRange:
9
