Subsystems:
20_8
19_15_4
18_9
17
16_4
14_4
13_1
12_8
11_4
10
7
5_1
3
2_6

SYSINS:
1, 3, 4, 6, 7, 8, 9, 10, 15, 17

SYSOUTS:
20, 19, 18, 17, 16, 14, 13, 12, 11, 10, 7, 5, 3, 2

TotalRegularObservations:
50

NormalObservations:
['2_6', [6], [9], 2, 435]
['3', ['SYSIN'], [9], 3, 17]
['5_1', [1], [9], 5, 133]
['7', ['SYSIN'], [2], 7, 1]
['10', ['SYSIN'], [9], 10, 20]
['11_4', [4, 10], [2, 9], 11, -98]
['12_8', [3, 8], [9, 2], 12, -66]
['13_1', [7, 1], [2, 9], 13, -91]
['14_4', [4, 3], [2, 9], 14, -24]
['16_4', [7, 4], [2, 2], 16, -15]
['17', ['SYSIN'], [9], 17, 58]
['18_9', [9, 7], [9, 2], 18, 5]
['19_15_4', [15, 4], [9, 2], 19, 370]
['20_8', [17, 8], [9, 2], 20, -43]
['2_6', [6], [7], 2, 323]
['3', ['SYSIN'], [7], 3, 13]
['5_1', [1], [7], 5, 97]
['7', ['SYSIN'], [8], 7, 13]
['10', ['SYSIN'], [7], 10, 14]
['11_4', [4, 10], [8, 7], 11, 82]
['12_8', [3, 8], [7, 8], 12, -462]
['13_1', [7, 1], [8, 7], 13, 17]
['14_4', [4, 3], [8, 7], 14, 280]
['16_4', [7, 4], [8, 8], 16, -63]
['17', ['SYSIN'], [7], 17, 44]
['18_9', [9, 7], [7, 8], 18, -85]
['19_15_4', [15, 4], [7, 8], 19, 128]
['20_8', [17, 8], [7, 8], 20, -393]
['2_6', [6], [7], 2, 323]
['3', ['SYSIN'], [7], 3, 13]
['5_1', [1], [7], 5, 97]
['7', ['SYSIN'], [2], 7, 1]
['10', ['SYSIN'], [7], 10, 14]
['11_4', [4, 10], [2, 7], 11, -62]
['12_8', [3, 8], [7, 2], 12, -78]
['13_1', [7, 1], [2, 7], 13, -67]
['14_4', [4, 3], [2, 7], 14, -8]
['16_4', [7, 4], [2, 2], 16, -15]
['17', ['SYSIN'], [7], 17, 44]
['18_9', [9, 7], [7, 2], 18, -1]
['19_15_4', [15, 4], [7, 2], 19, 272]
['20_8', [17, 8], [7, 2], 20, -57]
['2_6', [6], [0], 2, -69]
['3', ['SYSIN'], [0], 3, -1]
['5_1', [1], [0], 5, -29]
['7', ['SYSIN'], [3], 7, 3]
['10', ['SYSIN'], [0], 10, -7]
['11_4', [4, 10], [3, 0], 11, 88]
['12_8', [3, 8], [0, 3], 12, -184]
['13_1', [7, 1], [3, 0], 13, 31]
['14_4', [4, 3], [3, 0], 14, 96]
['16_4', [7, 4], [3, 3], 16, -23]
['17', ['SYSIN'], [0], 17, -5]
['18_9', [9, 7], [0, 3], 18, -36]
['19_15_4', [15, 4], [0, 3], 19, -95]
['20_8', [17, 8], [0, 3], 20, -162]
['2_6', [6], [2], 2, 43]
['3', ['SYSIN'], [2], 3, 3]
['5_1', [1], [2], 5, 7]
['7', ['SYSIN'], [9], 7, 15]
['10', ['SYSIN'], [2], 10, -1]
['11_4', [4, 10], [9, 2], 11, 196]
['12_8', [3, 8], [2, 9], 12, -556]
['13_1', [7, 1], [9, 2], 13, 91]
['14_4', [4, 3], [9, 2], 14, 368]
['16_4', [7, 4], [9, 9], 16, -71]
['17', ['SYSIN'], [2], 17, 9]
['18_9', [9, 7], [2, 9], 18, -114]
['19_15_4', [15, 4], [2, 9], 19, -141]
['20_8', [17, 8], [2, 9], 20, -484]
['2_6', [6], [1], 2, -13]
['3', ['SYSIN'], [1], 3, 1]
['5_1', [1], [1], 5, -11]
['7', ['SYSIN'], [6], 7, 9]
['10', ['SYSIN'], [1], 10, -4]
['11_4', [4, 10], [6, 1], 11, 142]
['12_8', [3, 8], [1, 6], 12, -370]
['13_1', [7, 1], [6, 1], 13, 61]
['14_4', [4, 3], [6, 1], 14, 232]
['16_4', [7, 4], [6, 6], 16, -47]
['17', ['SYSIN'], [1], 17, 2]
['18_9', [9, 7], [1, 6], 18, -75]
['19_15_4', [15, 4], [1, 6], 19, -118]
['20_8', [17, 8], [1, 6], 20, -323]
['2_6', [6], [7], 2, 323]
['3', ['SYSIN'], [7], 3, 13]
['5_1', [1], [7], 5, 97]
['7', ['SYSIN'], [5], 7, 7]
['10', ['SYSIN'], [7], 10, 14]
['11_4', [4, 10], [5, 7], 11, 10]
['12_8', [3, 8], [7, 5], 12, -270]
['13_1', [7, 1], [5, 7], 13, -25]
['14_4', [4, 3], [5, 7], 14, 136]
['16_4', [7, 4], [5, 5], 16, -39]
['17', ['SYSIN'], [7], 17, 44]
['18_9', [9, 7], [7, 5], 18, -43]
['19_15_4', [15, 4], [7, 5], 19, 200]
['20_8', [17, 8], [7, 5], 20, -225]
['2_6', [6], [6], 2, 267]
['3', ['SYSIN'], [6], 3, 11]
['5_1', [1], [6], 5, 79]
['7', ['SYSIN'], [4], 7, 5]
['10', ['SYSIN'], [6], 10, 11]
['11_4', [4, 10], [4, 6], 11, 4]
['12_8', [3, 8], [6, 4], 12, -212]
['13_1', [7, 1], [4, 6], 13, -27]
['14_4', [4, 3], [4, 6], 14, 96]
['16_4', [7, 4], [4, 4], 16, -31]
['17', ['SYSIN'], [6], 17, 37]
['18_9', [9, 7], [6, 4], 18, -32]
['19_15_4', [15, 4], [6, 4], 19, 175]
['20_8', [17, 8], [6, 4], 20, -176]
['2_6', [6], [4], 2, 155]
['3', ['SYSIN'], [4], 3, 7]
['5_1', [1], [4], 5, 43]
['7', ['SYSIN'], [6], 7, 9]
['10', ['SYSIN'], [4], 10, 5]
['11_4', [4, 10], [6, 4], 11, 88]
['12_8', [3, 8], [4, 6], 12, -352]
['13_1', [7, 1], [6, 4], 13, 25]
['14_4', [4, 3], [6, 4], 14, 208]
['16_4', [7, 4], [6, 6], 16, -47]
['17', ['SYSIN'], [4], 17, 23]
['18_9', [9, 7], [4, 6], 18, -66]
['19_15_4', [15, 4], [4, 6], 19, 29]
['20_8', [17, 8], [4, 6], 20, -302]
['2_6', [6], [8], 2, 379]
['3', ['SYSIN'], [8], 3, 15]
['5_1', [1], [8], 5, 115]
['7', ['SYSIN'], [1], 7, -1]
['10', ['SYSIN'], [8], 10, 17]
['11_4', [4, 10], [1, 8], 11, -104]
['12_8', [3, 8], [8, 1], 12, -8]
['13_1', [7, 1], [1, 8], 13, -93]
['14_4', [4, 3], [1, 8], 14, -64]
['16_4', [7, 4], [1, 1], 16, -7]
['17', ['SYSIN'], [8], 17, 51]
['18_9', [9, 7], [8, 1], 18, 16]
['19_15_4', [15, 4], [8, 1], 19, 345]
['20_8', [17, 8], [8, 1], 20, 6]
['2_6', [6], [1], 2, -13]
['3', ['SYSIN'], [1], 3, 1]
['5_1', [1], [1], 5, -11]
['7', ['SYSIN'], [8], 7, 13]
['10', ['SYSIN'], [1], 10, -4]
['11_4', [4, 10], [8, 1], 11, 190]
['12_8', [3, 8], [1, 8], 12, -498]
['13_1', [7, 1], [8, 1], 13, 89]
['14_4', [4, 3], [8, 1], 14, 328]
['16_4', [7, 4], [8, 8], 16, -63]
['17', ['SYSIN'], [1], 17, 2]
['18_9', [9, 7], [1, 8], 18, -103]
['19_15_4', [15, 4], [1, 8], 19, -166]
['20_8', [17, 8], [1, 8], 20, -435]
['2_6', [6], [9], 2, 435]
['3', ['SYSIN'], [9], 3, 17]
['5_1', [1], [9], 5, 133]
['7', ['SYSIN'], [0], 7, -3]
['10', ['SYSIN'], [9], 10, 20]
['11_4', [4, 10], [0, 9], 11, -146]
['12_8', [3, 8], [9, 0], 12, 62]
['13_1', [7, 1], [0, 9], 13, -119]
['14_4', [4, 3], [0, 9], 14, -120]
['16_4', [7, 4], [0, 0], 16, 1]
['17', ['SYSIN'], [9], 17, 58]
['18_9', [9, 7], [9, 0], 18, 33]
['19_15_4', [15, 4], [9, 0], 19, 418]
['20_8', [17, 8], [9, 0], 20, 69]
['2_6', [6], [2], 2, 43]
['3', ['SYSIN'], [2], 3, 3]
['5_1', [1], [2], 5, 7]
['7', ['SYSIN'], [6], 7, 9]
['10', ['SYSIN'], [2], 10, -1]
['11_4', [4, 10], [6, 2], 11, 124]
['12_8', [3, 8], [2, 6], 12, -364]
['13_1', [7, 1], [6, 2], 13, 49]
['14_4', [4, 3], [6, 2], 14, 224]
['16_4', [7, 4], [6, 6], 16, -47]
['17', ['SYSIN'], [2], 17, 9]
['18_9', [9, 7], [2, 6], 18, -72]
['19_15_4', [15, 4], [2, 6], 19, -69]
['20_8', [17, 8], [2, 6], 20, -316]
['2_6', [6], [4], 2, 155]
['3', ['SYSIN'], [4], 3, 7]
['5_1', [1], [4], 5, 43]
['7', ['SYSIN'], [2], 7, 1]
['10', ['SYSIN'], [4], 10, 5]
['11_4', [4, 10], [2, 4], 11, -8]
['12_8', [3, 8], [4, 2], 12, -96]
['13_1', [7, 1], [2, 4], 13, -31]
['14_4', [4, 3], [2, 4], 14, 16]
['16_4', [7, 4], [2, 2], 16, -15]
['17', ['SYSIN'], [4], 17, 23]
['18_9', [9, 7], [4, 2], 18, -10]
['19_15_4', [15, 4], [4, 2], 19, 125]
['20_8', [17, 8], [4, 2], 20, -78]
['2_6', [6], [8], 2, 379]
['3', ['SYSIN'], [8], 3, 15]
['5_1', [1], [8], 5, 115]
['7', ['SYSIN'], [2], 7, 1]
['10', ['SYSIN'], [8], 10, 17]
['11_4', [4, 10], [2, 8], 11, -80]
['12_8', [3, 8], [8, 2], 12, -72]
['13_1', [7, 1], [2, 8], 13, -79]
['14_4', [4, 3], [2, 8], 14, -16]
['16_4', [7, 4], [2, 2], 16, -15]
['17', ['SYSIN'], [8], 17, 51]
['18_9', [9, 7], [8, 2], 18, 2]
['19_15_4', [15, 4], [8, 2], 19, 321]
['20_8', [17, 8], [8, 2], 20, -50]
['2_6', [6], [8], 2, 379]
['3', ['SYSIN'], [8], 3, 15]
['5_1', [1], [8], 5, 115]
['7', ['SYSIN'], [8], 7, 13]
['10', ['SYSIN'], [8], 10, 17]
['11_4', [4, 10], [8, 8], 11, 64]
['12_8', [3, 8], [8, 8], 12, -456]
['13_1', [7, 1], [8, 8], 13, 5]
['14_4', [4, 3], [8, 8], 14, 272]
['16_4', [7, 4], [8, 8], 16, -63]
['17', ['SYSIN'], [8], 17, 51]
['18_9', [9, 7], [8, 8], 18, -82]
['19_15_4', [15, 4], [8, 8], 19, 177]
['20_8', [17, 8], [8, 8], 20, -386]
['2_6', [6], [5], 2, 211]
['3', ['SYSIN'], [5], 3, 9]
['5_1', [1], [5], 5, 61]
['7', ['SYSIN'], [8], 7, 13]
['10', ['SYSIN'], [5], 10, 8]
['11_4', [4, 10], [8, 5], 11, 118]
['12_8', [3, 8], [5, 8], 12, -474]
['13_1', [7, 1], [8, 5], 13, 41]
['14_4', [4, 3], [8, 5], 14, 296]
['16_4', [7, 4], [8, 8], 16, -63]
['17', ['SYSIN'], [5], 17, 30]
['18_9', [9, 7], [5, 8], 18, -91]
['19_15_4', [15, 4], [5, 8], 19, 30]
['20_8', [17, 8], [5, 8], 20, -407]
['2_6', [6], [0], 2, -69]
['3', ['SYSIN'], [0], 3, -1]
['5_1', [1], [0], 5, -29]
['7', ['SYSIN'], [4], 7, 5]
['10', ['SYSIN'], [0], 10, -7]
['11_4', [4, 10], [4, 0], 11, 112]
['12_8', [3, 8], [0, 4], 12, -248]
['13_1', [7, 1], [4, 0], 13, 45]
['14_4', [4, 3], [4, 0], 14, 144]
['16_4', [7, 4], [4, 4], 16, -31]
['17', ['SYSIN'], [0], 17, -5]
['18_9', [9, 7], [0, 4], 18, -50]
['19_15_4', [15, 4], [0, 4], 19, -119]
['20_8', [17, 8], [0, 4], 20, -218]
['2_6', [6], [6], 2, 267]
['3', ['SYSIN'], [6], 3, 11]
['5_1', [1], [6], 5, 79]
['7', ['SYSIN'], [9], 7, 15]
['10', ['SYSIN'], [6], 10, 11]
['11_4', [4, 10], [9, 6], 11, 124]
['12_8', [3, 8], [6, 9], 12, -532]
['13_1', [7, 1], [9, 6], 13, 43]
['14_4', [4, 3], [9, 6], 14, 336]
['16_4', [7, 4], [9, 9], 16, -71]
['17', ['SYSIN'], [6], 17, 37]
['18_9', [9, 7], [6, 9], 18, -102]
['19_15_4', [15, 4], [6, 9], 19, 55]
['20_8', [17, 8], [6, 9], 20, -456]
['2_6', [6], [6], 2, 267]
['3', ['SYSIN'], [6], 3, 11]
['5_1', [1], [6], 5, 79]
['7', ['SYSIN'], [4], 7, 5]
['10', ['SYSIN'], [6], 10, 11]
['11_4', [4, 10], [4, 6], 11, 4]
['12_8', [3, 8], [6, 4], 12, -212]
['13_1', [7, 1], [4, 6], 13, -27]
['14_4', [4, 3], [4, 6], 14, 96]
['16_4', [7, 4], [4, 4], 16, -31]
['17', ['SYSIN'], [6], 17, 37]
['18_9', [9, 7], [6, 4], 18, -32]
['19_15_4', [15, 4], [6, 4], 19, 175]
['20_8', [17, 8], [6, 4], 20, -176]
['2_6', [6], [1], 2, -13]
['3', ['SYSIN'], [1], 3, 1]
['5_1', [1], [1], 5, -11]
['7', ['SYSIN'], [8], 7, 13]
['10', ['SYSIN'], [1], 10, -4]
['11_4', [4, 10], [8, 1], 11, 190]
['12_8', [3, 8], [1, 8], 12, -498]
['13_1', [7, 1], [8, 1], 13, 89]
['14_4', [4, 3], [8, 1], 14, 328]
['16_4', [7, 4], [8, 8], 16, -63]
['17', ['SYSIN'], [1], 17, 2]
['18_9', [9, 7], [1, 8], 18, -103]
['19_15_4', [15, 4], [1, 8], 19, -166]
['20_8', [17, 8], [1, 8], 20, -435]
['2_6', [6], [0], 2, -69]
['3', ['SYSIN'], [0], 3, -1]
['5_1', [1], [0], 5, -29]
['7', ['SYSIN'], [5], 7, 7]
['10', ['SYSIN'], [0], 10, -7]
['11_4', [4, 10], [5, 0], 11, 136]
['12_8', [3, 8], [0, 5], 12, -312]
['13_1', [7, 1], [5, 0], 13, 59]
['14_4', [4, 3], [5, 0], 14, 192]
['16_4', [7, 4], [5, 5], 16, -39]
['17', ['SYSIN'], [0], 17, -5]
['18_9', [9, 7], [0, 5], 18, -64]
['19_15_4', [15, 4], [0, 5], 19, -143]
['20_8', [17, 8], [0, 5], 20, -274]
['2_6', [6], [8], 2, 379]
['3', ['SYSIN'], [8], 3, 15]
['5_1', [1], [8], 5, 115]
['7', ['SYSIN'], [1], 7, -1]
['10', ['SYSIN'], [8], 10, 17]
['11_4', [4, 10], [1, 8], 11, -104]
['12_8', [3, 8], [8, 1], 12, -8]
['13_1', [7, 1], [1, 8], 13, -93]
['14_4', [4, 3], [1, 8], 14, -64]
['16_4', [7, 4], [1, 1], 16, -7]
['17', ['SYSIN'], [8], 17, 51]
['18_9', [9, 7], [8, 1], 18, 16]
['19_15_4', [15, 4], [8, 1], 19, 345]
['20_8', [17, 8], [8, 1], 20, 6]
['2_6', [6], [0], 2, -69]
['3', ['SYSIN'], [0], 3, -1]
['5_1', [1], [0], 5, -29]
['7', ['SYSIN'], [2], 7, 1]
['10', ['SYSIN'], [0], 10, -7]
['11_4', [4, 10], [2, 0], 11, 64]
['12_8', [3, 8], [0, 2], 12, -120]
['13_1', [7, 1], [2, 0], 13, 17]
['14_4', [4, 3], [2, 0], 14, 48]
['16_4', [7, 4], [2, 2], 16, -15]
['17', ['SYSIN'], [0], 17, -5]
['18_9', [9, 7], [0, 2], 18, -22]
['19_15_4', [15, 4], [0, 2], 19, -71]
['20_8', [17, 8], [0, 2], 20, -106]
['2_6', [6], [6], 2, 267]
['3', ['SYSIN'], [6], 3, 11]
['5_1', [1], [6], 5, 79]
['7', ['SYSIN'], [4], 7, 5]
['10', ['SYSIN'], [6], 10, 11]
['11_4', [4, 10], [4, 6], 11, 4]
['12_8', [3, 8], [6, 4], 12, -212]
['13_1', [7, 1], [4, 6], 13, -27]
['14_4', [4, 3], [4, 6], 14, 96]
['16_4', [7, 4], [4, 4], 16, -31]
['17', ['SYSIN'], [6], 17, 37]
['18_9', [9, 7], [6, 4], 18, -32]
['19_15_4', [15, 4], [6, 4], 19, 175]
['20_8', [17, 8], [6, 4], 20, -176]
['2_6', [6], [4], 2, 155]
['3', ['SYSIN'], [4], 3, 7]
['5_1', [1], [4], 5, 43]
['7', ['SYSIN'], [9], 7, 15]
['10', ['SYSIN'], [4], 10, 5]
['11_4', [4, 10], [9, 4], 11, 160]
['12_8', [3, 8], [4, 9], 12, -544]
['13_1', [7, 1], [9, 4], 13, 67]
['14_4', [4, 3], [9, 4], 14, 352]
['16_4', [7, 4], [9, 9], 16, -71]
['17', ['SYSIN'], [4], 17, 23]
['18_9', [9, 7], [4, 9], 18, -108]
['19_15_4', [15, 4], [4, 9], 19, -43]
['20_8', [17, 8], [4, 9], 20, -470]
['2_6', [6], [6], 2, 267]
['3', ['SYSIN'], [6], 3, 11]
['5_1', [1], [6], 5, 79]
['7', ['SYSIN'], [0], 7, -3]
['10', ['SYSIN'], [6], 10, 11]
['11_4', [4, 10], [0, 6], 11, -92]
['12_8', [3, 8], [6, 0], 12, 44]
['13_1', [7, 1], [0, 6], 13, -83]
['14_4', [4, 3], [0, 6], 14, -96]
['16_4', [7, 4], [0, 0], 16, 1]
['17', ['SYSIN'], [6], 17, 37]
['18_9', [9, 7], [6, 0], 18, 24]
['19_15_4', [15, 4], [6, 0], 19, 271]
['20_8', [17, 8], [6, 0], 20, 48]
['2_6', [6], [1], 2, -13]
['3', ['SYSIN'], [1], 3, 1]
['5_1', [1], [1], 5, -11]
['7', ['SYSIN'], [3], 7, 3]
['10', ['SYSIN'], [1], 10, -4]
['11_4', [4, 10], [3, 1], 11, 70]
['12_8', [3, 8], [1, 3], 12, -178]
['13_1', [7, 1], [3, 1], 13, 19]
['14_4', [4, 3], [3, 1], 14, 88]
['16_4', [7, 4], [3, 3], 16, -23]
['17', ['SYSIN'], [1], 17, 2]
['18_9', [9, 7], [1, 3], 18, -33]
['19_15_4', [15, 4], [1, 3], 19, -46]
['20_8', [17, 8], [1, 3], 20, -155]
['2_6', [6], [6], 2, 267]
['3', ['SYSIN'], [6], 3, 11]
['5_1', [1], [6], 5, 79]
['7', ['SYSIN'], [6], 7, 9]
['10', ['SYSIN'], [6], 10, 11]
['11_4', [4, 10], [6, 6], 11, 52]
['12_8', [3, 8], [6, 6], 12, -340]
['13_1', [7, 1], [6, 6], 13, 1]
['14_4', [4, 3], [6, 6], 14, 192]
['16_4', [7, 4], [6, 6], 16, -47]
['17', ['SYSIN'], [6], 17, 37]
['18_9', [9, 7], [6, 6], 18, -60]
['19_15_4', [15, 4], [6, 6], 19, 127]
['20_8', [17, 8], [6, 6], 20, -288]
['2_6', [6], [8], 2, 379]
['3', ['SYSIN'], [8], 3, 15]
['5_1', [1], [8], 5, 115]
['7', ['SYSIN'], [0], 7, -3]
['10', ['SYSIN'], [8], 10, 17]
['11_4', [4, 10], [0, 8], 11, -128]
['12_8', [3, 8], [8, 0], 12, 56]
['13_1', [7, 1], [0, 8], 13, -107]
['14_4', [4, 3], [0, 8], 14, -112]
['16_4', [7, 4], [0, 0], 16, 1]
['17', ['SYSIN'], [8], 17, 51]
['18_9', [9, 7], [8, 0], 18, 30]
['19_15_4', [15, 4], [8, 0], 19, 369]
['20_8', [17, 8], [8, 0], 20, 62]
['2_6', [6], [9], 2, 435]
['3', ['SYSIN'], [9], 3, 17]
['5_1', [1], [9], 5, 133]
['7', ['SYSIN'], [5], 7, 7]
['10', ['SYSIN'], [9], 10, 20]
['11_4', [4, 10], [5, 9], 11, -26]
['12_8', [3, 8], [9, 5], 12, -258]
['13_1', [7, 1], [5, 9], 13, -49]
['14_4', [4, 3], [5, 9], 14, 120]
['16_4', [7, 4], [5, 5], 16, -39]
['17', ['SYSIN'], [9], 17, 58]
['18_9', [9, 7], [9, 5], 18, -37]
['19_15_4', [15, 4], [9, 5], 19, 298]
['20_8', [17, 8], [9, 5], 20, -211]
['2_6', [6], [7], 2, 323]
['3', ['SYSIN'], [7], 3, 13]
['5_1', [1], [7], 5, 97]
['7', ['SYSIN'], [5], 7, 7]
['10', ['SYSIN'], [7], 10, 14]
['11_4', [4, 10], [5, 7], 11, 10]
['12_8', [3, 8], [7, 5], 12, -270]
['13_1', [7, 1], [5, 7], 13, -25]
['14_4', [4, 3], [5, 7], 14, 136]
['16_4', [7, 4], [5, 5], 16, -39]
['17', ['SYSIN'], [7], 17, 44]
['18_9', [9, 7], [7, 5], 18, -43]
['19_15_4', [15, 4], [7, 5], 19, 200]
['20_8', [17, 8], [7, 5], 20, -225]
['2_6', [6], [6], 2, 267]
['3', ['SYSIN'], [6], 3, 11]
['5_1', [1], [6], 5, 79]
['7', ['SYSIN'], [1], 7, -1]
['10', ['SYSIN'], [6], 10, 11]
['11_4', [4, 10], [1, 6], 11, -68]
['12_8', [3, 8], [6, 1], 12, -20]
['13_1', [7, 1], [1, 6], 13, -69]
['14_4', [4, 3], [1, 6], 14, -48]
['16_4', [7, 4], [1, 1], 16, -7]
['17', ['SYSIN'], [6], 17, 37]
['18_9', [9, 7], [6, 1], 18, 10]
['19_15_4', [15, 4], [6, 1], 19, 247]
['20_8', [17, 8], [6, 1], 20, -8]
['2_6', [6], [4], 2, 155]
['3', ['SYSIN'], [4], 3, 7]
['5_1', [1], [4], 5, 43]
['7', ['SYSIN'], [5], 7, 7]
['10', ['SYSIN'], [4], 10, 5]
['11_4', [4, 10], [5, 4], 11, 64]
['12_8', [3, 8], [4, 5], 12, -288]
['13_1', [7, 1], [5, 4], 13, 11]
['14_4', [4, 3], [5, 4], 14, 160]
['16_4', [7, 4], [5, 5], 16, -39]
['17', ['SYSIN'], [4], 17, 23]
['18_9', [9, 7], [4, 5], 18, -52]
['19_15_4', [15, 4], [4, 5], 19, 53]
['20_8', [17, 8], [4, 5], 20, -246]
['2_6', [6], [6], 2, 267]
['3', ['SYSIN'], [6], 3, 11]
['5_1', [1], [6], 5, 79]
['7', ['SYSIN'], [1], 7, -1]
['10', ['SYSIN'], [6], 10, 11]
['11_4', [4, 10], [1, 6], 11, -68]
['12_8', [3, 8], [6, 1], 12, -20]
['13_1', [7, 1], [1, 6], 13, -69]
['14_4', [4, 3], [1, 6], 14, -48]
['16_4', [7, 4], [1, 1], 16, -7]
['17', ['SYSIN'], [6], 17, 37]
['18_9', [9, 7], [6, 1], 18, 10]
['19_15_4', [15, 4], [6, 1], 19, 247]
['20_8', [17, 8], [6, 1], 20, -8]
['2_6', [6], [5], 2, 211]
['3', ['SYSIN'], [5], 3, 9]
['5_1', [1], [5], 5, 61]
['7', ['SYSIN'], [9], 7, 15]
['10', ['SYSIN'], [5], 10, 8]
['11_4', [4, 10], [9, 5], 11, 142]
['12_8', [3, 8], [5, 9], 12, -538]
['13_1', [7, 1], [9, 5], 13, 55]
['14_4', [4, 3], [9, 5], 14, 344]
['16_4', [7, 4], [9, 9], 16, -71]
['17', ['SYSIN'], [5], 17, 30]
['18_9', [9, 7], [5, 9], 18, -105]
['19_15_4', [15, 4], [5, 9], 19, 6]
['20_8', [17, 8], [5, 9], 20, -463]
['2_6', [6], [0], 2, -69]
['3', ['SYSIN'], [0], 3, -1]
['5_1', [1], [0], 5, -29]
['7', ['SYSIN'], [9], 7, 15]
['10', ['SYSIN'], [0], 10, -7]
['11_4', [4, 10], [9, 0], 11, 232]
['12_8', [3, 8], [0, 9], 12, -568]
['13_1', [7, 1], [9, 0], 13, 115]
['14_4', [4, 3], [9, 0], 14, 384]
['16_4', [7, 4], [9, 9], 16, -71]
['17', ['SYSIN'], [0], 17, -5]
['18_9', [9, 7], [0, 9], 18, -120]
['19_15_4', [15, 4], [0, 9], 19, -239]
['20_8', [17, 8], [0, 9], 20, -498]
['2_6', [6], [1], 2, -13]
['3', ['SYSIN'], [1], 3, 1]
['5_1', [1], [1], 5, -11]
['7', ['SYSIN'], [5], 7, 7]
['10', ['SYSIN'], [1], 10, -4]
['11_4', [4, 10], [5, 1], 11, 118]
['12_8', [3, 8], [1, 5], 12, -306]
['13_1', [7, 1], [5, 1], 13, 47]
['14_4', [4, 3], [5, 1], 14, 184]
['16_4', [7, 4], [5, 5], 16, -39]
['17', ['SYSIN'], [1], 17, 2]
['18_9', [9, 7], [1, 5], 18, -61]
['19_15_4', [15, 4], [1, 5], 19, -94]
['20_8', [17, 8], [1, 5], 20, -267]
['2_6', [6], [7], 2, 323]
['3', ['SYSIN'], [7], 3, 13]
['5_1', [1], [7], 5, 97]
['7', ['SYSIN'], [3], 7, 3]
['10', ['SYSIN'], [7], 10, 14]
['11_4', [4, 10], [3, 7], 11, -38]
['12_8', [3, 8], [7, 3], 12, -142]
['13_1', [7, 1], [3, 7], 13, -53]
['14_4', [4, 3], [3, 7], 14, 40]
['16_4', [7, 4], [3, 3], 16, -23]
['17', ['SYSIN'], [7], 17, 44]
['18_9', [9, 7], [7, 3], 18, -15]
['19_15_4', [15, 4], [7, 3], 19, 248]
['20_8', [17, 8], [7, 3], 20, -113]
['2_6', [6], [9], 2, 435]
['3', ['SYSIN'], [9], 3, 17]
['5_1', [1], [9], 5, 133]
['7', ['SYSIN'], [1], 7, -1]
['10', ['SYSIN'], [9], 10, 20]
['11_4', [4, 10], [1, 9], 11, -122]
['12_8', [3, 8], [9, 1], 12, -2]
['13_1', [7, 1], [1, 9], 13, -105]
['14_4', [4, 3], [1, 9], 14, -72]
['16_4', [7, 4], [1, 1], 16, -7]
['17', ['SYSIN'], [9], 17, 58]
['18_9', [9, 7], [9, 1], 18, 19]
['19_15_4', [15, 4], [9, 1], 19, 394]
['20_8', [17, 8], [9, 1], 20, 13]
['2_6', [6], [6], 2, 267]
['3', ['SYSIN'], [6], 3, 11]
['5_1', [1], [6], 5, 79]
['7', ['SYSIN'], [4], 7, 5]
['10', ['SYSIN'], [6], 10, 11]
['11_4', [4, 10], [4, 6], 11, 4]
['12_8', [3, 8], [6, 4], 12, -212]
['13_1', [7, 1], [4, 6], 13, -27]
['14_4', [4, 3], [4, 6], 14, 96]
['16_4', [7, 4], [4, 4], 16, -31]
['17', ['SYSIN'], [6], 17, 37]
['18_9', [9, 7], [6, 4], 18, -32]
['19_15_4', [15, 4], [6, 4], 19, 175]
['20_8', [17, 8], [6, 4], 20, -176]
['2_6', [6], [9], 2, 435]
['3', ['SYSIN'], [9], 3, 17]
['5_1', [1], [9], 5, 133]
['7', ['SYSIN'], [4], 7, 5]
['10', ['SYSIN'], [9], 10, 20]
['11_4', [4, 10], [4, 9], 11, -50]
['12_8', [3, 8], [9, 4], 12, -194]
['13_1', [7, 1], [4, 9], 13, -63]
['14_4', [4, 3], [4, 9], 14, 72]
['16_4', [7, 4], [4, 4], 16, -31]
['17', ['SYSIN'], [9], 17, 58]
['18_9', [9, 7], [9, 4], 18, -23]
['19_15_4', [15, 4], [9, 4], 19, 322]
['20_8', [17, 8], [9, 4], 20, -155]
['2_6', [6], [1], 2, -13]
['3', ['SYSIN'], [1], 3, 1]
['5_1', [1], [1], 5, -11]
['7', ['SYSIN'], [0], 7, -3]
['10', ['SYSIN'], [1], 10, -4]
['11_4', [4, 10], [0, 1], 11, -2]
['12_8', [3, 8], [1, 0], 12, 14]
['13_1', [7, 1], [0, 1], 13, -23]
['14_4', [4, 3], [0, 1], 14, -56]
['16_4', [7, 4], [0, 0], 16, 1]
['17', ['SYSIN'], [1], 17, 2]
['18_9', [9, 7], [1, 0], 18, 9]
['19_15_4', [15, 4], [1, 0], 19, 26]
['20_8', [17, 8], [1, 0], 20, 13]
['2_6', [6], [7], 2, 323]
['3', ['SYSIN'], [7], 3, 13]
['5_1', [1], [7], 5, 97]
['7', ['SYSIN'], [6], 7, 9]
['10', ['SYSIN'], [7], 10, 14]
['11_4', [4, 10], [6, 7], 11, 34]
['12_8', [3, 8], [7, 6], 12, -334]
['13_1', [7, 1], [6, 7], 13, -11]
['14_4', [4, 3], [6, 7], 14, 184]
['16_4', [7, 4], [6, 6], 16, -47]
['17', ['SYSIN'], [7], 17, 44]
['18_9', [9, 7], [7, 6], 18, -57]
['19_15_4', [15, 4], [7, 6], 19, 176]
['20_8', [17, 8], [7, 6], 20, -281]
['2_6', [6], [4], 2, 155]
['3', ['SYSIN'], [4], 3, 7]
['5_1', [1], [4], 5, 43]
['7', ['SYSIN'], [0], 7, -3]
['10', ['SYSIN'], [4], 10, 5]
['11_4', [4, 10], [0, 4], 11, -56]
['12_8', [3, 8], [4, 0], 12, 32]
['13_1', [7, 1], [0, 4], 13, -59]
['14_4', [4, 3], [0, 4], 14, -80]
['16_4', [7, 4], [0, 0], 16, 1]
['17', ['SYSIN'], [4], 17, 23]
['18_9', [9, 7], [4, 0], 18, 18]
['19_15_4', [15, 4], [4, 0], 19, 173]
['20_8', [17, 8], [4, 0], 20, 34]
['2_6', [6], [6], 2, 267]
['3', ['SYSIN'], [6], 3, 11]
['5_1', [1], [6], 5, 79]
['7', ['SYSIN'], [0], 7, -3]
['10', ['SYSIN'], [6], 10, 11]
['11_4', [4, 10], [0, 6], 11, -92]
['12_8', [3, 8], [6, 0], 12, 44]
['13_1', [7, 1], [0, 6], 13, -83]
['14_4', [4, 3], [0, 6], 14, -96]
['16_4', [7, 4], [0, 0], 16, 1]
['17', ['SYSIN'], [6], 17, 37]
['18_9', [9, 7], [6, 0], 18, 24]
['19_15_4', [15, 4], [6, 0], 19, 271]
['20_8', [17, 8], [6, 0], 20, 48]
['2_6', [6], [1], 2, -13]
['3', ['SYSIN'], [1], 3, 1]
['5_1', [1], [1], 5, -11]
['7', ['SYSIN'], [4], 7, 5]
['10', ['SYSIN'], [1], 10, -4]
['11_4', [4, 10], [4, 1], 11, 94]
['12_8', [3, 8], [1, 4], 12, -242]
['13_1', [7, 1], [4, 1], 13, 33]
['14_4', [4, 3], [4, 1], 14, 136]
['16_4', [7, 4], [4, 4], 16, -31]
['17', ['SYSIN'], [1], 17, 2]
['18_9', [9, 7], [1, 4], 18, -47]
['19_15_4', [15, 4], [1, 4], 19, -70]
['20_8', [17, 8], [1, 4], 20, -211]
['2_6', [6], [4], 2, 155]
['3', ['SYSIN'], [4], 3, 7]
['5_1', [1], [4], 5, 43]
['7', ['SYSIN'], [1], 7, -1]
['10', ['SYSIN'], [4], 10, 5]
['11_4', [4, 10], [1, 4], 11, -32]
['12_8', [3, 8], [4, 1], 12, -32]
['13_1', [7, 1], [1, 4], 13, -45]
['14_4', [4, 3], [1, 4], 14, -32]
['16_4', [7, 4], [1, 1], 16, -7]
['17', ['SYSIN'], [4], 17, 23]
['18_9', [9, 7], [4, 1], 18, 4]
['19_15_4', [15, 4], [4, 1], 19, 149]
['20_8', [17, 8], [4, 1], 20, -22]
['2_6', [6], [8], 2, 379]
['3', ['SYSIN'], [8], 3, 15]
['5_1', [1], [8], 5, 115]
['7', ['SYSIN'], [5], 7, 7]
['10', ['SYSIN'], [8], 10, 17]
['11_4', [4, 10], [5, 8], 11, -8]
['12_8', [3, 8], [8, 5], 12, -264]
['13_1', [7, 1], [5, 8], 13, -37]
['14_4', [4, 3], [5, 8], 14, 128]
['16_4', [7, 4], [5, 5], 16, -39]
['17', ['SYSIN'], [8], 17, 51]
['18_9', [9, 7], [8, 5], 18, -40]
['19_15_4', [15, 4], [8, 5], 19, 249]
['20_8', [17, 8], [8, 5], 20, -218]
['2_6', [6], [4], 2, 155]
['3', ['SYSIN'], [4], 3, 7]
['5_1', [1], [4], 5, 43]
['7', ['SYSIN'], [9], 7, 15]
['10', ['SYSIN'], [4], 10, 5]
['11_4', [4, 10], [9, 4], 11, 160]
['12_8', [3, 8], [4, 9], 12, -544]
['13_1', [7, 1], [9, 4], 13, 67]
['14_4', [4, 3], [9, 4], 14, 352]
['16_4', [7, 4], [9, 9], 16, -71]
['17', ['SYSIN'], [4], 17, 23]
['18_9', [9, 7], [4, 9], 18, -108]
['19_15_4', [15, 4], [4, 9], 19, -43]
['20_8', [17, 8], [4, 9], 20, -470]

TotalBuggyObservations:
10

BuggyObservations:
['2_6', [6], [7], 2, 323]
['3', ['SYSIN'], [7], 3, 13]
['5_1', [1], [7], 5, 226]
['7', ['SYSIN'], [5], 7, 7]
['10', ['SYSIN'], [7], 10, 14]
['11_4', [4, 10], [5, 7], 11, 10]
['12_8', [3, 8], [7, 5], 12, -270]
['13_1', [7, 1], [5, 7], 13, -111]
['14_4', [4, 3], [5, 7], 14, 277]
['16_4', [7, 4], [5, 5], 16, -39]
['17', ['SYSIN'], [7], 17, 44]
['18_9', [9, 7], [7, 5], 18, -43]
['19_15_4', [15, 4], [7, 5], 19, 406]
['20_8', [17, 8], [7, 5], 20, -225]
['2_6', [6], [3], 2, 99]
['3', ['SYSIN'], [3], 3, 5]
['5_1', [1], [3], 5, 82]
['7', ['SYSIN'], [8], 7, 13]
['10', ['SYSIN'], [3], 10, 2]
['11_4', [4, 10], [8, 3], 11, 154]
['12_8', [3, 8], [3, 8], 12, -486]
['13_1', [7, 1], [8, 3], 13, 27]
['14_4', [4, 3], [8, 3], 14, 629]
['16_4', [7, 4], [8, 8], 16, -63]
['17', ['SYSIN'], [3], 17, 16]
['18_9', [9, 7], [3, 8], 18, -97]
['19_15_4', [15, 4], [3, 8], 19, -130]
['20_8', [17, 8], [3, 8], 20, -421]
['2_6', [6], [4], 2, 155]
['3', ['SYSIN'], [4], 3, 7]
['5_1', [1], [4], 5, 118]
['7', ['SYSIN'], [3], 7, 3]
['10', ['SYSIN'], [4], 10, 5]
['11_4', [4, 10], [3, 4], 11, 16]
['12_8', [3, 8], [4, 3], 12, -160]
['13_1', [7, 1], [3, 4], 13, -67]
['14_4', [4, 3], [3, 4], 14, 133]
['16_4', [7, 4], [3, 3], 16, -23]
['17', ['SYSIN'], [4], 17, 23]
['18_9', [9, 7], [4, 3], 18, -24]
['19_15_4', [15, 4], [4, 3], 19, 208]
['20_8', [17, 8], [4, 3], 20, -134]
['2_6', [6], [3], 2, 99]
['3', ['SYSIN'], [3], 3, 5]
['5_1', [1], [3], 5, 82]
['7', ['SYSIN'], [8], 7, 13]
['10', ['SYSIN'], [3], 10, 2]
['11_4', [4, 10], [8, 3], 11, 154]
['12_8', [3, 8], [3, 8], 12, -486]
['13_1', [7, 1], [8, 3], 13, 27]
['14_4', [4, 3], [8, 3], 14, 629]
['16_4', [7, 4], [8, 8], 16, -63]
['17', ['SYSIN'], [3], 17, 16]
['18_9', [9, 7], [3, 8], 18, -97]
['19_15_4', [15, 4], [3, 8], 19, -130]
['20_8', [17, 8], [3, 8], 20, -421]
['2_6', [6], [6], 2, 267]
['3', ['SYSIN'], [6], 3, 11]
['5_1', [1], [6], 5, 190]
['7', ['SYSIN'], [4], 7, 5]
['10', ['SYSIN'], [6], 10, 11]
['11_4', [4, 10], [4, 6], 11, 4]
['12_8', [3, 8], [6, 4], 12, -212]
['13_1', [7, 1], [4, 6], 13, -101]
['14_4', [4, 3], [4, 6], 14, 197]
['16_4', [7, 4], [4, 4], 16, -31]
['17', ['SYSIN'], [6], 17, 37]
['18_9', [9, 7], [6, 4], 18, -32]
['19_15_4', [15, 4], [6, 4], 19, 356]
['20_8', [17, 8], [6, 4], 20, -176]
['2_6', [6], [1], 2, -13]
['3', ['SYSIN'], [1], 3, 1]
['5_1', [1], [1], 5, 10]
['7', ['SYSIN'], [0], 7, -3]
['10', ['SYSIN'], [1], 10, -4]
['11_4', [4, 10], [0, 1], 11, -2]
['12_8', [3, 8], [1, 0], 12, 14]
['13_1', [7, 1], [0, 1], 13, -37]
['14_4', [4, 3], [0, 1], 14, -107]
['16_4', [7, 4], [0, 0], 16, 1]
['17', ['SYSIN'], [1], 17, 2]
['18_9', [9, 7], [1, 0], 18, 9]
['19_15_4', [15, 4], [1, 0], 19, 58]
['20_8', [17, 8], [1, 0], 20, 13]
['2_6', [6], [1], 2, -13]
['3', ['SYSIN'], [1], 3, 1]
['5_1', [1], [1], 5, 10]
['7', ['SYSIN'], [7], 7, 11]
['10', ['SYSIN'], [1], 10, -4]
['11_4', [4, 10], [7, 1], 11, 166]
['12_8', [3, 8], [1, 7], 12, -434]
['13_1', [7, 1], [7, 1], 13, 61]
['14_4', [4, 3], [7, 1], 14, 565]
['16_4', [7, 4], [7, 7], 16, -55]
['17', ['SYSIN'], [1], 17, 2]
['18_9', [9, 7], [1, 7], 18, -89]
['19_15_4', [15, 4], [1, 7], 19, -278]
['20_8', [17, 8], [1, 7], 20, -379]
['2_6', [6], [7], 2, 323]
['3', ['SYSIN'], [7], 3, 13]
['5_1', [1], [7], 5, 226]
['7', ['SYSIN'], [3], 7, 3]
['10', ['SYSIN'], [7], 10, 14]
['11_4', [4, 10], [3, 7], 11, -38]
['12_8', [3, 8], [7, 3], 12, -142]
['13_1', [7, 1], [3, 7], 13, -139]
['14_4', [4, 3], [3, 7], 14, 85]
['16_4', [7, 4], [3, 3], 16, -23]
['17', ['SYSIN'], [7], 17, 44]
['18_9', [9, 7], [7, 3], 18, -15]
['19_15_4', [15, 4], [7, 3], 19, 502]
['20_8', [17, 8], [7, 3], 20, -113]
['2_6', [6], [9], 2, 435]
['3', ['SYSIN'], [9], 3, 17]
['5_1', [1], [9], 5, 298]
['7', ['SYSIN'], [7], 7, 11]
['10', ['SYSIN'], [9], 10, 20]
['11_4', [4, 10], [7, 9], 11, 22]
['12_8', [3, 8], [9, 7], 12, -386]
['13_1', [7, 1], [7, 9], 13, -131]
['14_4', [4, 3], [7, 9], 14, 437]
['16_4', [7, 4], [7, 7], 16, -55]
['17', ['SYSIN'], [9], 17, 58]
['18_9', [9, 7], [9, 7], 18, -65]
['19_15_4', [15, 4], [9, 7], 19, 506]
['20_8', [17, 8], [9, 7], 20, -323]
['2_6', [6], [7], 2, 323]
['3', ['SYSIN'], [7], 3, 13]
['5_1', [1], [7], 5, 226]
['7', ['SYSIN'], [5], 7, 7]
['10', ['SYSIN'], [7], 10, 14]
['11_4', [4, 10], [5, 7], 11, 10]
['12_8', [3, 8], [7, 5], 12, -270]
['13_1', [7, 1], [5, 7], 13, -111]
['14_4', [4, 3], [5, 7], 14, 277]
['16_4', [7, 4], [5, 5], 16, -39]
['17', ['SYSIN'], [7], 17, 44]
['18_9', [9, 7], [7, 5], 18, -43]
['19_15_4', [15, 4], [7, 5], 19, 406]
['20_8', [17, 8], [7, 5], 20, -225]

BuggyIds
19, 1, 14

MinRange:
0

MaxRange:
9
