Subsystems:
20_8
19_15_4
18_9
17
16_4
14_4
13_1
12_8
11_4
10
7
5_1
3
2_6

SYSINS:
1, 3, 4, 6, 7, 8, 9, 10, 15, 17

SYSOUTS:
20, 19, 18, 17, 16, 14, 13, 12, 11, 10, 7, 5, 3, 2

TotalRegularObservations:
10

NormalObservations:
['2_6', [6], [0], 2, -69]
['3', ['SYSIN'], [0], 3, -1]
['5_1', [1], [0], 5, -29]
['7', ['SYSIN'], [0], 7, -3]
['10', ['SYSIN'], [0], 10, -7]
['11_4', [4, 10], [0, 0], 11, 16]
['12_8', [3, 8], [0, 0], 12, 8]
['13_1', [7, 1], [0, 0], 13, -11]
['14_4', [4, 3], [0, 0], 14, -48]
['16_4', [7, 4], [0, 0], 16, 1]
['17', ['SYSIN'], [0], 17, -5]
['18_9', [9, 7], [0, 0], 18, 6]
['19_15_4', [15, 4], [0, 0], 19, -23]
['20_8', [17, 8], [0, 0], 20, 6]
['2_6', [6], [1], 2, -13]
['3', ['SYSIN'], [1], 3, 1]
['5_1', [1], [1], 5, -11]
['7', ['SYSIN'], [1], 7, -1]
['10', ['SYSIN'], [1], 10, -4]
['11_4', [4, 10], [1, 1], 11, 22]
['12_8', [3, 8], [1, 1], 12, -50]
['13_1', [7, 1], [1, 1], 13, -9]
['14_4', [4, 3], [1, 1], 14, -8]
['16_4', [7, 4], [1, 1], 16, -7]
['17', ['SYSIN'], [1], 17, 2]
['18_9', [9, 7], [1, 1], 18, -5]
['19_15_4', [15, 4], [1, 1], 19, 2]
['20_8', [17, 8], [1, 1], 20, -43]
['2_6', [6], [0], 2, -69]
['3', ['SYSIN'], [0], 3, -1]
['5_1', [1], [0], 5, -29]
['7', ['SYSIN'], [1], 7, -1]
['10', ['SYSIN'], [0], 10, -7]
['11_4', [4, 10], [1, 0], 11, 40]
['12_8', [3, 8], [0, 1], 12, -56]
['13_1', [7, 1], [1, 0], 13, 3]
['14_4', [4, 3], [1, 0], 14, 0]
['16_4', [7, 4], [1, 1], 16, -7]
['17', ['SYSIN'], [0], 17, -5]
['18_9', [9, 7], [0, 1], 18, -8]
['19_15_4', [15, 4], [0, 1], 19, -47]
['20_8', [17, 8], [0, 1], 20, -50]
['2_6', [6], [1], 2, -13]
['3', ['SYSIN'], [1], 3, 1]
['5_1', [1], [1], 5, -11]
['7', ['SYSIN'], [1], 7, -1]
['10', ['SYSIN'], [1], 10, -4]
['11_4', [4, 10], [1, 1], 11, 22]
['12_8', [3, 8], [1, 1], 12, -50]
['13_1', [7, 1], [1, 1], 13, -9]
['14_4', [4, 3], [1, 1], 14, -8]
['16_4', [7, 4], [1, 1], 16, -7]
['17', ['SYSIN'], [1], 17, 2]
['18_9', [9, 7], [1, 1], 18, -5]
['19_15_4', [15, 4], [1, 1], 19, 2]
['20_8', [17, 8], [1, 1], 20, -43]
['2_6', [6], [1], 2, -13]
['3', ['SYSIN'], [1], 3, 1]
['5_1', [1], [1], 5, -11]
['7', ['SYSIN'], [0], 7, -3]
['10', ['SYSIN'], [1], 10, -4]
['11_4', [4, 10], [0, 1], 11, -2]
['12_8', [3, 8], [1, 0], 12, 14]
['13_1', [7, 1], [0, 1], 13, -23]
['14_4', [4, 3], [0, 1], 14, -56]
['16_4', [7, 4], [0, 0], 16, 1]
['17', ['SYSIN'], [1], 17, 2]
['18_9', [9, 7], [1, 0], 18, 9]
['19_15_4', [15, 4], [1, 0], 19, 26]
['20_8', [17, 8], [1, 0], 20, 13]
['2_6', [6], [1], 2, -13]
['3', ['SYSIN'], [1], 3, 1]
['5_1', [1], [1], 5, -11]
['7', ['SYSIN'], [0], 7, -3]
['10', ['SYSIN'], [1], 10, -4]
['11_4', [4, 10], [0, 1], 11, -2]
['12_8', [3, 8], [1, 0], 12, 14]
['13_1', [7, 1], [0, 1], 13, -23]
['14_4', [4, 3], [0, 1], 14, -56]
['16_4', [7, 4], [0, 0], 16, 1]
['17', ['SYSIN'], [1], 17, 2]
['18_9', [9, 7], [1, 0], 18, 9]
['19_15_4', [15, 4], [1, 0], 19, 26]
['20_8', [17, 8], [1, 0], 20, 13]
['2_6', [6], [1], 2, -13]
['3', ['SYSIN'], [1], 3, 1]
['5_1', [1], [1], 5, -11]
['7', ['SYSIN'], [1], 7, -1]
['10', ['SYSIN'], [1], 10, -4]
['11_4', [4, 10], [1, 1], 11, 22]
['12_8', [3, 8], [1, 1], 12, -50]
['13_1', [7, 1], [1, 1], 13, -9]
['14_4', [4, 3], [1, 1], 14, -8]
['16_4', [7, 4], [1, 1], 16, -7]
['17', ['SYSIN'], [1], 17, 2]
['18_9', [9, 7], [1, 1], 18, -5]
['19_15_4', [15, 4], [1, 1], 19, 2]
['20_8', [17, 8], [1, 1], 20, -43]
['2_6', [6], [0], 2, -69]
['3', ['SYSIN'], [0], 3, -1]
['5_1', [1], [0], 5, -29]
['7', ['SYSIN'], [1], 7, -1]
['10', ['SYSIN'], [0], 10, -7]
['11_4', [4, 10], [1, 0], 11, 40]
['12_8', [3, 8], [0, 1], 12, -56]
['13_1', [7, 1], [1, 0], 13, 3]
['14_4', [4, 3], [1, 0], 14, 0]
['16_4', [7, 4], [1, 1], 16, -7]
['17', ['SYSIN'], [0], 17, -5]
['18_9', [9, 7], [0, 1], 18, -8]
['19_15_4', [15, 4], [0, 1], 19, -47]
['20_8', [17, 8], [0, 1], 20, -50]
['2_6', [6], [0], 2, -69]
['3', ['SYSIN'], [0], 3, -1]
['5_1', [1], [0], 5, -29]
['7', ['SYSIN'], [0], 7, -3]
['10', ['SYSIN'], [0], 10, -7]
['11_4', [4, 10], [0, 0], 11, 16]
['12_8', [3, 8], [0, 0], 12, 8]
['13_1', [7, 1], [0, 0], 13, -11]
['14_4', [4, 3], [0, 0], 14, -48]
['16_4', [7, 4], [0, 0], 16, 1]
['17', ['SYSIN'], [0], 17, -5]
['18_9', [9, 7], [0, 0], 18, 6]
['19_15_4', [15, 4], [0, 0], 19, -23]
['20_8', [17, 8], [0, 0], 20, 6]
['2_6', [6], [1], 2, -13]
['3', ['SYSIN'], [1], 3, 1]
['5_1', [1], [1], 5, -11]
['7', ['SYSIN'], [0], 7, -3]
['10', ['SYSIN'], [1], 10, -4]
['11_4', [4, 10], [0, 1], 11, -2]
['12_8', [3, 8], [1, 0], 12, 14]
['13_1', [7, 1], [0, 1], 13, -23]
['14_4', [4, 3], [0, 1], 14, -56]
['16_4', [7, 4], [0, 0], 16, 1]
['17', ['SYSIN'], [1], 17, 2]
['18_9', [9, 7], [1, 0], 18, 9]
['19_15_4', [15, 4], [1, 0], 19, 26]
['20_8', [17, 8], [1, 0], 20, 13]

TotalBuggyObservations:
10

BuggyObservations:
['2_6', [6], [1], 2, -20]
['3', ['SYSIN'], [1], 3, 1]
['5_1', [1], [1], 5, -11]
['7', ['SYSIN'], [1], 7, -1]
['10', ['SYSIN'], [1], 10, -4]
['11_4', [4, 10], [1, 1], 11, 22]
['12_8', [3, 8], [1, 1], 12, -50]
['13_1', [7, 1], [1, 1], 13, -9]
['14_4', [4, 3], [1, 1], 14, -8]
['16_4', [7, 4], [1, 1], 16, -7]
['17', ['SYSIN'], [1], 17, 2]
['18_9', [9, 7], [1, 1], 18, -5]
['19_15_4', [15, 4], [1, 1], 19, 2]
['20_8', [17, 8], [1, 1], 20, -43]
['2_6', [6], [1], 2, -20]
['3', ['SYSIN'], [1], 3, 1]
['5_1', [1], [1], 5, -11]
['7', ['SYSIN'], [0], 7, -3]
['10', ['SYSIN'], [1], 10, -4]
['11_4', [4, 10], [0, 1], 11, -2]
['12_8', [3, 8], [1, 0], 12, 14]
['13_1', [7, 1], [0, 1], 13, -23]
['14_4', [4, 3], [0, 1], 14, -56]
['16_4', [7, 4], [0, 0], 16, 1]
['17', ['SYSIN'], [1], 17, 2]
['18_9', [9, 7], [1, 0], 18, 9]
['19_15_4', [15, 4], [1, 0], 19, 26]
['20_8', [17, 8], [1, 0], 20, 13]
['2_6', [6], [0], 2, -132]
['3', ['SYSIN'], [0], 3, -1]
['5_1', [1], [0], 5, -29]
['7', ['SYSIN'], [1], 7, -1]
['10', ['SYSIN'], [0], 10, -7]
['11_4', [4, 10], [1, 0], 11, 40]
['12_8', [3, 8], [0, 1], 12, -56]
['13_1', [7, 1], [1, 0], 13, 3]
['14_4', [4, 3], [1, 0], 14, 0]
['16_4', [7, 4], [1, 1], 16, -7]
['17', ['SYSIN'], [0], 17, -5]
['18_9', [9, 7], [0, 1], 18, -8]
['19_15_4', [15, 4], [0, 1], 19, -47]
['20_8', [17, 8], [0, 1], 20, -50]
['2_6', [6], [1], 2, -20]
['3', ['SYSIN'], [1], 3, 1]
['5_1', [1], [1], 5, -11]
['7', ['SYSIN'], [1], 7, -1]
['10', ['SYSIN'], [1], 10, -4]
['11_4', [4, 10], [1, 1], 11, 22]
['12_8', [3, 8], [1, 1], 12, -50]
['13_1', [7, 1], [1, 1], 13, -9]
['14_4', [4, 3], [1, 1], 14, -8]
['16_4', [7, 4], [1, 1], 16, -7]
['17', ['SYSIN'], [1], 17, 2]
['18_9', [9, 7], [1, 1], 18, -5]
['19_15_4', [15, 4], [1, 1], 19, 2]
['20_8', [17, 8], [1, 1], 20, -43]
['2_6', [6], [0], 2, -132]
['3', ['SYSIN'], [0], 3, -1]
['5_1', [1], [0], 5, -29]
['7', ['SYSIN'], [1], 7, -1]
['10', ['SYSIN'], [0], 10, -7]
['11_4', [4, 10], [1, 0], 11, 40]
['12_8', [3, 8], [0, 1], 12, -56]
['13_1', [7, 1], [1, 0], 13, 3]
['14_4', [4, 3], [1, 0], 14, 0]
['16_4', [7, 4], [1, 1], 16, -7]
['17', ['SYSIN'], [0], 17, -5]
['18_9', [9, 7], [0, 1], 18, -8]
['19_15_4', [15, 4], [0, 1], 19, -47]
['20_8', [17, 8], [0, 1], 20, -50]
['2_6', [6], [1], 2, -20]
['3', ['SYSIN'], [1], 3, 1]
['5_1', [1], [1], 5, -11]
['7', ['SYSIN'], [1], 7, -1]
['10', ['SYSIN'], [1], 10, -4]
['11_4', [4, 10], [1, 1], 11, 22]
['12_8', [3, 8], [1, 1], 12, -50]
['13_1', [7, 1], [1, 1], 13, -9]
['14_4', [4, 3], [1, 1], 14, -8]
['16_4', [7, 4], [1, 1], 16, -7]
['17', ['SYSIN'], [1], 17, 2]
['18_9', [9, 7], [1, 1], 18, -5]
['19_15_4', [15, 4], [1, 1], 19, 2]
['20_8', [17, 8], [1, 1], 20, -43]
['2_6', [6], [1], 2, -20]
['3', ['SYSIN'], [1], 3, 1]
['5_1', [1], [1], 5, -11]
['7', ['SYSIN'], [0], 7, -3]
['10', ['SYSIN'], [1], 10, -4]
['11_4', [4, 10], [0, 1], 11, -2]
['12_8', [3, 8], [1, 0], 12, 14]
['13_1', [7, 1], [0, 1], 13, -23]
['14_4', [4, 3], [0, 1], 14, -56]
['16_4', [7, 4], [0, 0], 16, 1]
['17', ['SYSIN'], [1], 17, 2]
['18_9', [9, 7], [1, 0], 18, 9]
['19_15_4', [15, 4], [1, 0], 19, 26]
['20_8', [17, 8], [1, 0], 20, 13]
['2_6', [6], [1], 2, -20]
['3', ['SYSIN'], [1], 3, 1]
['5_1', [1], [1], 5, -11]
['7', ['SYSIN'], [1], 7, -1]
['10', ['SYSIN'], [1], 10, -4]
['11_4', [4, 10], [1, 1], 11, 22]
['12_8', [3, 8], [1, 1], 12, -50]
['13_1', [7, 1], [1, 1], 13, -9]
['14_4', [4, 3], [1, 1], 14, -8]
['16_4', [7, 4], [1, 1], 16, -7]
['17', ['SYSIN'], [1], 17, 2]
['18_9', [9, 7], [1, 1], 18, -5]
['19_15_4', [15, 4], [1, 1], 19, 2]
['20_8', [17, 8], [1, 1], 20, -43]
['2_6', [6], [1], 2, -20]
['3', ['SYSIN'], [1], 3, 1]
['5_1', [1], [1], 5, -11]
['7', ['SYSIN'], [0], 7, -3]
['10', ['SYSIN'], [1], 10, -4]
['11_4', [4, 10], [0, 1], 11, -2]
['12_8', [3, 8], [1, 0], 12, 14]
['13_1', [7, 1], [0, 1], 13, -23]
['14_4', [4, 3], [0, 1], 14, -56]
['16_4', [7, 4], [0, 0], 16, 1]
['17', ['SYSIN'], [1], 17, 2]
['18_9', [9, 7], [1, 0], 18, 9]
['19_15_4', [15, 4], [1, 0], 19, 26]
['20_8', [17, 8], [1, 0], 20, 13]
['2_6', [6], [1], 2, -20]
['3', ['SYSIN'], [1], 3, 1]
['5_1', [1], [1], 5, -11]
['7', ['SYSIN'], [1], 7, -1]
['10', ['SYSIN'], [1], 10, -4]
['11_4', [4, 10], [1, 1], 11, 22]
['12_8', [3, 8], [1, 1], 12, -50]
['13_1', [7, 1], [1, 1], 13, -9]
['14_4', [4, 3], [1, 1], 14, -8]
['16_4', [7, 4], [1, 1], 16, -7]
['17', ['SYSIN'], [1], 17, 2]
['18_9', [9, 7], [1, 1], 18, -5]
['19_15_4', [15, 4], [1, 1], 19, 2]
['20_8', [17, 8], [1, 1], 20, -43]

BuggyIds
2

MinRange:
0

MaxRange:
1
