Subsystems:
20_8
19_15_4
18_9
17
16_4
14_4
13_1
12_8
11_4
10
7
5_1
3
2_6

SYSINS:
1, 3, 4, 6, 7, 8, 9, 10, 15, 17

SYSOUTS:
20, 19, 18, 17, 16, 14, 13, 12, 11, 10, 7, 5, 3, 2

TotalRegularObservations:
10

NormalObservations:
['2_6', [6], [3], 2, 99]
['3', ['SYSIN'], [3], 3, 5]
['5_1', [1], [3], 5, 25]
['7', ['SYSIN'], [3], 7, 3]
['10', ['SYSIN'], [3], 10, 2]
['11_4', [4, 10], [3, 3], 11, 34]
['12_8', [3, 8], [3, 3], 12, -166]
['13_1', [7, 1], [3, 3], 13, -5]
['14_4', [4, 3], [3, 3], 14, 72]
['16_4', [7, 4], [3, 3], 16, -23]
['17', ['SYSIN'], [3], 17, 16]
['18_9', [9, 7], [3, 3], 18, -27]
['19_15_4', [15, 4], [3, 3], 19, 52]
['20_8', [17, 8], [3, 3], 20, -141]
['2_6', [6], [3], 2, 99]
['3', ['SYSIN'], [3], 3, 5]
['5_1', [1], [3], 5, 25]
['7', ['SYSIN'], [0], 7, -3]
['10', ['SYSIN'], [3], 10, 2]
['11_4', [4, 10], [0, 3], 11, -38]
['12_8', [3, 8], [3, 0], 12, 26]
['13_1', [7, 1], [0, 3], 13, -47]
['14_4', [4, 3], [0, 3], 14, -72]
['16_4', [7, 4], [0, 0], 16, 1]
['17', ['SYSIN'], [3], 17, 16]
['18_9', [9, 7], [3, 0], 18, 15]
['19_15_4', [15, 4], [3, 0], 19, 124]
['20_8', [17, 8], [3, 0], 20, 27]
['2_6', [6], [4], 2, 155]
['3', ['SYSIN'], [4], 3, 7]
['5_1', [1], [4], 5, 43]
['7', ['SYSIN'], [3], 7, 3]
['10', ['SYSIN'], [4], 10, 5]
['11_4', [4, 10], [3, 4], 11, 16]
['12_8', [3, 8], [4, 3], 12, -160]
['13_1', [7, 1], [3, 4], 13, -17]
['14_4', [4, 3], [3, 4], 14, 64]
['16_4', [7, 4], [3, 3], 16, -23]
['17', ['SYSIN'], [4], 17, 23]
['18_9', [9, 7], [4, 3], 18, -24]
['19_15_4', [15, 4], [4, 3], 19, 101]
['20_8', [17, 8], [4, 3], 20, -134]
['2_6', [6], [4], 2, 155]
['3', ['SYSIN'], [4], 3, 7]
['5_1', [1], [4], 5, 43]
['7', ['SYSIN'], [1], 7, -1]
['10', ['SYSIN'], [4], 10, 5]
['11_4', [4, 10], [1, 4], 11, -32]
['12_8', [3, 8], [4, 1], 12, -32]
['13_1', [7, 1], [1, 4], 13, -45]
['14_4', [4, 3], [1, 4], 14, -32]
['16_4', [7, 4], [1, 1], 16, -7]
['17', ['SYSIN'], [4], 17, 23]
['18_9', [9, 7], [4, 1], 18, 4]
['19_15_4', [15, 4], [4, 1], 19, 149]
['20_8', [17, 8], [4, 1], 20, -22]
['2_6', [6], [2], 2, 43]
['3', ['SYSIN'], [2], 3, 3]
['5_1', [1], [2], 5, 7]
['7', ['SYSIN'], [4], 7, 5]
['10', ['SYSIN'], [2], 10, -1]
['11_4', [4, 10], [4, 2], 11, 76]
['12_8', [3, 8], [2, 4], 12, -236]
['13_1', [7, 1], [4, 2], 13, 21]
['14_4', [4, 3], [4, 2], 14, 128]
['16_4', [7, 4], [4, 4], 16, -31]
['17', ['SYSIN'], [2], 17, 9]
['18_9', [9, 7], [2, 4], 18, -44]
['19_15_4', [15, 4], [2, 4], 19, -21]
['20_8', [17, 8], [2, 4], 20, -204]
['2_6', [6], [4], 2, 155]
['3', ['SYSIN'], [4], 3, 7]
['5_1', [1], [4], 5, 43]
['7', ['SYSIN'], [1], 7, -1]
['10', ['SYSIN'], [4], 10, 5]
['11_4', [4, 10], [1, 4], 11, -32]
['12_8', [3, 8], [4, 1], 12, -32]
['13_1', [7, 1], [1, 4], 13, -45]
['14_4', [4, 3], [1, 4], 14, -32]
['16_4', [7, 4], [1, 1], 16, -7]
['17', ['SYSIN'], [4], 17, 23]
['18_9', [9, 7], [4, 1], 18, 4]
['19_15_4', [15, 4], [4, 1], 19, 149]
['20_8', [17, 8], [4, 1], 20, -22]
['2_6', [6], [0], 2, -69]
['3', ['SYSIN'], [0], 3, -1]
['5_1', [1], [0], 5, -29]
['7', ['SYSIN'], [2], 7, 1]
['10', ['SYSIN'], [0], 10, -7]
['11_4', [4, 10], [2, 0], 11, 64]
['12_8', [3, 8], [0, 2], 12, -120]
['13_1', [7, 1], [2, 0], 13, 17]
['14_4', [4, 3], [2, 0], 14, 48]
['16_4', [7, 4], [2, 2], 16, -15]
['17', ['SYSIN'], [0], 17, -5]
['18_9', [9, 7], [0, 2], 18, -22]
['19_15_4', [15, 4], [0, 2], 19, -71]
['20_8', [17, 8], [0, 2], 20, -106]
['2_6', [6], [1], 2, -13]
['3', ['SYSIN'], [1], 3, 1]
['5_1', [1], [1], 5, -11]
['7', ['SYSIN'], [2], 7, 1]
['10', ['SYSIN'], [1], 10, -4]
['11_4', [4, 10], [2, 1], 11, 46]
['12_8', [3, 8], [1, 2], 12, -114]
['13_1', [7, 1], [2, 1], 13, 5]
['14_4', [4, 3], [2, 1], 14, 40]
['16_4', [7, 4], [2, 2], 16, -15]
['17', ['SYSIN'], [1], 17, 2]
['18_9', [9, 7], [1, 2], 18, -19]
['19_15_4', [15, 4], [1, 2], 19, -22]
['20_8', [17, 8], [1, 2], 20, -99]
['2_6', [6], [0], 2, -69]
['3', ['SYSIN'], [0], 3, -1]
['5_1', [1], [0], 5, -29]
['7', ['SYSIN'], [4], 7, 5]
['10', ['SYSIN'], [0], 10, -7]
['11_4', [4, 10], [4, 0], 11, 112]
['12_8', [3, 8], [0, 4], 12, -248]
['13_1', [7, 1], [4, 0], 13, 45]
['14_4', [4, 3], [4, 0], 14, 144]
['16_4', [7, 4], [4, 4], 16, -31]
['17', ['SYSIN'], [0], 17, -5]
['18_9', [9, 7], [0, 4], 18, -50]
['19_15_4', [15, 4], [0, 4], 19, -119]
['20_8', [17, 8], [0, 4], 20, -218]
['2_6', [6], [3], 2, 99]
['3', ['SYSIN'], [3], 3, 5]
['5_1', [1], [3], 5, 25]
['7', ['SYSIN'], [0], 7, -3]
['10', ['SYSIN'], [3], 10, 2]
['11_4', [4, 10], [0, 3], 11, -38]
['12_8', [3, 8], [3, 0], 12, 26]
['13_1', [7, 1], [0, 3], 13, -47]
['14_4', [4, 3], [0, 3], 14, -72]
['16_4', [7, 4], [0, 0], 16, 1]
['17', ['SYSIN'], [3], 17, 16]
['18_9', [9, 7], [3, 0], 18, 15]
['19_15_4', [15, 4], [3, 0], 19, 124]
['20_8', [17, 8], [3, 0], 20, 27]

TotalBuggyObservations:
10

BuggyObservations:
['2_6', [6], [3], 2, 99]
['3', ['SYSIN'], [3], 3, 5]
['5_1', [1], [3], 5, 25]
['7', ['SYSIN'], [4], 7, 5]
['10', ['SYSIN'], [3], 10, 2]
['11_4', [4, 10], [4, 3], 11, 58]
['12_8', [3, 8], [3, 4], 12, -230]
['13_1', [7, 1], [4, 3], 13, 9]
['14_4', [4, 3], [4, 3], 14, 120]
['16_4', [7, 4], [4, 4], 16, -31]
['17', ['SYSIN'], [3], 17, 16]
['18_9', [9, 7], [3, 4], 18, -41]
['19_15_4', [15, 4], [3, 4], 19, 62]
['20_8', [17, 8], [3, 4], 20, -197]
['2_6', [6], [1], 2, -13]
['3', ['SYSIN'], [1], 3, 1]
['5_1', [1], [1], 5, -11]
['7', ['SYSIN'], [3], 7, 3]
['10', ['SYSIN'], [1], 10, -4]
['11_4', [4, 10], [3, 1], 11, 70]
['12_8', [3, 8], [1, 3], 12, -178]
['13_1', [7, 1], [3, 1], 13, 19]
['14_4', [4, 3], [3, 1], 14, 88]
['16_4', [7, 4], [3, 3], 16, -23]
['17', ['SYSIN'], [1], 17, 2]
['18_9', [9, 7], [1, 3], 18, -33]
['19_15_4', [15, 4], [1, 3], 19, -86]
['20_8', [17, 8], [1, 3], 20, -155]
['2_6', [6], [2], 2, 43]
['3', ['SYSIN'], [2], 3, 3]
['5_1', [1], [2], 5, 7]
['7', ['SYSIN'], [2], 7, 1]
['10', ['SYSIN'], [2], 10, -1]
['11_4', [4, 10], [2, 2], 11, 28]
['12_8', [3, 8], [2, 2], 12, -108]
['13_1', [7, 1], [2, 2], 13, -7]
['14_4', [4, 3], [2, 2], 14, 32]
['16_4', [7, 4], [2, 2], 16, -15]
['17', ['SYSIN'], [2], 17, 9]
['18_9', [9, 7], [2, 2], 18, -16]
['19_15_4', [15, 4], [2, 2], 19, 60]
['20_8', [17, 8], [2, 2], 20, -92]
['2_6', [6], [1], 2, -13]
['3', ['SYSIN'], [1], 3, 1]
['5_1', [1], [1], 5, -11]
['7', ['SYSIN'], [3], 7, 3]
['10', ['SYSIN'], [1], 10, -4]
['11_4', [4, 10], [3, 1], 11, 70]
['12_8', [3, 8], [1, 3], 12, -178]
['13_1', [7, 1], [3, 1], 13, 19]
['14_4', [4, 3], [3, 1], 14, 88]
['16_4', [7, 4], [3, 3], 16, -23]
['17', ['SYSIN'], [1], 17, 2]
['18_9', [9, 7], [1, 3], 18, -33]
['19_15_4', [15, 4], [1, 3], 19, -86]
['20_8', [17, 8], [1, 3], 20, -155]
['2_6', [6], [3], 2, 99]
['3', ['SYSIN'], [3], 3, 5]
['5_1', [1], [3], 5, 25]
['7', ['SYSIN'], [3], 7, 3]
['10', ['SYSIN'], [3], 10, 2]
['11_4', [4, 10], [3, 3], 11, 34]
['12_8', [3, 8], [3, 3], 12, -166]
['13_1', [7, 1], [3, 3], 13, -5]
['14_4', [4, 3], [3, 3], 14, 72]
['16_4', [7, 4], [3, 3], 16, -23]
['17', ['SYSIN'], [3], 17, 16]
['18_9', [9, 7], [3, 3], 18, -27]
['19_15_4', [15, 4], [3, 3], 19, 110]
['20_8', [17, 8], [3, 3], 20, -141]
['2_6', [6], [0], 2, -69]
['3', ['SYSIN'], [0], 3, -1]
['5_1', [1], [0], 5, -29]
['7', ['SYSIN'], [3], 7, 3]
['10', ['SYSIN'], [0], 10, -7]
['11_4', [4, 10], [3, 0], 11, 88]
['12_8', [3, 8], [0, 3], 12, -184]
['13_1', [7, 1], [3, 0], 13, 31]
['14_4', [4, 3], [3, 0], 14, 96]
['16_4', [7, 4], [3, 3], 16, -23]
['17', ['SYSIN'], [0], 17, -5]
['18_9', [9, 7], [0, 3], 18, -36]
['19_15_4', [15, 4], [0, 3], 19, -184]
['20_8', [17, 8], [0, 3], 20, -162]
['2_6', [6], [3], 2, 99]
['3', ['SYSIN'], [3], 3, 5]
['5_1', [1], [3], 5, 25]
['7', ['SYSIN'], [1], 7, -1]
['10', ['SYSIN'], [3], 10, 2]
['11_4', [4, 10], [1, 3], 11, -14]
['12_8', [3, 8], [3, 1], 12, -38]
['13_1', [7, 1], [1, 3], 13, -33]
['14_4', [4, 3], [1, 3], 14, -24]
['16_4', [7, 4], [1, 1], 16, -7]
['17', ['SYSIN'], [3], 17, 16]
['18_9', [9, 7], [3, 1], 18, 1]
['19_15_4', [15, 4], [3, 1], 19, 206]
['20_8', [17, 8], [3, 1], 20, -29]
['2_6', [6], [4], 2, 155]
['3', ['SYSIN'], [4], 3, 7]
['5_1', [1], [4], 5, 43]
['7', ['SYSIN'], [1], 7, -1]
['10', ['SYSIN'], [4], 10, 5]
['11_4', [4, 10], [1, 4], 11, -32]
['12_8', [3, 8], [4, 1], 12, -32]
['13_1', [7, 1], [1, 4], 13, -45]
['14_4', [4, 3], [1, 4], 14, -32]
['16_4', [7, 4], [1, 1], 16, -7]
['17', ['SYSIN'], [4], 17, 23]
['18_9', [9, 7], [4, 1], 18, 4]
['19_15_4', [15, 4], [4, 1], 19, 304]
['20_8', [17, 8], [4, 1], 20, -22]
['2_6', [6], [4], 2, 155]
['3', ['SYSIN'], [4], 3, 7]
['5_1', [1], [4], 5, 43]
['7', ['SYSIN'], [3], 7, 3]
['10', ['SYSIN'], [4], 10, 5]
['11_4', [4, 10], [3, 4], 11, 16]
['12_8', [3, 8], [4, 3], 12, -160]
['13_1', [7, 1], [3, 4], 13, -17]
['14_4', [4, 3], [3, 4], 14, 64]
['16_4', [7, 4], [3, 3], 16, -23]
['17', ['SYSIN'], [4], 17, 23]
['18_9', [9, 7], [4, 3], 18, -24]
['19_15_4', [15, 4], [4, 3], 19, 208]
['20_8', [17, 8], [4, 3], 20, -134]
['2_6', [6], [0], 2, -69]
['3', ['SYSIN'], [0], 3, -1]
['5_1', [1], [0], 5, -29]
['7', ['SYSIN'], [2], 7, 1]
['10', ['SYSIN'], [0], 10, -7]
['11_4', [4, 10], [2, 0], 11, 64]
['12_8', [3, 8], [0, 2], 12, -120]
['13_1', [7, 1], [2, 0], 13, 17]
['14_4', [4, 3], [2, 0], 14, 48]
['16_4', [7, 4], [2, 2], 16, -15]
['17', ['SYSIN'], [0], 17, -5]
['18_9', [9, 7], [0, 2], 18, -22]
['19_15_4', [15, 4], [0, 2], 19, -136]
['20_8', [17, 8], [0, 2], 20, -106]

BuggyIds
19

MinRange:
0

MaxRange:
4
