Subsystems:
20_8
19_15_4
18_9
17
16_4
14_4
13_1
12_8
11_4
10
7
5_1
3
2_6

SYSINS:
1, 3, 4, 6, 7, 8, 9, 10, 15, 17

SYSOUTS:
20, 19, 18, 17, 16, 14, 13, 12, 11, 10, 7, 5, 3, 2

TotalRegularObservations:
10

NormalObservations:
['2_6', [6], [3], 2, 99]
['3', ['SYSIN'], [3], 3, 5]
['5_1', [1], [3], 5, 25]
['7', ['SYSIN'], [1], 7, -1]
['10', ['SYSIN'], [3], 10, 2]
['11_4', [4, 10], [1, 3], 11, -14]
['12_8', [3, 8], [3, 1], 12, -38]
['13_1', [7, 1], [1, 3], 13, -33]
['14_4', [4, 3], [1, 3], 14, -24]
['16_4', [7, 4], [1, 1], 16, -7]
['17', ['SYSIN'], [3], 17, 16]
['18_9', [9, 7], [3, 1], 18, 1]
['19_15_4', [15, 4], [3, 1], 19, 100]
['20_8', [17, 8], [3, 1], 20, -29]
['2_6', [6], [5], 2, 211]
['3', ['SYSIN'], [5], 3, 9]
['5_1', [1], [5], 5, 61]
['7', ['SYSIN'], [7], 7, 11]
['10', ['SYSIN'], [5], 10, 8]
['11_4', [4, 10], [7, 5], 11, 94]
['12_8', [3, 8], [5, 7], 12, -410]
['13_1', [7, 1], [7, 5], 13, 27]
['14_4', [4, 3], [7, 5], 14, 248]
['16_4', [7, 4], [7, 7], 16, -55]
['17', ['SYSIN'], [5], 17, 30]
['18_9', [9, 7], [5, 7], 18, -77]
['19_15_4', [15, 4], [5, 7], 19, 54]
['20_8', [17, 8], [5, 7], 20, -351]
['2_6', [6], [9], 2, 435]
['3', ['SYSIN'], [9], 3, 17]
['5_1', [1], [9], 5, 133]
['7', ['SYSIN'], [2], 7, 1]
['10', ['SYSIN'], [9], 10, 20]
['11_4', [4, 10], [2, 9], 11, -98]
['12_8', [3, 8], [9, 2], 12, -66]
['13_1', [7, 1], [2, 9], 13, -91]
['14_4', [4, 3], [2, 9], 14, -24]
['16_4', [7, 4], [2, 2], 16, -15]
['17', ['SYSIN'], [9], 17, 58]
['18_9', [9, 7], [9, 2], 18, 5]
['19_15_4', [15, 4], [9, 2], 19, 370]
['20_8', [17, 8], [9, 2], 20, -43]
['2_6', [6], [9], 2, 435]
['3', ['SYSIN'], [9], 3, 17]
['5_1', [1], [9], 5, 133]
['7', ['SYSIN'], [7], 7, 11]
['10', ['SYSIN'], [9], 10, 20]
['11_4', [4, 10], [7, 9], 11, 22]
['12_8', [3, 8], [9, 7], 12, -386]
['13_1', [7, 1], [7, 9], 13, -21]
['14_4', [4, 3], [7, 9], 14, 216]
['16_4', [7, 4], [7, 7], 16, -55]
['17', ['SYSIN'], [9], 17, 58]
['18_9', [9, 7], [9, 7], 18, -65]
['19_15_4', [15, 4], [9, 7], 19, 250]
['20_8', [17, 8], [9, 7], 20, -323]
['2_6', [6], [8], 2, 379]
['3', ['SYSIN'], [8], 3, 15]
['5_1', [1], [8], 5, 115]
['7', ['SYSIN'], [4], 7, 5]
['10', ['SYSIN'], [8], 10, 17]
['11_4', [4, 10], [4, 8], 11, -32]
['12_8', [3, 8], [8, 4], 12, -200]
['13_1', [7, 1], [4, 8], 13, -51]
['14_4', [4, 3], [4, 8], 14, 80]
['16_4', [7, 4], [4, 4], 16, -31]
['17', ['SYSIN'], [8], 17, 51]
['18_9', [9, 7], [8, 4], 18, -26]
['19_15_4', [15, 4], [8, 4], 19, 273]
['20_8', [17, 8], [8, 4], 20, -162]
['2_6', [6], [8], 2, 379]
['3', ['SYSIN'], [8], 3, 15]
['5_1', [1], [8], 5, 115]
['7', ['SYSIN'], [9], 7, 15]
['10', ['SYSIN'], [8], 10, 17]
['11_4', [4, 10], [9, 8], 11, 88]
['12_8', [3, 8], [8, 9], 12, -520]
['13_1', [7, 1], [9, 8], 13, 19]
['14_4', [4, 3], [9, 8], 14, 320]
['16_4', [7, 4], [9, 9], 16, -71]
['17', ['SYSIN'], [8], 17, 51]
['18_9', [9, 7], [8, 9], 18, -96]
['19_15_4', [15, 4], [8, 9], 19, 153]
['20_8', [17, 8], [8, 9], 20, -442]
['2_6', [6], [2], 2, 43]
['3', ['SYSIN'], [2], 3, 3]
['5_1', [1], [2], 5, 7]
['7', ['SYSIN'], [8], 7, 13]
['10', ['SYSIN'], [2], 10, -1]
['11_4', [4, 10], [8, 2], 11, 172]
['12_8', [3, 8], [2, 8], 12, -492]
['13_1', [7, 1], [8, 2], 13, 77]
['14_4', [4, 3], [8, 2], 14, 320]
['16_4', [7, 4], [8, 8], 16, -63]
['17', ['SYSIN'], [2], 17, 9]
['18_9', [9, 7], [2, 8], 18, -100]
['19_15_4', [15, 4], [2, 8], 19, -117]
['20_8', [17, 8], [2, 8], 20, -428]
['2_6', [6], [4], 2, 155]
['3', ['SYSIN'], [4], 3, 7]
['5_1', [1], [4], 5, 43]
['7', ['SYSIN'], [0], 7, -3]
['10', ['SYSIN'], [4], 10, 5]
['11_4', [4, 10], [0, 4], 11, -56]
['12_8', [3, 8], [4, 0], 12, 32]
['13_1', [7, 1], [0, 4], 13, -59]
['14_4', [4, 3], [0, 4], 14, -80]
['16_4', [7, 4], [0, 0], 16, 1]
['17', ['SYSIN'], [4], 17, 23]
['18_9', [9, 7], [4, 0], 18, 18]
['19_15_4', [15, 4], [4, 0], 19, 173]
['20_8', [17, 8], [4, 0], 20, 34]
['2_6', [6], [3], 2, 99]
['3', ['SYSIN'], [3], 3, 5]
['5_1', [1], [3], 5, 25]
['7', ['SYSIN'], [5], 7, 7]
['10', ['SYSIN'], [3], 10, 2]
['11_4', [4, 10], [5, 3], 11, 82]
['12_8', [3, 8], [3, 5], 12, -294]
['13_1', [7, 1], [5, 3], 13, 23]
['14_4', [4, 3], [5, 3], 14, 168]
['16_4', [7, 4], [5, 5], 16, -39]
['17', ['SYSIN'], [3], 17, 16]
['18_9', [9, 7], [3, 5], 18, -55]
['19_15_4', [15, 4], [3, 5], 19, 4]
['20_8', [17, 8], [3, 5], 20, -253]
['2_6', [6], [6], 2, 267]
['3', ['SYSIN'], [6], 3, 11]
['5_1', [1], [6], 5, 79]
['7', ['SYSIN'], [8], 7, 13]
['10', ['SYSIN'], [6], 10, 11]
['11_4', [4, 10], [8, 6], 11, 100]
['12_8', [3, 8], [6, 8], 12, -468]
['13_1', [7, 1], [8, 6], 13, 29]
['14_4', [4, 3], [8, 6], 14, 288]
['16_4', [7, 4], [8, 8], 16, -63]
['17', ['SYSIN'], [6], 17, 37]
['18_9', [9, 7], [6, 8], 18, -88]
['19_15_4', [15, 4], [6, 8], 19, 79]
['20_8', [17, 8], [6, 8], 20, -400]

TotalBuggyObservations:
10

BuggyObservations:
['2_6', [6], [7], 2, 323]
['3', ['SYSIN'], [7], 3, 13]
['5_1', [1], [7], 5, 97]
['7', ['SYSIN'], [4], 7, 5]
['10', ['SYSIN'], [7], 10, 14]
['11_4', [4, 10], [4, 7], 11, -14]
['12_8', [3, 8], [7, 4], 12, -406]
['13_1', [7, 1], [4, 7], 13, -39]
['14_4', [4, 3], [4, 7], 14, 88]
['16_4', [7, 4], [4, 4], 16, -31]
['17', ['SYSIN'], [7], 17, 44]
['18_9', [9, 7], [7, 4], 18, -5]
['19_15_4', [15, 4], [7, 4], 19, 224]
['20_8', [17, 8], [7, 4], 20, -169]
['2_6', [6], [3], 2, 99]
['3', ['SYSIN'], [3], 3, 5]
['5_1', [1], [3], 5, 25]
['7', ['SYSIN'], [6], 7, 9]
['10', ['SYSIN'], [3], 10, 2]
['11_4', [4, 10], [6, 3], 11, 106]
['12_8', [3, 8], [3, 6], 12, -710]
['13_1', [7, 1], [6, 3], 13, 37]
['14_4', [4, 3], [6, 3], 14, 216]
['16_4', [7, 4], [6, 6], 16, -47]
['17', ['SYSIN'], [3], 17, 16]
['18_9', [9, 7], [3, 6], 18, -57]
['19_15_4', [15, 4], [3, 6], 19, -20]
['20_8', [17, 8], [3, 6], 20, -309]
['2_6', [6], [2], 2, 43]
['3', ['SYSIN'], [2], 3, 3]
['5_1', [1], [2], 5, 7]
['7', ['SYSIN'], [2], 7, 1]
['10', ['SYSIN'], [2], 10, -1]
['11_4', [4, 10], [2, 2], 11, 28]
['12_8', [3, 8], [2, 2], 12, -210]
['13_1', [7, 1], [2, 2], 13, -7]
['14_4', [4, 3], [2, 2], 14, 32]
['16_4', [7, 4], [2, 2], 16, -15]
['17', ['SYSIN'], [2], 17, 9]
['18_9', [9, 7], [2, 2], 18, -7]
['19_15_4', [15, 4], [2, 2], 19, 27]
['20_8', [17, 8], [2, 2], 20, -92]
['2_6', [6], [7], 2, 323]
['3', ['SYSIN'], [7], 3, 13]
['5_1', [1], [7], 5, 97]
['7', ['SYSIN'], [0], 7, -3]
['10', ['SYSIN'], [7], 10, 14]
['11_4', [4, 10], [0, 7], 11, -110]
['12_8', [3, 8], [7, 0], 12, 106]
['13_1', [7, 1], [0, 7], 13, -95]
['14_4', [4, 3], [0, 7], 14, -104]
['16_4', [7, 4], [0, 0], 16, 1]
['17', ['SYSIN'], [7], 17, 44]
['18_9', [9, 7], [7, 0], 18, 51]
['19_15_4', [15, 4], [7, 0], 19, 320]
['20_8', [17, 8], [7, 0], 20, 55]
['2_6', [6], [4], 2, 155]
['3', ['SYSIN'], [4], 3, 7]
['5_1', [1], [4], 5, 43]
['7', ['SYSIN'], [6], 7, 9]
['10', ['SYSIN'], [4], 10, 5]
['11_4', [4, 10], [6, 4], 11, 88]
['12_8', [3, 8], [4, 6], 12, -698]
['13_1', [7, 1], [6, 4], 13, 25]
['14_4', [4, 3], [6, 4], 14, 208]
['16_4', [7, 4], [6, 6], 16, -47]
['17', ['SYSIN'], [4], 17, 23]
['18_9', [9, 7], [4, 6], 18, -51]
['19_15_4', [15, 4], [4, 6], 19, 29]
['20_8', [17, 8], [4, 6], 20, -302]
['2_6', [6], [3], 2, 99]
['3', ['SYSIN'], [3], 3, 5]
['5_1', [1], [3], 5, 25]
['7', ['SYSIN'], [6], 7, 9]
['10', ['SYSIN'], [3], 10, 2]
['11_4', [4, 10], [6, 3], 11, 106]
['12_8', [3, 8], [3, 6], 12, -710]
['13_1', [7, 1], [6, 3], 13, 37]
['14_4', [4, 3], [6, 3], 14, 216]
['16_4', [7, 4], [6, 6], 16, -47]
['17', ['SYSIN'], [3], 17, 16]
['18_9', [9, 7], [3, 6], 18, -57]
['19_15_4', [15, 4], [3, 6], 19, -20]
['20_8', [17, 8], [3, 6], 20, -309]
['2_6', [6], [8], 2, 379]
['3', ['SYSIN'], [8], 3, 15]
['5_1', [1], [8], 5, 115]
['7', ['SYSIN'], [4], 7, 5]
['10', ['SYSIN'], [8], 10, 17]
['11_4', [4, 10], [4, 8], 11, -32]
['12_8', [3, 8], [8, 4], 12, -394]
['13_1', [7, 1], [4, 8], 13, -51]
['14_4', [4, 3], [4, 8], 14, 80]
['16_4', [7, 4], [4, 4], 16, -31]
['17', ['SYSIN'], [8], 17, 51]
['18_9', [9, 7], [8, 4], 18, 1]
['19_15_4', [15, 4], [8, 4], 19, 273]
['20_8', [17, 8], [8, 4], 20, -162]
['2_6', [6], [9], 2, 435]
['3', ['SYSIN'], [9], 3, 17]
['5_1', [1], [9], 5, 133]
['7', ['SYSIN'], [7], 7, 11]
['10', ['SYSIN'], [9], 10, 20]
['11_4', [4, 10], [7, 9], 11, 22]
['12_8', [3, 8], [9, 7], 12, -766]
['13_1', [7, 1], [7, 9], 13, -21]
['14_4', [4, 3], [7, 9], 14, 216]
['16_4', [7, 4], [7, 7], 16, -55]
['17', ['SYSIN'], [9], 17, 58]
['18_9', [9, 7], [9, 7], 18, -35]
['19_15_4', [15, 4], [9, 7], 19, 250]
['20_8', [17, 8], [9, 7], 20, -323]
['2_6', [6], [4], 2, 155]
['3', ['SYSIN'], [4], 3, 7]
['5_1', [1], [4], 5, 43]
['7', ['SYSIN'], [1], 7, -1]
['10', ['SYSIN'], [4], 10, 5]
['11_4', [4, 10], [1, 4], 11, -32]
['12_8', [3, 8], [4, 1], 12, -58]
['13_1', [7, 1], [1, 4], 13, -45]
['14_4', [4, 3], [1, 4], 14, -32]
['16_4', [7, 4], [1, 1], 16, -7]
['17', ['SYSIN'], [4], 17, 23]
['18_9', [9, 7], [4, 1], 18, 19]
['19_15_4', [15, 4], [4, 1], 19, 149]
['20_8', [17, 8], [4, 1], 20, -22]
['2_6', [6], [3], 2, 99]
['3', ['SYSIN'], [3], 3, 5]
['5_1', [1], [3], 5, 25]
['7', ['SYSIN'], [2], 7, 1]
['10', ['SYSIN'], [3], 10, 2]
['11_4', [4, 10], [2, 3], 11, 10]
['12_8', [3, 8], [3, 2], 12, -198]
['13_1', [7, 1], [2, 3], 13, -19]
['14_4', [4, 3], [2, 3], 14, 24]
['16_4', [7, 4], [2, 2], 16, -15]
['17', ['SYSIN'], [3], 17, 16]
['18_9', [9, 7], [3, 2], 18, -1]
['19_15_4', [15, 4], [3, 2], 19, 76]
['20_8', [17, 8], [3, 2], 20, -85]

BuggyIds
12, 9

MinRange:
0

MaxRange:
9
