Subsystems:
20_8
19_15_4
18_9
17
16_4
14_4
13_1
12_8
11_4
10
7
5_1
3
2_6

SYSINS:
1, 3, 4, 6, 7, 8, 9, 10, 15, 17

SYSOUTS:
20, 19, 18, 17, 16, 14, 13, 12, 11, 10, 7, 5, 3, 2

TotalRegularObservations:
10

NormalObservations:
['2_6', [6], [8], 2, 379]
['3', ['SYSIN'], [8], 3, 15]
['5_1', [1], [8], 5, 115]
['7', ['SYSIN'], [6], 7, 9]
['10', ['SYSIN'], [8], 10, 17]
['11_4', [4, 10], [6, 8], 11, 16]
['12_8', [3, 8], [8, 6], 12, -328]
['13_1', [7, 1], [6, 8], 13, -23]
['14_4', [4, 3], [6, 8], 14, 176]
['16_4', [7, 4], [6, 6], 16, -47]
['17', ['SYSIN'], [8], 17, 51]
['18_9', [9, 7], [8, 6], 18, -54]
['19_15_4', [15, 4], [8, 6], 19, 225]
['20_8', [17, 8], [8, 6], 20, -274]
['2_6', [6], [5], 2, 211]
['3', ['SYSIN'], [5], 3, 9]
['5_1', [1], [5], 5, 61]
['7', ['SYSIN'], [9], 7, 15]
['10', ['SYSIN'], [5], 10, 8]
['11_4', [4, 10], [9, 5], 11, 142]
['12_8', [3, 8], [5, 9], 12, -538]
['13_1', [7, 1], [9, 5], 13, 55]
['14_4', [4, 3], [9, 5], 14, 344]
['16_4', [7, 4], [9, 9], 16, -71]
['17', ['SYSIN'], [5], 17, 30]
['18_9', [9, 7], [5, 9], 18, -105]
['19_15_4', [15, 4], [5, 9], 19, 6]
['20_8', [17, 8], [5, 9], 20, -463]
['2_6', [6], [4], 2, 155]
['3', ['SYSIN'], [4], 3, 7]
['5_1', [1], [4], 5, 43]
['7', ['SYSIN'], [4], 7, 5]
['10', ['SYSIN'], [4], 10, 5]
['11_4', [4, 10], [4, 4], 11, 40]
['12_8', [3, 8], [4, 4], 12, -224]
['13_1', [7, 1], [4, 4], 13, -3]
['14_4', [4, 3], [4, 4], 14, 112]
['16_4', [7, 4], [4, 4], 16, -31]
['17', ['SYSIN'], [4], 17, 23]
['18_9', [9, 7], [4, 4], 18, -38]
['19_15_4', [15, 4], [4, 4], 19, 77]
['20_8', [17, 8], [4, 4], 20, -190]
['2_6', [6], [4], 2, 155]
['3', ['SYSIN'], [4], 3, 7]
['5_1', [1], [4], 5, 43]
['7', ['SYSIN'], [8], 7, 13]
['10', ['SYSIN'], [4], 10, 5]
['11_4', [4, 10], [8, 4], 11, 136]
['12_8', [3, 8], [4, 8], 12, -480]
['13_1', [7, 1], [8, 4], 13, 53]
['14_4', [4, 3], [8, 4], 14, 304]
['16_4', [7, 4], [8, 8], 16, -63]
['17', ['SYSIN'], [4], 17, 23]
['18_9', [9, 7], [4, 8], 18, -94]
['19_15_4', [15, 4], [4, 8], 19, -19]
['20_8', [17, 8], [4, 8], 20, -414]
['2_6', [6], [4], 2, 155]
['3', ['SYSIN'], [4], 3, 7]
['5_1', [1], [4], 5, 43]
['7', ['SYSIN'], [2], 7, 1]
['10', ['SYSIN'], [4], 10, 5]
['11_4', [4, 10], [2, 4], 11, -8]
['12_8', [3, 8], [4, 2], 12, -96]
['13_1', [7, 1], [2, 4], 13, -31]
['14_4', [4, 3], [2, 4], 14, 16]
['16_4', [7, 4], [2, 2], 16, -15]
['17', ['SYSIN'], [4], 17, 23]
['18_9', [9, 7], [4, 2], 18, -10]
['19_15_4', [15, 4], [4, 2], 19, 125]
['20_8', [17, 8], [4, 2], 20, -78]
['2_6', [6], [5], 2, 211]
['3', ['SYSIN'], [5], 3, 9]
['5_1', [1], [5], 5, 61]
['7', ['SYSIN'], [3], 7, 3]
['10', ['SYSIN'], [5], 10, 8]
['11_4', [4, 10], [3, 5], 11, -2]
['12_8', [3, 8], [5, 3], 12, -154]
['13_1', [7, 1], [3, 5], 13, -29]
['14_4', [4, 3], [3, 5], 14, 56]
['16_4', [7, 4], [3, 3], 16, -23]
['17', ['SYSIN'], [5], 17, 30]
['18_9', [9, 7], [5, 3], 18, -21]
['19_15_4', [15, 4], [5, 3], 19, 150]
['20_8', [17, 8], [5, 3], 20, -127]
['2_6', [6], [2], 2, 43]
['3', ['SYSIN'], [2], 3, 3]
['5_1', [1], [2], 5, 7]
['7', ['SYSIN'], [3], 7, 3]
['10', ['SYSIN'], [2], 10, -1]
['11_4', [4, 10], [3, 2], 11, 52]
['12_8', [3, 8], [2, 3], 12, -172]
['13_1', [7, 1], [3, 2], 13, 7]
['14_4', [4, 3], [3, 2], 14, 80]
['16_4', [7, 4], [3, 3], 16, -23]
['17', ['SYSIN'], [2], 17, 9]
['18_9', [9, 7], [2, 3], 18, -30]
['19_15_4', [15, 4], [2, 3], 19, 3]
['20_8', [17, 8], [2, 3], 20, -148]
['2_6', [6], [6], 2, 267]
['3', ['SYSIN'], [6], 3, 11]
['5_1', [1], [6], 5, 79]
['7', ['SYSIN'], [4], 7, 5]
['10', ['SYSIN'], [6], 10, 11]
['11_4', [4, 10], [4, 6], 11, 4]
['12_8', [3, 8], [6, 4], 12, -212]
['13_1', [7, 1], [4, 6], 13, -27]
['14_4', [4, 3], [4, 6], 14, 96]
['16_4', [7, 4], [4, 4], 16, -31]
['17', ['SYSIN'], [6], 17, 37]
['18_9', [9, 7], [6, 4], 18, -32]
['19_15_4', [15, 4], [6, 4], 19, 175]
['20_8', [17, 8], [6, 4], 20, -176]
['2_6', [6], [6], 2, 267]
['3', ['SYSIN'], [6], 3, 11]
['5_1', [1], [6], 5, 79]
['7', ['SYSIN'], [7], 7, 11]
['10', ['SYSIN'], [6], 10, 11]
['11_4', [4, 10], [7, 6], 11, 76]
['12_8', [3, 8], [6, 7], 12, -404]
['13_1', [7, 1], [7, 6], 13, 15]
['14_4', [4, 3], [7, 6], 14, 240]
['16_4', [7, 4], [7, 7], 16, -55]
['17', ['SYSIN'], [6], 17, 37]
['18_9', [9, 7], [6, 7], 18, -74]
['19_15_4', [15, 4], [6, 7], 19, 103]
['20_8', [17, 8], [6, 7], 20, -344]
['2_6', [6], [6], 2, 267]
['3', ['SYSIN'], [6], 3, 11]
['5_1', [1], [6], 5, 79]
['7', ['SYSIN'], [1], 7, -1]
['10', ['SYSIN'], [6], 10, 11]
['11_4', [4, 10], [1, 6], 11, -68]
['12_8', [3, 8], [6, 1], 12, -20]
['13_1', [7, 1], [1, 6], 13, -69]
['14_4', [4, 3], [1, 6], 14, -48]
['16_4', [7, 4], [1, 1], 16, -7]
['17', ['SYSIN'], [6], 17, 37]
['18_9', [9, 7], [6, 1], 18, 10]
['19_15_4', [15, 4], [6, 1], 19, 247]
['20_8', [17, 8], [6, 1], 20, -8]

TotalBuggyObservations:
10

BuggyObservations:
['2_6', [6], [0], 2, -61]
['3', ['SYSIN'], [0], 3, -1]
['5_1', [1], [0], 5, -49]
['7', ['SYSIN'], [8], 7, 13]
['10', ['SYSIN'], [0], 10, -7]
['11_4', [4, 10], [8, 0], 11, 208]
['12_8', [3, 8], [0, 8], 12, -504]
['13_1', [7, 1], [8, 0], 13, 101]
['14_4', [4, 3], [8, 0], 14, 336]
['16_4', [7, 4], [8, 8], 16, -63]
['17', ['SYSIN'], [0], 17, -5]
['18_9', [9, 7], [0, 8], 18, -106]
['19_15_4', [15, 4], [0, 8], 19, -215]
['20_8', [17, 8], [0, 8], 20, -880]
['2_6', [6], [8], 2, 835]
['3', ['SYSIN'], [8], 3, 15]
['5_1', [1], [8], 5, 239]
['7', ['SYSIN'], [2], 7, 1]
['10', ['SYSIN'], [8], 10, 17]
['11_4', [4, 10], [2, 8], 11, -80]
['12_8', [3, 8], [8, 2], 12, -72]
['13_1', [7, 1], [2, 8], 13, -79]
['14_4', [4, 3], [2, 8], 14, -16]
['16_4', [7, 4], [2, 2], 16, -15]
['17', ['SYSIN'], [8], 17, 51]
['18_9', [9, 7], [8, 2], 18, 2]
['19_15_4', [15, 4], [8, 2], 19, 321]
['20_8', [17, 8], [8, 2], 20, -96]
['2_6', [6], [1], 2, 51]
['3', ['SYSIN'], [1], 3, 1]
['5_1', [1], [1], 5, -13]
['7', ['SYSIN'], [8], 7, 13]
['10', ['SYSIN'], [1], 10, -4]
['11_4', [4, 10], [8, 1], 11, 190]
['12_8', [3, 8], [1, 8], 12, -498]
['13_1', [7, 1], [8, 1], 13, 89]
['14_4', [4, 3], [8, 1], 14, 328]
['16_4', [7, 4], [8, 8], 16, -63]
['17', ['SYSIN'], [1], 17, 2]
['18_9', [9, 7], [1, 8], 18, -103]
['19_15_4', [15, 4], [1, 8], 19, -166]
['20_8', [17, 8], [1, 8], 20, -866]
['2_6', [6], [0], 2, -61]
['3', ['SYSIN'], [0], 3, -1]
['5_1', [1], [0], 5, -49]
['7', ['SYSIN'], [7], 7, 11]
['10', ['SYSIN'], [0], 10, -7]
['11_4', [4, 10], [7, 0], 11, 184]
['12_8', [3, 8], [0, 7], 12, -440]
['13_1', [7, 1], [7, 0], 13, 87]
['14_4', [4, 3], [7, 0], 14, 288]
['16_4', [7, 4], [7, 7], 16, -55]
['17', ['SYSIN'], [0], 17, -5]
['18_9', [9, 7], [0, 7], 18, -92]
['19_15_4', [15, 4], [0, 7], 19, -191]
['20_8', [17, 8], [0, 7], 20, -768]
['2_6', [6], [2], 2, 163]
['3', ['SYSIN'], [2], 3, 3]
['5_1', [1], [2], 5, 23]
['7', ['SYSIN'], [2], 7, 1]
['10', ['SYSIN'], [2], 10, -1]
['11_4', [4, 10], [2, 2], 11, 28]
['12_8', [3, 8], [2, 2], 12, -108]
['13_1', [7, 1], [2, 2], 13, -7]
['14_4', [4, 3], [2, 2], 14, 32]
['16_4', [7, 4], [2, 2], 16, -15]
['17', ['SYSIN'], [2], 17, 9]
['18_9', [9, 7], [2, 2], 18, -16]
['19_15_4', [15, 4], [2, 2], 19, 27]
['20_8', [17, 8], [2, 2], 20, -180]
['2_6', [6], [2], 2, 163]
['3', ['SYSIN'], [2], 3, 3]
['5_1', [1], [2], 5, 23]
['7', ['SYSIN'], [0], 7, -3]
['10', ['SYSIN'], [2], 10, -1]
['11_4', [4, 10], [0, 2], 11, -20]
['12_8', [3, 8], [2, 0], 12, 20]
['13_1', [7, 1], [0, 2], 13, -35]
['14_4', [4, 3], [0, 2], 14, -64]
['16_4', [7, 4], [0, 0], 16, 1]
['17', ['SYSIN'], [2], 17, 9]
['18_9', [9, 7], [2, 0], 18, 12]
['19_15_4', [15, 4], [2, 0], 19, 75]
['20_8', [17, 8], [2, 0], 20, 44]
['2_6', [6], [6], 2, 611]
['3', ['SYSIN'], [6], 3, 11]
['5_1', [1], [6], 5, 167]
['7', ['SYSIN'], [7], 7, 11]
['10', ['SYSIN'], [6], 10, 11]
['11_4', [4, 10], [7, 6], 11, 76]
['12_8', [3, 8], [6, 7], 12, -404]
['13_1', [7, 1], [7, 6], 13, 15]
['14_4', [4, 3], [7, 6], 14, 240]
['16_4', [7, 4], [7, 7], 16, -55]
['17', ['SYSIN'], [6], 17, 37]
['18_9', [9, 7], [6, 7], 18, -74]
['19_15_4', [15, 4], [6, 7], 19, 103]
['20_8', [17, 8], [6, 7], 20, -684]
['2_6', [6], [8], 2, 835]
['3', ['SYSIN'], [8], 3, 15]
['5_1', [1], [8], 5, 239]
['7', ['SYSIN'], [2], 7, 1]
['10', ['SYSIN'], [8], 10, 17]
['11_4', [4, 10], [2, 8], 11, -80]
['12_8', [3, 8], [8, 2], 12, -72]
['13_1', [7, 1], [2, 8], 13, -79]
['14_4', [4, 3], [2, 8], 14, -16]
['16_4', [7, 4], [2, 2], 16, -15]
['17', ['SYSIN'], [8], 17, 51]
['18_9', [9, 7], [8, 2], 18, 2]
['19_15_4', [15, 4], [8, 2], 19, 321]
['20_8', [17, 8], [8, 2], 20, -96]
['2_6', [6], [9], 2, 947]
['3', ['SYSIN'], [9], 3, 17]
['5_1', [1], [9], 5, 275]
['7', ['SYSIN'], [0], 7, -3]
['10', ['SYSIN'], [9], 10, 20]
['11_4', [4, 10], [0, 9], 11, -146]
['12_8', [3, 8], [9, 0], 12, 62]
['13_1', [7, 1], [0, 9], 13, -119]
['14_4', [4, 3], [0, 9], 14, -120]
['16_4', [7, 4], [0, 0], 16, 1]
['17', ['SYSIN'], [9], 17, 58]
['18_9', [9, 7], [9, 0], 18, 33]
['19_15_4', [15, 4], [9, 0], 19, 418]
['20_8', [17, 8], [9, 0], 20, 142]
['2_6', [6], [5], 2, 499]
['3', ['SYSIN'], [5], 3, 9]
['5_1', [1], [5], 5, 131]
['7', ['SYSIN'], [1], 7, -1]
['10', ['SYSIN'], [5], 10, 8]
['11_4', [4, 10], [1, 5], 11, -50]
['12_8', [3, 8], [5, 1], 12, -26]
['13_1', [7, 1], [1, 5], 13, -57]
['14_4', [4, 3], [1, 5], 14, -40]
['16_4', [7, 4], [1, 1], 16, -7]
['17', ['SYSIN'], [5], 17, 30]
['18_9', [9, 7], [5, 1], 18, 7]
['19_15_4', [15, 4], [5, 1], 19, 198]
['20_8', [17, 8], [5, 1], 20, -26]

BuggyIds
20, 5, 6

MinRange:
0

MaxRange:
9
