Subsystems:
20_8
19_15_4
18_9
17
16_4
14_4
13_1
12_8
11_4
10
7
5_1
3
2_6

SYSINS:
1, 3, 4, 6, 7, 8, 9, 10, 15, 17

SYSOUTS:
20, 19, 18, 17, 16, 14, 13, 12, 11, 10, 7, 5, 3, 2

TotalRegularObservations:
10

NormalObservations:
['2_6', [6], [3], 2, 99]
['3', ['SYSIN'], [3], 3, 5]
['5_1', [1], [3], 5, 25]
['7', ['SYSIN'], [9], 7, 15]
['10', ['SYSIN'], [3], 10, 2]
['11_4', [4, 10], [9, 3], 11, 178]
['12_8', [3, 8], [3, 9], 12, -550]
['13_1', [7, 1], [9, 3], 13, 79]
['14_4', [4, 3], [9, 3], 14, 360]
['16_4', [7, 4], [9, 9], 16, -71]
['17', ['SYSIN'], [3], 17, 16]
['18_9', [9, 7], [3, 9], 18, -111]
['19_15_4', [15, 4], [3, 9], 19, -92]
['20_8', [17, 8], [3, 9], 20, -477]
['2_6', [6], [3], 2, 99]
['3', ['SYSIN'], [3], 3, 5]
['5_1', [1], [3], 5, 25]
['7', ['SYSIN'], [2], 7, 1]
['10', ['SYSIN'], [3], 10, 2]
['11_4', [4, 10], [2, 3], 11, 10]
['12_8', [3, 8], [3, 2], 12, -102]
['13_1', [7, 1], [2, 3], 13, -19]
['14_4', [4, 3], [2, 3], 14, 24]
['16_4', [7, 4], [2, 2], 16, -15]
['17', ['SYSIN'], [3], 17, 16]
['18_9', [9, 7], [3, 2], 18, -13]
['19_15_4', [15, 4], [3, 2], 19, 76]
['20_8', [17, 8], [3, 2], 20, -85]
['2_6', [6], [8], 2, 379]
['3', ['SYSIN'], [8], 3, 15]
['5_1', [1], [8], 5, 115]
['7', ['SYSIN'], [9], 7, 15]
['10', ['SYSIN'], [8], 10, 17]
['11_4', [4, 10], [9, 8], 11, 88]
['12_8', [3, 8], [8, 9], 12, -520]
['13_1', [7, 1], [9, 8], 13, 19]
['14_4', [4, 3], [9, 8], 14, 320]
['16_4', [7, 4], [9, 9], 16, -71]
['17', ['SYSIN'], [8], 17, 51]
['18_9', [9, 7], [8, 9], 18, -96]
['19_15_4', [15, 4], [8, 9], 19, 153]
['20_8', [17, 8], [8, 9], 20, -442]
['2_6', [6], [8], 2, 379]
['3', ['SYSIN'], [8], 3, 15]
['5_1', [1], [8], 5, 115]
['7', ['SYSIN'], [1], 7, -1]
['10', ['SYSIN'], [8], 10, 17]
['11_4', [4, 10], [1, 8], 11, -104]
['12_8', [3, 8], [8, 1], 12, -8]
['13_1', [7, 1], [1, 8], 13, -93]
['14_4', [4, 3], [1, 8], 14, -64]
['16_4', [7, 4], [1, 1], 16, -7]
['17', ['SYSIN'], [8], 17, 51]
['18_9', [9, 7], [8, 1], 18, 16]
['19_15_4', [15, 4], [8, 1], 19, 345]
['20_8', [17, 8], [8, 1], 20, 6]
['2_6', [6], [3], 2, 99]
['3', ['SYSIN'], [3], 3, 5]
['5_1', [1], [3], 5, 25]
['7', ['SYSIN'], [8], 7, 13]
['10', ['SYSIN'], [3], 10, 2]
['11_4', [4, 10], [8, 3], 11, 154]
['12_8', [3, 8], [3, 8], 12, -486]
['13_1', [7, 1], [8, 3], 13, 65]
['14_4', [4, 3], [8, 3], 14, 312]
['16_4', [7, 4], [8, 8], 16, -63]
['17', ['SYSIN'], [3], 17, 16]
['18_9', [9, 7], [3, 8], 18, -97]
['19_15_4', [15, 4], [3, 8], 19, -68]
['20_8', [17, 8], [3, 8], 20, -421]
['2_6', [6], [2], 2, 43]
['3', ['SYSIN'], [2], 3, 3]
['5_1', [1], [2], 5, 7]
['7', ['SYSIN'], [0], 7, -3]
['10', ['SYSIN'], [2], 10, -1]
['11_4', [4, 10], [0, 2], 11, -20]
['12_8', [3, 8], [2, 0], 12, 20]
['13_1', [7, 1], [0, 2], 13, -35]
['14_4', [4, 3], [0, 2], 14, -64]
['16_4', [7, 4], [0, 0], 16, 1]
['17', ['SYSIN'], [2], 17, 9]
['18_9', [9, 7], [2, 0], 18, 12]
['19_15_4', [15, 4], [2, 0], 19, 75]
['20_8', [17, 8], [2, 0], 20, 20]
['2_6', [6], [9], 2, 435]
['3', ['SYSIN'], [9], 3, 17]
['5_1', [1], [9], 5, 133]
['7', ['SYSIN'], [9], 7, 15]
['10', ['SYSIN'], [9], 10, 20]
['11_4', [4, 10], [9, 9], 11, 70]
['12_8', [3, 8], [9, 9], 12, -514]
['13_1', [7, 1], [9, 9], 13, 7]
['14_4', [4, 3], [9, 9], 14, 312]
['16_4', [7, 4], [9, 9], 16, -71]
['17', ['SYSIN'], [9], 17, 58]
['18_9', [9, 7], [9, 9], 18, -93]
['19_15_4', [15, 4], [9, 9], 19, 202]
['20_8', [17, 8], [9, 9], 20, -435]
['2_6', [6], [7], 2, 323]
['3', ['SYSIN'], [7], 3, 13]
['5_1', [1], [7], 5, 97]
['7', ['SYSIN'], [2], 7, 1]
['10', ['SYSIN'], [7], 10, 14]
['11_4', [4, 10], [2, 7], 11, -62]
['12_8', [3, 8], [7, 2], 12, -78]
['13_1', [7, 1], [2, 7], 13, -67]
['14_4', [4, 3], [2, 7], 14, -8]
['16_4', [7, 4], [2, 2], 16, -15]
['17', ['SYSIN'], [7], 17, 44]
['18_9', [9, 7], [7, 2], 18, -1]
['19_15_4', [15, 4], [7, 2], 19, 272]
['20_8', [17, 8], [7, 2], 20, -57]
['2_6', [6], [3], 2, 99]
['3', ['SYSIN'], [3], 3, 5]
['5_1', [1], [3], 5, 25]
['7', ['SYSIN'], [9], 7, 15]
['10', ['SYSIN'], [3], 10, 2]
['11_4', [4, 10], [9, 3], 11, 178]
['12_8', [3, 8], [3, 9], 12, -550]
['13_1', [7, 1], [9, 3], 13, 79]
['14_4', [4, 3], [9, 3], 14, 360]
['16_4', [7, 4], [9, 9], 16, -71]
['17', ['SYSIN'], [3], 17, 16]
['18_9', [9, 7], [3, 9], 18, -111]
['19_15_4', [15, 4], [3, 9], 19, -92]
['20_8', [17, 8], [3, 9], 20, -477]
['2_6', [6], [7], 2, 323]
['3', ['SYSIN'], [7], 3, 13]
['5_1', [1], [7], 5, 97]
['7', ['SYSIN'], [9], 7, 15]
['10', ['SYSIN'], [7], 10, 14]
['11_4', [4, 10], [9, 7], 11, 106]
['12_8', [3, 8], [7, 9], 12, -526]
['13_1', [7, 1], [9, 7], 13, 31]
['14_4', [4, 3], [9, 7], 14, 328]
['16_4', [7, 4], [9, 9], 16, -71]
['17', ['SYSIN'], [7], 17, 44]
['18_9', [9, 7], [7, 9], 18, -99]
['19_15_4', [15, 4], [7, 9], 19, 104]
['20_8', [17, 8], [7, 9], 20, -449]

TotalBuggyObservations:
10

BuggyObservations:
['2_6', [6], [3], 2, 99]
['3', ['SYSIN'], [3], 3, 5]
['5_1', [1], [3], 5, 25]
['7', ['SYSIN'], [9], 7, 15]
['10', ['SYSIN'], [3], 10, 2]
['11_4', [4, 10], [9, 3], 11, 178]
['12_8', [3, 8], [3, 9], 12, -550]
['13_1', [7, 1], [9, 3], 13, 79]
['14_4', [4, 3], [9, 3], 14, 360]
['16_4', [7, 4], [9, 9], 16, -136]
['17', ['SYSIN'], [3], 17, 16]
['18_9', [9, 7], [3, 9], 18, -111]
['19_15_4', [15, 4], [3, 9], 19, -92]
['20_8', [17, 8], [3, 9], 20, -477]
['2_6', [6], [5], 2, 211]
['3', ['SYSIN'], [5], 3, 9]
['5_1', [1], [5], 5, 61]
['7', ['SYSIN'], [8], 7, 13]
['10', ['SYSIN'], [5], 10, 8]
['11_4', [4, 10], [8, 5], 11, 118]
['12_8', [3, 8], [5, 8], 12, -474]
['13_1', [7, 1], [8, 5], 13, 41]
['14_4', [4, 3], [8, 5], 14, 296]
['16_4', [7, 4], [8, 8], 16, -120]
['17', ['SYSIN'], [5], 17, 30]
['18_9', [9, 7], [5, 8], 18, -91]
['19_15_4', [15, 4], [5, 8], 19, 30]
['20_8', [17, 8], [5, 8], 20, -407]
['2_6', [6], [2], 2, 43]
['3', ['SYSIN'], [2], 3, 3]
['5_1', [1], [2], 5, 7]
['7', ['SYSIN'], [9], 7, 15]
['10', ['SYSIN'], [2], 10, -1]
['11_4', [4, 10], [9, 2], 11, 196]
['12_8', [3, 8], [2, 9], 12, -556]
['13_1', [7, 1], [9, 2], 13, 91]
['14_4', [4, 3], [9, 2], 14, 368]
['16_4', [7, 4], [9, 9], 16, -136]
['17', ['SYSIN'], [2], 17, 9]
['18_9', [9, 7], [2, 9], 18, -114]
['19_15_4', [15, 4], [2, 9], 19, -141]
['20_8', [17, 8], [2, 9], 20, -484]
['2_6', [6], [2], 2, 43]
['3', ['SYSIN'], [2], 3, 3]
['5_1', [1], [2], 5, 7]
['7', ['SYSIN'], [3], 7, 3]
['10', ['SYSIN'], [2], 10, -1]
['11_4', [4, 10], [3, 2], 11, 52]
['12_8', [3, 8], [2, 3], 12, -172]
['13_1', [7, 1], [3, 2], 13, 7]
['14_4', [4, 3], [3, 2], 14, 80]
['16_4', [7, 4], [3, 3], 16, -40]
['17', ['SYSIN'], [2], 17, 9]
['18_9', [9, 7], [2, 3], 18, -30]
['19_15_4', [15, 4], [2, 3], 19, 3]
['20_8', [17, 8], [2, 3], 20, -148]
['2_6', [6], [0], 2, -69]
['3', ['SYSIN'], [0], 3, -1]
['5_1', [1], [0], 5, -29]
['7', ['SYSIN'], [8], 7, 13]
['10', ['SYSIN'], [0], 10, -7]
['11_4', [4, 10], [8, 0], 11, 208]
['12_8', [3, 8], [0, 8], 12, -504]
['13_1', [7, 1], [8, 0], 13, 101]
['14_4', [4, 3], [8, 0], 14, 336]
['16_4', [7, 4], [8, 8], 16, -120]
['17', ['SYSIN'], [0], 17, -5]
['18_9', [9, 7], [0, 8], 18, -106]
['19_15_4', [15, 4], [0, 8], 19, -215]
['20_8', [17, 8], [0, 8], 20, -442]
['2_6', [6], [8], 2, 379]
['3', ['SYSIN'], [8], 3, 15]
['5_1', [1], [8], 5, 115]
['7', ['SYSIN'], [8], 7, 13]
['10', ['SYSIN'], [8], 10, 17]
['11_4', [4, 10], [8, 8], 11, 64]
['12_8', [3, 8], [8, 8], 12, -456]
['13_1', [7, 1], [8, 8], 13, 5]
['14_4', [4, 3], [8, 8], 14, 272]
['16_4', [7, 4], [8, 8], 16, -120]
['17', ['SYSIN'], [8], 17, 51]
['18_9', [9, 7], [8, 8], 18, -82]
['19_15_4', [15, 4], [8, 8], 19, 177]
['20_8', [17, 8], [8, 8], 20, -386]
['2_6', [6], [1], 2, -13]
['3', ['SYSIN'], [1], 3, 1]
['5_1', [1], [1], 5, -11]
['7', ['SYSIN'], [1], 7, -1]
['10', ['SYSIN'], [1], 10, -4]
['11_4', [4, 10], [1, 1], 11, 22]
['12_8', [3, 8], [1, 1], 12, -50]
['13_1', [7, 1], [1, 1], 13, -9]
['14_4', [4, 3], [1, 1], 14, -8]
['16_4', [7, 4], [1, 1], 16, -8]
['17', ['SYSIN'], [1], 17, 2]
['18_9', [9, 7], [1, 1], 18, -5]
['19_15_4', [15, 4], [1, 1], 19, 2]
['20_8', [17, 8], [1, 1], 20, -43]
['2_6', [6], [2], 2, 43]
['3', ['SYSIN'], [2], 3, 3]
['5_1', [1], [2], 5, 7]
['7', ['SYSIN'], [5], 7, 7]
['10', ['SYSIN'], [2], 10, -1]
['11_4', [4, 10], [5, 2], 11, 100]
['12_8', [3, 8], [2, 5], 12, -300]
['13_1', [7, 1], [5, 2], 13, 35]
['14_4', [4, 3], [5, 2], 14, 176]
['16_4', [7, 4], [5, 5], 16, -72]
['17', ['SYSIN'], [2], 17, 9]
['18_9', [9, 7], [2, 5], 18, -58]
['19_15_4', [15, 4], [2, 5], 19, -45]
['20_8', [17, 8], [2, 5], 20, -260]
['2_6', [6], [6], 2, 267]
['3', ['SYSIN'], [6], 3, 11]
['5_1', [1], [6], 5, 79]
['7', ['SYSIN'], [5], 7, 7]
['10', ['SYSIN'], [6], 10, 11]
['11_4', [4, 10], [5, 6], 11, 28]
['12_8', [3, 8], [6, 5], 12, -276]
['13_1', [7, 1], [5, 6], 13, -13]
['14_4', [4, 3], [5, 6], 14, 144]
['16_4', [7, 4], [5, 5], 16, -72]
['17', ['SYSIN'], [6], 17, 37]
['18_9', [9, 7], [6, 5], 18, -46]
['19_15_4', [15, 4], [6, 5], 19, 151]
['20_8', [17, 8], [6, 5], 20, -232]
['2_6', [6], [4], 2, 155]
['3', ['SYSIN'], [4], 3, 7]
['5_1', [1], [4], 5, 43]
['7', ['SYSIN'], [3], 7, 3]
['10', ['SYSIN'], [4], 10, 5]
['11_4', [4, 10], [3, 4], 11, 16]
['12_8', [3, 8], [4, 3], 12, -160]
['13_1', [7, 1], [3, 4], 13, -17]
['14_4', [4, 3], [3, 4], 14, 64]
['16_4', [7, 4], [3, 3], 16, -40]
['17', ['SYSIN'], [4], 17, 23]
['18_9', [9, 7], [4, 3], 18, -24]
['19_15_4', [15, 4], [4, 3], 19, 101]
['20_8', [17, 8], [4, 3], 20, -134]

BuggyIds
16

MinRange:
0

MaxRange:
9
