Subsystems:
20_8
19_15_4
18_9
17
16_4
14_4
13_1
12_8
11_4
10
7
5_1
3
2_6

SYSINS:
1, 3, 4, 6, 7, 8, 9, 10, 15, 17

SYSOUTS:
20, 19, 18, 17, 16, 14, 13, 12, 11, 10, 7, 5, 3, 2

TotalRegularObservations:
50

NormalObservations:
['2_6', [6], [3], 2, 99]
['3', ['SYSIN'], [3], 3, 5]
['5_1', [1], [3], 5, 25]
['7', ['SYSIN'], [0], 7, -3]
['10', ['SYSIN'], [3], 10, 2]
['11_4', [4, 10], [0, 3], 11, -38]
['12_8', [3, 8], [3, 0], 12, 26]
['13_1', [7, 1], [0, 3], 13, -47]
['14_4', [4, 3], [0, 3], 14, -72]
['16_4', [7, 4], [0, 0], 16, 1]
['17', ['SYSIN'], [3], 17, 16]
['18_9', [9, 7], [3, 0], 18, 15]
['19_15_4', [15, 4], [3, 0], 19, 124]
['20_8', [17, 8], [3, 0], 20, 27]
['2_6', [6], [0], 2, -69]
['3', ['SYSIN'], [0], 3, -1]
['5_1', [1], [0], 5, -29]
['7', ['SYSIN'], [3], 7, 3]
['10', ['SYSIN'], [0], 10, -7]
['11_4', [4, 10], [3, 0], 11, 88]
['12_8', [3, 8], [0, 3], 12, -184]
['13_1', [7, 1], [3, 0], 13, 31]
['14_4', [4, 3], [3, 0], 14, 96]
['16_4', [7, 4], [3, 3], 16, -23]
['17', ['SYSIN'], [0], 17, -5]
['18_9', [9, 7], [0, 3], 18, -36]
['19_15_4', [15, 4], [0, 3], 19, -95]
['20_8', [17, 8], [0, 3], 20, -162]
['2_6', [6], [5], 2, 211]
['3', ['SYSIN'], [5], 3, 9]
['5_1', [1], [5], 5, 61]
['7', ['SYSIN'], [3], 7, 3]
['10', ['SYSIN'], [5], 10, 8]
['11_4', [4, 10], [3, 5], 11, -2]
['12_8', [3, 8], [5, 3], 12, -154]
['13_1', [7, 1], [3, 5], 13, -29]
['14_4', [4, 3], [3, 5], 14, 56]
['16_4', [7, 4], [3, 3], 16, -23]
['17', ['SYSIN'], [5], 17, 30]
['18_9', [9, 7], [5, 3], 18, -21]
['19_15_4', [15, 4], [5, 3], 19, 150]
['20_8', [17, 8], [5, 3], 20, -127]
['2_6', [6], [5], 2, 211]
['3', ['SYSIN'], [5], 3, 9]
['5_1', [1], [5], 5, 61]
['7', ['SYSIN'], [1], 7, -1]
['10', ['SYSIN'], [5], 10, 8]
['11_4', [4, 10], [1, 5], 11, -50]
['12_8', [3, 8], [5, 1], 12, -26]
['13_1', [7, 1], [1, 5], 13, -57]
['14_4', [4, 3], [1, 5], 14, -40]
['16_4', [7, 4], [1, 1], 16, -7]
['17', ['SYSIN'], [5], 17, 30]
['18_9', [9, 7], [5, 1], 18, 7]
['19_15_4', [15, 4], [5, 1], 19, 198]
['20_8', [17, 8], [5, 1], 20, -15]
['2_6', [6], [9], 2, 435]
['3', ['SYSIN'], [9], 3, 17]
['5_1', [1], [9], 5, 133]
['7', ['SYSIN'], [6], 7, 9]
['10', ['SYSIN'], [9], 10, 20]
['11_4', [4, 10], [6, 9], 11, -2]
['12_8', [3, 8], [9, 6], 12, -322]
['13_1', [7, 1], [6, 9], 13, -35]
['14_4', [4, 3], [6, 9], 14, 168]
['16_4', [7, 4], [6, 6], 16, -47]
['17', ['SYSIN'], [9], 17, 58]
['18_9', [9, 7], [9, 6], 18, -51]
['19_15_4', [15, 4], [9, 6], 19, 274]
['20_8', [17, 8], [9, 6], 20, -267]
['2_6', [6], [7], 2, 323]
['3', ['SYSIN'], [7], 3, 13]
['5_1', [1], [7], 5, 97]
['7', ['SYSIN'], [1], 7, -1]
['10', ['SYSIN'], [7], 10, 14]
['11_4', [4, 10], [1, 7], 11, -86]
['12_8', [3, 8], [7, 1], 12, -14]
['13_1', [7, 1], [1, 7], 13, -81]
['14_4', [4, 3], [1, 7], 14, -56]
['16_4', [7, 4], [1, 1], 16, -7]
['17', ['SYSIN'], [7], 17, 44]
['18_9', [9, 7], [7, 1], 18, 13]
['19_15_4', [15, 4], [7, 1], 19, 296]
['20_8', [17, 8], [7, 1], 20, -1]
['2_6', [6], [2], 2, 43]
['3', ['SYSIN'], [2], 3, 3]
['5_1', [1], [2], 5, 7]
['7', ['SYSIN'], [1], 7, -1]
['10', ['SYSIN'], [2], 10, -1]
['11_4', [4, 10], [1, 2], 11, 4]
['12_8', [3, 8], [2, 1], 12, -44]
['13_1', [7, 1], [1, 2], 13, -21]
['14_4', [4, 3], [1, 2], 14, -16]
['16_4', [7, 4], [1, 1], 16, -7]
['17', ['SYSIN'], [2], 17, 9]
['18_9', [9, 7], [2, 1], 18, -2]
['19_15_4', [15, 4], [2, 1], 19, 51]
['20_8', [17, 8], [2, 1], 20, -36]
['2_6', [6], [4], 2, 155]
['3', ['SYSIN'], [4], 3, 7]
['5_1', [1], [4], 5, 43]
['7', ['SYSIN'], [6], 7, 9]
['10', ['SYSIN'], [4], 10, 5]
['11_4', [4, 10], [6, 4], 11, 88]
['12_8', [3, 8], [4, 6], 12, -352]
['13_1', [7, 1], [6, 4], 13, 25]
['14_4', [4, 3], [6, 4], 14, 208]
['16_4', [7, 4], [6, 6], 16, -47]
['17', ['SYSIN'], [4], 17, 23]
['18_9', [9, 7], [4, 6], 18, -66]
['19_15_4', [15, 4], [4, 6], 19, 29]
['20_8', [17, 8], [4, 6], 20, -302]
['2_6', [6], [6], 2, 267]
['3', ['SYSIN'], [6], 3, 11]
['5_1', [1], [6], 5, 79]
['7', ['SYSIN'], [2], 7, 1]
['10', ['SYSIN'], [6], 10, 11]
['11_4', [4, 10], [2, 6], 11, -44]
['12_8', [3, 8], [6, 2], 12, -84]
['13_1', [7, 1], [2, 6], 13, -55]
['14_4', [4, 3], [2, 6], 14, 0]
['16_4', [7, 4], [2, 2], 16, -15]
['17', ['SYSIN'], [6], 17, 37]
['18_9', [9, 7], [6, 2], 18, -4]
['19_15_4', [15, 4], [6, 2], 19, 223]
['20_8', [17, 8], [6, 2], 20, -64]
['2_6', [6], [9], 2, 435]
['3', ['SYSIN'], [9], 3, 17]
['5_1', [1], [9], 5, 133]
['7', ['SYSIN'], [5], 7, 7]
['10', ['SYSIN'], [9], 10, 20]
['11_4', [4, 10], [5, 9], 11, -26]
['12_8', [3, 8], [9, 5], 12, -258]
['13_1', [7, 1], [5, 9], 13, -49]
['14_4', [4, 3], [5, 9], 14, 120]
['16_4', [7, 4], [5, 5], 16, -39]
['17', ['SYSIN'], [9], 17, 58]
['18_9', [9, 7], [9, 5], 18, -37]
['19_15_4', [15, 4], [9, 5], 19, 298]
['20_8', [17, 8], [9, 5], 20, -211]
['2_6', [6], [4], 2, 155]
['3', ['SYSIN'], [4], 3, 7]
['5_1', [1], [4], 5, 43]
['7', ['SYSIN'], [3], 7, 3]
['10', ['SYSIN'], [4], 10, 5]
['11_4', [4, 10], [3, 4], 11, 16]
['12_8', [3, 8], [4, 3], 12, -160]
['13_1', [7, 1], [3, 4], 13, -17]
['14_4', [4, 3], [3, 4], 14, 64]
['16_4', [7, 4], [3, 3], 16, -23]
['17', ['SYSIN'], [4], 17, 23]
['18_9', [9, 7], [4, 3], 18, -24]
['19_15_4', [15, 4], [4, 3], 19, 101]
['20_8', [17, 8], [4, 3], 20, -134]
['2_6', [6], [9], 2, 435]
['3', ['SYSIN'], [9], 3, 17]
['5_1', [1], [9], 5, 133]
['7', ['SYSIN'], [7], 7, 11]
['10', ['SYSIN'], [9], 10, 20]
['11_4', [4, 10], [7, 9], 11, 22]
['12_8', [3, 8], [9, 7], 12, -386]
['13_1', [7, 1], [7, 9], 13, -21]
['14_4', [4, 3], [7, 9], 14, 216]
['16_4', [7, 4], [7, 7], 16, -55]
['17', ['SYSIN'], [9], 17, 58]
['18_9', [9, 7], [9, 7], 18, -65]
['19_15_4', [15, 4], [9, 7], 19, 250]
['20_8', [17, 8], [9, 7], 20, -323]
['2_6', [6], [7], 2, 323]
['3', ['SYSIN'], [7], 3, 13]
['5_1', [1], [7], 5, 97]
['7', ['SYSIN'], [7], 7, 11]
['10', ['SYSIN'], [7], 10, 14]
['11_4', [4, 10], [7, 7], 11, 58]
['12_8', [3, 8], [7, 7], 12, -398]
['13_1', [7, 1], [7, 7], 13, 3]
['14_4', [4, 3], [7, 7], 14, 232]
['16_4', [7, 4], [7, 7], 16, -55]
['17', ['SYSIN'], [7], 17, 44]
['18_9', [9, 7], [7, 7], 18, -71]
['19_15_4', [15, 4], [7, 7], 19, 152]
['20_8', [17, 8], [7, 7], 20, -337]
['2_6', [6], [4], 2, 155]
['3', ['SYSIN'], [4], 3, 7]
['5_1', [1], [4], 5, 43]
['7', ['SYSIN'], [6], 7, 9]
['10', ['SYSIN'], [4], 10, 5]
['11_4', [4, 10], [6, 4], 11, 88]
['12_8', [3, 8], [4, 6], 12, -352]
['13_1', [7, 1], [6, 4], 13, 25]
['14_4', [4, 3], [6, 4], 14, 208]
['16_4', [7, 4], [6, 6], 16, -47]
['17', ['SYSIN'], [4], 17, 23]
['18_9', [9, 7], [4, 6], 18, -66]
['19_15_4', [15, 4], [4, 6], 19, 29]
['20_8', [17, 8], [4, 6], 20, -302]
['2_6', [6], [1], 2, -13]
['3', ['SYSIN'], [1], 3, 1]
['5_1', [1], [1], 5, -11]
['7', ['SYSIN'], [8], 7, 13]
['10', ['SYSIN'], [1], 10, -4]
['11_4', [4, 10], [8, 1], 11, 190]
['12_8', [3, 8], [1, 8], 12, -498]
['13_1', [7, 1], [8, 1], 13, 89]
['14_4', [4, 3], [8, 1], 14, 328]
['16_4', [7, 4], [8, 8], 16, -63]
['17', ['SYSIN'], [1], 17, 2]
['18_9', [9, 7], [1, 8], 18, -103]
['19_15_4', [15, 4], [1, 8], 19, -166]
['20_8', [17, 8], [1, 8], 20, -435]
['2_6', [6], [9], 2, 435]
['3', ['SYSIN'], [9], 3, 17]
['5_1', [1], [9], 5, 133]
['7', ['SYSIN'], [9], 7, 15]
['10', ['SYSIN'], [9], 10, 20]
['11_4', [4, 10], [9, 9], 11, 70]
['12_8', [3, 8], [9, 9], 12, -514]
['13_1', [7, 1], [9, 9], 13, 7]
['14_4', [4, 3], [9, 9], 14, 312]
['16_4', [7, 4], [9, 9], 16, -71]
['17', ['SYSIN'], [9], 17, 58]
['18_9', [9, 7], [9, 9], 18, -93]
['19_15_4', [15, 4], [9, 9], 19, 202]
['20_8', [17, 8], [9, 9], 20, -435]
['2_6', [6], [4], 2, 155]
['3', ['SYSIN'], [4], 3, 7]
['5_1', [1], [4], 5, 43]
['7', ['SYSIN'], [0], 7, -3]
['10', ['SYSIN'], [4], 10, 5]
['11_4', [4, 10], [0, 4], 11, -56]
['12_8', [3, 8], [4, 0], 12, 32]
['13_1', [7, 1], [0, 4], 13, -59]
['14_4', [4, 3], [0, 4], 14, -80]
['16_4', [7, 4], [0, 0], 16, 1]
['17', ['SYSIN'], [4], 17, 23]
['18_9', [9, 7], [4, 0], 18, 18]
['19_15_4', [15, 4], [4, 0], 19, 173]
['20_8', [17, 8], [4, 0], 20, 34]
['2_6', [6], [7], 2, 323]
['3', ['SYSIN'], [7], 3, 13]
['5_1', [1], [7], 5, 97]
['7', ['SYSIN'], [9], 7, 15]
['10', ['SYSIN'], [7], 10, 14]
['11_4', [4, 10], [9, 7], 11, 106]
['12_8', [3, 8], [7, 9], 12, -526]
['13_1', [7, 1], [9, 7], 13, 31]
['14_4', [4, 3], [9, 7], 14, 328]
['16_4', [7, 4], [9, 9], 16, -71]
['17', ['SYSIN'], [7], 17, 44]
['18_9', [9, 7], [7, 9], 18, -99]
['19_15_4', [15, 4], [7, 9], 19, 104]
['20_8', [17, 8], [7, 9], 20, -449]
['2_6', [6], [6], 2, 267]
['3', ['SYSIN'], [6], 3, 11]
['5_1', [1], [6], 5, 79]
['7', ['SYSIN'], [8], 7, 13]
['10', ['SYSIN'], [6], 10, 11]
['11_4', [4, 10], [8, 6], 11, 100]
['12_8', [3, 8], [6, 8], 12, -468]
['13_1', [7, 1], [8, 6], 13, 29]
['14_4', [4, 3], [8, 6], 14, 288]
['16_4', [7, 4], [8, 8], 16, -63]
['17', ['SYSIN'], [6], 17, 37]
['18_9', [9, 7], [6, 8], 18, -88]
['19_15_4', [15, 4], [6, 8], 19, 79]
['20_8', [17, 8], [6, 8], 20, -400]
['2_6', [6], [0], 2, -69]
['3', ['SYSIN'], [0], 3, -1]
['5_1', [1], [0], 5, -29]
['7', ['SYSIN'], [6], 7, 9]
['10', ['SYSIN'], [0], 10, -7]
['11_4', [4, 10], [6, 0], 11, 160]
['12_8', [3, 8], [0, 6], 12, -376]
['13_1', [7, 1], [6, 0], 13, 73]
['14_4', [4, 3], [6, 0], 14, 240]
['16_4', [7, 4], [6, 6], 16, -47]
['17', ['SYSIN'], [0], 17, -5]
['18_9', [9, 7], [0, 6], 18, -78]
['19_15_4', [15, 4], [0, 6], 19, -167]
['20_8', [17, 8], [0, 6], 20, -330]
['2_6', [6], [3], 2, 99]
['3', ['SYSIN'], [3], 3, 5]
['5_1', [1], [3], 5, 25]
['7', ['SYSIN'], [9], 7, 15]
['10', ['SYSIN'], [3], 10, 2]
['11_4', [4, 10], [9, 3], 11, 178]
['12_8', [3, 8], [3, 9], 12, -550]
['13_1', [7, 1], [9, 3], 13, 79]
['14_4', [4, 3], [9, 3], 14, 360]
['16_4', [7, 4], [9, 9], 16, -71]
['17', ['SYSIN'], [3], 17, 16]
['18_9', [9, 7], [3, 9], 18, -111]
['19_15_4', [15, 4], [3, 9], 19, -92]
['20_8', [17, 8], [3, 9], 20, -477]
['2_6', [6], [9], 2, 435]
['3', ['SYSIN'], [9], 3, 17]
['5_1', [1], [9], 5, 133]
['7', ['SYSIN'], [3], 7, 3]
['10', ['SYSIN'], [9], 10, 20]
['11_4', [4, 10], [3, 9], 11, -74]
['12_8', [3, 8], [9, 3], 12, -130]
['13_1', [7, 1], [3, 9], 13, -77]
['14_4', [4, 3], [3, 9], 14, 24]
['16_4', [7, 4], [3, 3], 16, -23]
['17', ['SYSIN'], [9], 17, 58]
['18_9', [9, 7], [9, 3], 18, -9]
['19_15_4', [15, 4], [9, 3], 19, 346]
['20_8', [17, 8], [9, 3], 20, -99]
['2_6', [6], [1], 2, -13]
['3', ['SYSIN'], [1], 3, 1]
['5_1', [1], [1], 5, -11]
['7', ['SYSIN'], [2], 7, 1]
['10', ['SYSIN'], [1], 10, -4]
['11_4', [4, 10], [2, 1], 11, 46]
['12_8', [3, 8], [1, 2], 12, -114]
['13_1', [7, 1], [2, 1], 13, 5]
['14_4', [4, 3], [2, 1], 14, 40]
['16_4', [7, 4], [2, 2], 16, -15]
['17', ['SYSIN'], [1], 17, 2]
['18_9', [9, 7], [1, 2], 18, -19]
['19_15_4', [15, 4], [1, 2], 19, -22]
['20_8', [17, 8], [1, 2], 20, -99]
['2_6', [6], [5], 2, 211]
['3', ['SYSIN'], [5], 3, 9]
['5_1', [1], [5], 5, 61]
['7', ['SYSIN'], [1], 7, -1]
['10', ['SYSIN'], [5], 10, 8]
['11_4', [4, 10], [1, 5], 11, -50]
['12_8', [3, 8], [5, 1], 12, -26]
['13_1', [7, 1], [1, 5], 13, -57]
['14_4', [4, 3], [1, 5], 14, -40]
['16_4', [7, 4], [1, 1], 16, -7]
['17', ['SYSIN'], [5], 17, 30]
['18_9', [9, 7], [5, 1], 18, 7]
['19_15_4', [15, 4], [5, 1], 19, 198]
['20_8', [17, 8], [5, 1], 20, -15]
['2_6', [6], [7], 2, 323]
['3', ['SYSIN'], [7], 3, 13]
['5_1', [1], [7], 5, 97]
['7', ['SYSIN'], [9], 7, 15]
['10', ['SYSIN'], [7], 10, 14]
['11_4', [4, 10], [9, 7], 11, 106]
['12_8', [3, 8], [7, 9], 12, -526]
['13_1', [7, 1], [9, 7], 13, 31]
['14_4', [4, 3], [9, 7], 14, 328]
['16_4', [7, 4], [9, 9], 16, -71]
['17', ['SYSIN'], [7], 17, 44]
['18_9', [9, 7], [7, 9], 18, -99]
['19_15_4', [15, 4], [7, 9], 19, 104]
['20_8', [17, 8], [7, 9], 20, -449]
['2_6', [6], [4], 2, 155]
['3', ['SYSIN'], [4], 3, 7]
['5_1', [1], [4], 5, 43]
['7', ['SYSIN'], [2], 7, 1]
['10', ['SYSIN'], [4], 10, 5]
['11_4', [4, 10], [2, 4], 11, -8]
['12_8', [3, 8], [4, 2], 12, -96]
['13_1', [7, 1], [2, 4], 13, -31]
['14_4', [4, 3], [2, 4], 14, 16]
['16_4', [7, 4], [2, 2], 16, -15]
['17', ['SYSIN'], [4], 17, 23]
['18_9', [9, 7], [4, 2], 18, -10]
['19_15_4', [15, 4], [4, 2], 19, 125]
['20_8', [17, 8], [4, 2], 20, -78]
['2_6', [6], [1], 2, -13]
['3', ['SYSIN'], [1], 3, 1]
['5_1', [1], [1], 5, -11]
['7', ['SYSIN'], [7], 7, 11]
['10', ['SYSIN'], [1], 10, -4]
['11_4', [4, 10], [7, 1], 11, 166]
['12_8', [3, 8], [1, 7], 12, -434]
['13_1', [7, 1], [7, 1], 13, 75]
['14_4', [4, 3], [7, 1], 14, 280]
['16_4', [7, 4], [7, 7], 16, -55]
['17', ['SYSIN'], [1], 17, 2]
['18_9', [9, 7], [1, 7], 18, -89]
['19_15_4', [15, 4], [1, 7], 19, -142]
['20_8', [17, 8], [1, 7], 20, -379]
['2_6', [6], [9], 2, 435]
['3', ['SYSIN'], [9], 3, 17]
['5_1', [1], [9], 5, 133]
['7', ['SYSIN'], [9], 7, 15]
['10', ['SYSIN'], [9], 10, 20]
['11_4', [4, 10], [9, 9], 11, 70]
['12_8', [3, 8], [9, 9], 12, -514]
['13_1', [7, 1], [9, 9], 13, 7]
['14_4', [4, 3], [9, 9], 14, 312]
['16_4', [7, 4], [9, 9], 16, -71]
['17', ['SYSIN'], [9], 17, 58]
['18_9', [9, 7], [9, 9], 18, -93]
['19_15_4', [15, 4], [9, 9], 19, 202]
['20_8', [17, 8], [9, 9], 20, -435]
['2_6', [6], [8], 2, 379]
['3', ['SYSIN'], [8], 3, 15]
['5_1', [1], [8], 5, 115]
['7', ['SYSIN'], [9], 7, 15]
['10', ['SYSIN'], [8], 10, 17]
['11_4', [4, 10], [9, 8], 11, 88]
['12_8', [3, 8], [8, 9], 12, -520]
['13_1', [7, 1], [9, 8], 13, 19]
['14_4', [4, 3], [9, 8], 14, 320]
['16_4', [7, 4], [9, 9], 16, -71]
['17', ['SYSIN'], [8], 17, 51]
['18_9', [9, 7], [8, 9], 18, -96]
['19_15_4', [15, 4], [8, 9], 19, 153]
['20_8', [17, 8], [8, 9], 20, -442]
['2_6', [6], [9], 2, 435]
['3', ['SYSIN'], [9], 3, 17]
['5_1', [1], [9], 5, 133]
['7', ['SYSIN'], [4], 7, 5]
['10', ['SYSIN'], [9], 10, 20]
['11_4', [4, 10], [4, 9], 11, -50]
['12_8', [3, 8], [9, 4], 12, -194]
['13_1', [7, 1], [4, 9], 13, -63]
['14_4', [4, 3], [4, 9], 14, 72]
['16_4', [7, 4], [4, 4], 16, -31]
['17', ['SYSIN'], [9], 17, 58]
['18_9', [9, 7], [9, 4], 18, -23]
['19_15_4', [15, 4], [9, 4], 19, 322]
['20_8', [17, 8], [9, 4], 20, -155]
['2_6', [6], [1], 2, -13]
['3', ['SYSIN'], [1], 3, 1]
['5_1', [1], [1], 5, -11]
['7', ['SYSIN'], [0], 7, -3]
['10', ['SYSIN'], [1], 10, -4]
['11_4', [4, 10], [0, 1], 11, -2]
['12_8', [3, 8], [1, 0], 12, 14]
['13_1', [7, 1], [0, 1], 13, -23]
['14_4', [4, 3], [0, 1], 14, -56]
['16_4', [7, 4], [0, 0], 16, 1]
['17', ['SYSIN'], [1], 17, 2]
['18_9', [9, 7], [1, 0], 18, 9]
['19_15_4', [15, 4], [1, 0], 19, 26]
['20_8', [17, 8], [1, 0], 20, 13]
['2_6', [6], [8], 2, 379]
['3', ['SYSIN'], [8], 3, 15]
['5_1', [1], [8], 5, 115]
['7', ['SYSIN'], [6], 7, 9]
['10', ['SYSIN'], [8], 10, 17]
['11_4', [4, 10], [6, 8], 11, 16]
['12_8', [3, 8], [8, 6], 12, -328]
['13_1', [7, 1], [6, 8], 13, -23]
['14_4', [4, 3], [6, 8], 14, 176]
['16_4', [7, 4], [6, 6], 16, -47]
['17', ['SYSIN'], [8], 17, 51]
['18_9', [9, 7], [8, 6], 18, -54]
['19_15_4', [15, 4], [8, 6], 19, 225]
['20_8', [17, 8], [8, 6], 20, -274]
['2_6', [6], [6], 2, 267]
['3', ['SYSIN'], [6], 3, 11]
['5_1', [1], [6], 5, 79]
['7', ['SYSIN'], [1], 7, -1]
['10', ['SYSIN'], [6], 10, 11]
['11_4', [4, 10], [1, 6], 11, -68]
['12_8', [3, 8], [6, 1], 12, -20]
['13_1', [7, 1], [1, 6], 13, -69]
['14_4', [4, 3], [1, 6], 14, -48]
['16_4', [7, 4], [1, 1], 16, -7]
['17', ['SYSIN'], [6], 17, 37]
['18_9', [9, 7], [6, 1], 18, 10]
['19_15_4', [15, 4], [6, 1], 19, 247]
['20_8', [17, 8], [6, 1], 20, -8]
['2_6', [6], [2], 2, 43]
['3', ['SYSIN'], [2], 3, 3]
['5_1', [1], [2], 5, 7]
['7', ['SYSIN'], [7], 7, 11]
['10', ['SYSIN'], [2], 10, -1]
['11_4', [4, 10], [7, 2], 11, 148]
['12_8', [3, 8], [2, 7], 12, -428]
['13_1', [7, 1], [7, 2], 13, 63]
['14_4', [4, 3], [7, 2], 14, 272]
['16_4', [7, 4], [7, 7], 16, -55]
['17', ['SYSIN'], [2], 17, 9]
['18_9', [9, 7], [2, 7], 18, -86]
['19_15_4', [15, 4], [2, 7], 19, -93]
['20_8', [17, 8], [2, 7], 20, -372]
['2_6', [6], [6], 2, 267]
['3', ['SYSIN'], [6], 3, 11]
['5_1', [1], [6], 5, 79]
['7', ['SYSIN'], [8], 7, 13]
['10', ['SYSIN'], [6], 10, 11]
['11_4', [4, 10], [8, 6], 11, 100]
['12_8', [3, 8], [6, 8], 12, -468]
['13_1', [7, 1], [8, 6], 13, 29]
['14_4', [4, 3], [8, 6], 14, 288]
['16_4', [7, 4], [8, 8], 16, -63]
['17', ['SYSIN'], [6], 17, 37]
['18_9', [9, 7], [6, 8], 18, -88]
['19_15_4', [15, 4], [6, 8], 19, 79]
['20_8', [17, 8], [6, 8], 20, -400]
['2_6', [6], [9], 2, 435]
['3', ['SYSIN'], [9], 3, 17]
['5_1', [1], [9], 5, 133]
['7', ['SYSIN'], [7], 7, 11]
['10', ['SYSIN'], [9], 10, 20]
['11_4', [4, 10], [7, 9], 11, 22]
['12_8', [3, 8], [9, 7], 12, -386]
['13_1', [7, 1], [7, 9], 13, -21]
['14_4', [4, 3], [7, 9], 14, 216]
['16_4', [7, 4], [7, 7], 16, -55]
['17', ['SYSIN'], [9], 17, 58]
['18_9', [9, 7], [9, 7], 18, -65]
['19_15_4', [15, 4], [9, 7], 19, 250]
['20_8', [17, 8], [9, 7], 20, -323]
['2_6', [6], [7], 2, 323]
['3', ['SYSIN'], [7], 3, 13]
['5_1', [1], [7], 5, 97]
['7', ['SYSIN'], [4], 7, 5]
['10', ['SYSIN'], [7], 10, 14]
['11_4', [4, 10], [4, 7], 11, -14]
['12_8', [3, 8], [7, 4], 12, -206]
['13_1', [7, 1], [4, 7], 13, -39]
['14_4', [4, 3], [4, 7], 14, 88]
['16_4', [7, 4], [4, 4], 16, -31]
['17', ['SYSIN'], [7], 17, 44]
['18_9', [9, 7], [7, 4], 18, -29]
['19_15_4', [15, 4], [7, 4], 19, 224]
['20_8', [17, 8], [7, 4], 20, -169]
['2_6', [6], [5], 2, 211]
['3', ['SYSIN'], [5], 3, 9]
['5_1', [1], [5], 5, 61]
['7', ['SYSIN'], [7], 7, 11]
['10', ['SYSIN'], [5], 10, 8]
['11_4', [4, 10], [7, 5], 11, 94]
['12_8', [3, 8], [5, 7], 12, -410]
['13_1', [7, 1], [7, 5], 13, 27]
['14_4', [4, 3], [7, 5], 14, 248]
['16_4', [7, 4], [7, 7], 16, -55]
['17', ['SYSIN'], [5], 17, 30]
['18_9', [9, 7], [5, 7], 18, -77]
['19_15_4', [15, 4], [5, 7], 19, 54]
['20_8', [17, 8], [5, 7], 20, -351]
['2_6', [6], [7], 2, 323]
['3', ['SYSIN'], [7], 3, 13]
['5_1', [1], [7], 5, 97]
['7', ['SYSIN'], [1], 7, -1]
['10', ['SYSIN'], [7], 10, 14]
['11_4', [4, 10], [1, 7], 11, -86]
['12_8', [3, 8], [7, 1], 12, -14]
['13_1', [7, 1], [1, 7], 13, -81]
['14_4', [4, 3], [1, 7], 14, -56]
['16_4', [7, 4], [1, 1], 16, -7]
['17', ['SYSIN'], [7], 17, 44]
['18_9', [9, 7], [7, 1], 18, 13]
['19_15_4', [15, 4], [7, 1], 19, 296]
['20_8', [17, 8], [7, 1], 20, -1]
['2_6', [6], [9], 2, 435]
['3', ['SYSIN'], [9], 3, 17]
['5_1', [1], [9], 5, 133]
['7', ['SYSIN'], [7], 7, 11]
['10', ['SYSIN'], [9], 10, 20]
['11_4', [4, 10], [7, 9], 11, 22]
['12_8', [3, 8], [9, 7], 12, -386]
['13_1', [7, 1], [7, 9], 13, -21]
['14_4', [4, 3], [7, 9], 14, 216]
['16_4', [7, 4], [7, 7], 16, -55]
['17', ['SYSIN'], [9], 17, 58]
['18_9', [9, 7], [9, 7], 18, -65]
['19_15_4', [15, 4], [9, 7], 19, 250]
['20_8', [17, 8], [9, 7], 20, -323]
['2_6', [6], [6], 2, 267]
['3', ['SYSIN'], [6], 3, 11]
['5_1', [1], [6], 5, 79]
['7', ['SYSIN'], [8], 7, 13]
['10', ['SYSIN'], [6], 10, 11]
['11_4', [4, 10], [8, 6], 11, 100]
['12_8', [3, 8], [6, 8], 12, -468]
['13_1', [7, 1], [8, 6], 13, 29]
['14_4', [4, 3], [8, 6], 14, 288]
['16_4', [7, 4], [8, 8], 16, -63]
['17', ['SYSIN'], [6], 17, 37]
['18_9', [9, 7], [6, 8], 18, -88]
['19_15_4', [15, 4], [6, 8], 19, 79]
['20_8', [17, 8], [6, 8], 20, -400]
['2_6', [6], [0], 2, -69]
['3', ['SYSIN'], [0], 3, -1]
['5_1', [1], [0], 5, -29]
['7', ['SYSIN'], [1], 7, -1]
['10', ['SYSIN'], [0], 10, -7]
['11_4', [4, 10], [1, 0], 11, 40]
['12_8', [3, 8], [0, 1], 12, -56]
['13_1', [7, 1], [1, 0], 13, 3]
['14_4', [4, 3], [1, 0], 14, 0]
['16_4', [7, 4], [1, 1], 16, -7]
['17', ['SYSIN'], [0], 17, -5]
['18_9', [9, 7], [0, 1], 18, -8]
['19_15_4', [15, 4], [0, 1], 19, -47]
['20_8', [17, 8], [0, 1], 20, -50]
['2_6', [6], [8], 2, 379]
['3', ['SYSIN'], [8], 3, 15]
['5_1', [1], [8], 5, 115]
['7', ['SYSIN'], [4], 7, 5]
['10', ['SYSIN'], [8], 10, 17]
['11_4', [4, 10], [4, 8], 11, -32]
['12_8', [3, 8], [8, 4], 12, -200]
['13_1', [7, 1], [4, 8], 13, -51]
['14_4', [4, 3], [4, 8], 14, 80]
['16_4', [7, 4], [4, 4], 16, -31]
['17', ['SYSIN'], [8], 17, 51]
['18_9', [9, 7], [8, 4], 18, -26]
['19_15_4', [15, 4], [8, 4], 19, 273]
['20_8', [17, 8], [8, 4], 20, -162]
['2_6', [6], [7], 2, 323]
['3', ['SYSIN'], [7], 3, 13]
['5_1', [1], [7], 5, 97]
['7', ['SYSIN'], [0], 7, -3]
['10', ['SYSIN'], [7], 10, 14]
['11_4', [4, 10], [0, 7], 11, -110]
['12_8', [3, 8], [7, 0], 12, 50]
['13_1', [7, 1], [0, 7], 13, -95]
['14_4', [4, 3], [0, 7], 14, -104]
['16_4', [7, 4], [0, 0], 16, 1]
['17', ['SYSIN'], [7], 17, 44]
['18_9', [9, 7], [7, 0], 18, 27]
['19_15_4', [15, 4], [7, 0], 19, 320]
['20_8', [17, 8], [7, 0], 20, 55]
['2_6', [6], [5], 2, 211]
['3', ['SYSIN'], [5], 3, 9]
['5_1', [1], [5], 5, 61]
['7', ['SYSIN'], [9], 7, 15]
['10', ['SYSIN'], [5], 10, 8]
['11_4', [4, 10], [9, 5], 11, 142]
['12_8', [3, 8], [5, 9], 12, -538]
['13_1', [7, 1], [9, 5], 13, 55]
['14_4', [4, 3], [9, 5], 14, 344]
['16_4', [7, 4], [9, 9], 16, -71]
['17', ['SYSIN'], [5], 17, 30]
['18_9', [9, 7], [5, 9], 18, -105]
['19_15_4', [15, 4], [5, 9], 19, 6]
['20_8', [17, 8], [5, 9], 20, -463]
['2_6', [6], [8], 2, 379]
['3', ['SYSIN'], [8], 3, 15]
['5_1', [1], [8], 5, 115]
['7', ['SYSIN'], [7], 7, 11]
['10', ['SYSIN'], [8], 10, 17]
['11_4', [4, 10], [7, 8], 11, 40]
['12_8', [3, 8], [8, 7], 12, -392]
['13_1', [7, 1], [7, 8], 13, -9]
['14_4', [4, 3], [7, 8], 14, 224]
['16_4', [7, 4], [7, 7], 16, -55]
['17', ['SYSIN'], [8], 17, 51]
['18_9', [9, 7], [8, 7], 18, -68]
['19_15_4', [15, 4], [8, 7], 19, 201]
['20_8', [17, 8], [8, 7], 20, -330]
['2_6', [6], [3], 2, 99]
['3', ['SYSIN'], [3], 3, 5]
['5_1', [1], [3], 5, 25]
['7', ['SYSIN'], [4], 7, 5]
['10', ['SYSIN'], [3], 10, 2]
['11_4', [4, 10], [4, 3], 11, 58]
['12_8', [3, 8], [3, 4], 12, -230]
['13_1', [7, 1], [4, 3], 13, 9]
['14_4', [4, 3], [4, 3], 14, 120]
['16_4', [7, 4], [4, 4], 16, -31]
['17', ['SYSIN'], [3], 17, 16]
['18_9', [9, 7], [3, 4], 18, -41]
['19_15_4', [15, 4], [3, 4], 19, 28]
['20_8', [17, 8], [3, 4], 20, -197]
['2_6', [6], [7], 2, 323]
['3', ['SYSIN'], [7], 3, 13]
['5_1', [1], [7], 5, 97]
['7', ['SYSIN'], [6], 7, 9]
['10', ['SYSIN'], [7], 10, 14]
['11_4', [4, 10], [6, 7], 11, 34]
['12_8', [3, 8], [7, 6], 12, -334]
['13_1', [7, 1], [6, 7], 13, -11]
['14_4', [4, 3], [6, 7], 14, 184]
['16_4', [7, 4], [6, 6], 16, -47]
['17', ['SYSIN'], [7], 17, 44]
['18_9', [9, 7], [7, 6], 18, -57]
['19_15_4', [15, 4], [7, 6], 19, 176]
['20_8', [17, 8], [7, 6], 20, -281]
['2_6', [6], [5], 2, 211]
['3', ['SYSIN'], [5], 3, 9]
['5_1', [1], [5], 5, 61]
['7', ['SYSIN'], [8], 7, 13]
['10', ['SYSIN'], [5], 10, 8]
['11_4', [4, 10], [8, 5], 11, 118]
['12_8', [3, 8], [5, 8], 12, -474]
['13_1', [7, 1], [8, 5], 13, 41]
['14_4', [4, 3], [8, 5], 14, 296]
['16_4', [7, 4], [8, 8], 16, -63]
['17', ['SYSIN'], [5], 17, 30]
['18_9', [9, 7], [5, 8], 18, -91]
['19_15_4', [15, 4], [5, 8], 19, 30]
['20_8', [17, 8], [5, 8], 20, -407]
['2_6', [6], [6], 2, 267]
['3', ['SYSIN'], [6], 3, 11]
['5_1', [1], [6], 5, 79]
['7', ['SYSIN'], [7], 7, 11]
['10', ['SYSIN'], [6], 10, 11]
['11_4', [4, 10], [7, 6], 11, 76]
['12_8', [3, 8], [6, 7], 12, -404]
['13_1', [7, 1], [7, 6], 13, 15]
['14_4', [4, 3], [7, 6], 14, 240]
['16_4', [7, 4], [7, 7], 16, -55]
['17', ['SYSIN'], [6], 17, 37]
['18_9', [9, 7], [6, 7], 18, -74]
['19_15_4', [15, 4], [6, 7], 19, 103]
['20_8', [17, 8], [6, 7], 20, -344]

TotalBuggyObservations:
10

BuggyObservations:
['2_6', [6], [5], 2, 211]
['3', ['SYSIN'], [5], 3, 9]
['5_1', [1], [5], 5, 61]
['7', ['SYSIN'], [2], 7, 1]
['10', ['SYSIN'], [5], 10, 8]
['11_4', [4, 10], [2, 5], 11, 26]
['12_8', [3, 8], [5, 2], 12, -90]
['13_1', [7, 1], [2, 5], 13, -43]
['14_4', [4, 3], [2, 5], 14, 112]
['16_4', [7, 4], [2, 2], 16, -41]
['17', ['SYSIN'], [5], 17, 30]
['18_9', [9, 7], [5, 2], 18, -7]
['19_15_4', [15, 4], [5, 2], 19, 122]
['20_8', [17, 8], [5, 2], 20, -138]
['2_6', [6], [0], 2, -69]
['3', ['SYSIN'], [0], 3, -1]
['5_1', [1], [0], 5, -29]
['7', ['SYSIN'], [0], 7, -3]
['10', ['SYSIN'], [0], 10, -7]
['11_4', [4, 10], [0, 0], 11, 20]
['12_8', [3, 8], [0, 0], 12, 8]
['13_1', [7, 1], [0, 0], 13, -11]
['14_4', [4, 3], [0, 0], 14, -40]
['16_4', [7, 4], [0, 0], 16, -1]
['17', ['SYSIN'], [0], 17, -5]
['18_9', [9, 7], [0, 0], 18, 6]
['19_15_4', [15, 4], [0, 0], 19, -27]
['20_8', [17, 8], [0, 0], 20, 16]
['2_6', [6], [5], 2, 211]
['3', ['SYSIN'], [5], 3, 9]
['5_1', [1], [5], 5, 61]
['7', ['SYSIN'], [3], 7, 3]
['10', ['SYSIN'], [5], 10, 8]
['11_4', [4, 10], [3, 5], 11, 74]
['12_8', [3, 8], [5, 3], 12, -154]
['13_1', [7, 1], [3, 5], 13, -29]
['14_4', [4, 3], [3, 5], 14, 208]
['16_4', [7, 4], [3, 3], 16, -61]
['17', ['SYSIN'], [5], 17, 30]
['18_9', [9, 7], [5, 3], 18, -21]
['19_15_4', [15, 4], [5, 3], 19, 74]
['20_8', [17, 8], [5, 3], 20, -250]
['2_6', [6], [1], 2, -13]
['3', ['SYSIN'], [1], 3, 1]
['5_1', [1], [1], 5, -11]
['7', ['SYSIN'], [0], 7, -3]
['10', ['SYSIN'], [1], 10, -4]
['11_4', [4, 10], [0, 1], 11, 2]
['12_8', [3, 8], [1, 0], 12, 14]
['13_1', [7, 1], [0, 1], 13, -23]
['14_4', [4, 3], [0, 1], 14, -48]
['16_4', [7, 4], [0, 0], 16, -1]
['17', ['SYSIN'], [1], 17, 2]
['18_9', [9, 7], [1, 0], 18, 9]
['19_15_4', [15, 4], [1, 0], 19, 22]
['20_8', [17, 8], [1, 0], 20, 30]
['2_6', [6], [7], 2, 323]
['3', ['SYSIN'], [7], 3, 13]
['5_1', [1], [7], 5, 97]
['7', ['SYSIN'], [2], 7, 1]
['10', ['SYSIN'], [7], 10, 14]
['11_4', [4, 10], [2, 7], 11, -10]
['12_8', [3, 8], [7, 2], 12, -78]
['13_1', [7, 1], [2, 7], 13, -67]
['14_4', [4, 3], [2, 7], 14, 96]
['16_4', [7, 4], [2, 2], 16, -41]
['17', ['SYSIN'], [7], 17, 44]
['18_9', [9, 7], [7, 2], 18, -1]
['19_15_4', [15, 4], [7, 2], 19, 220]
['20_8', [17, 8], [7, 2], 20, -110]
['2_6', [6], [2], 2, 43]
['3', ['SYSIN'], [2], 3, 3]
['5_1', [1], [2], 5, 7]
['7', ['SYSIN'], [8], 7, 13]
['10', ['SYSIN'], [2], 10, -1]
['11_4', [4, 10], [8, 2], 11, 368]
['12_8', [3, 8], [2, 8], 12, -492]
['13_1', [7, 1], [8, 2], 13, 77]
['14_4', [4, 3], [8, 2], 14, 712]
['16_4', [7, 4], [8, 8], 16, -161]
['17', ['SYSIN'], [2], 17, 9]
['18_9', [9, 7], [2, 8], 18, -100]
['19_15_4', [15, 4], [2, 8], 19, -313]
['20_8', [17, 8], [2, 8], 20, -852]
['2_6', [6], [6], 2, 267]
['3', ['SYSIN'], [6], 3, 11]
['5_1', [1], [6], 5, 79]
['7', ['SYSIN'], [9], 7, 15]
['10', ['SYSIN'], [6], 10, 11]
['11_4', [4, 10], [9, 6], 11, 344]
['12_8', [3, 8], [6, 9], 12, -532]
['13_1', [7, 1], [9, 6], 13, 43]
['14_4', [4, 3], [9, 6], 14, 776]
['16_4', [7, 4], [9, 9], 16, -181]
['17', ['SYSIN'], [6], 17, 37]
['18_9', [9, 7], [6, 9], 18, -102]
['19_15_4', [15, 4], [6, 9], 19, -165]
['20_8', [17, 8], [6, 9], 20, -908]
['2_6', [6], [1], 2, -13]
['3', ['SYSIN'], [1], 3, 1]
['5_1', [1], [1], 5, -11]
['7', ['SYSIN'], [7], 7, 11]
['10', ['SYSIN'], [1], 10, -4]
['11_4', [4, 10], [7, 1], 11, 338]
['12_8', [3, 8], [1, 7], 12, -434]
['13_1', [7, 1], [7, 1], 13, 75]
['14_4', [4, 3], [7, 1], 14, 624]
['16_4', [7, 4], [7, 7], 16, -141]
['17', ['SYSIN'], [1], 17, 2]
['18_9', [9, 7], [1, 7], 18, -89]
['19_15_4', [15, 4], [1, 7], 19, -314]
['20_8', [17, 8], [1, 7], 20, -754]
['2_6', [6], [5], 2, 211]
['3', ['SYSIN'], [5], 3, 9]
['5_1', [1], [5], 5, 61]
['7', ['SYSIN'], [3], 7, 3]
['10', ['SYSIN'], [5], 10, 8]
['11_4', [4, 10], [3, 5], 11, 74]
['12_8', [3, 8], [5, 3], 12, -154]
['13_1', [7, 1], [3, 5], 13, -29]
['14_4', [4, 3], [3, 5], 14, 208]
['16_4', [7, 4], [3, 3], 16, -61]
['17', ['SYSIN'], [5], 17, 30]
['18_9', [9, 7], [5, 3], 18, -21]
['19_15_4', [15, 4], [5, 3], 19, 74]
['20_8', [17, 8], [5, 3], 20, -250]
['2_6', [6], [0], 2, -69]
['3', ['SYSIN'], [0], 3, -1]
['5_1', [1], [0], 5, -29]
['7', ['SYSIN'], [7], 7, 11]
['10', ['SYSIN'], [0], 10, -7]
['11_4', [4, 10], [7, 0], 11, 356]
['12_8', [3, 8], [0, 7], 12, -440]
['13_1', [7, 1], [7, 0], 13, 87]
['14_4', [4, 3], [7, 0], 14, 632]
['16_4', [7, 4], [7, 7], 16, -141]
['17', ['SYSIN'], [0], 17, -5]
['18_9', [9, 7], [0, 7], 18, -92]
['19_15_4', [15, 4], [0, 7], 19, -363]
['20_8', [17, 8], [0, 7], 20, -768]

BuggyIds
20, 4

MinRange:
0

MaxRange:
9
