Subsystems:
9_5_1_2_6_2_3
8_1
7_3_4

SYSINS:
1, 2, 3, 4

SYSOUTS:
9, 8, 7

TotalRegularObservations:
5

NormalObservations:
['7_3_4', [3, 4], [1, 2], 7, 51]
['8_1', [1], [2], 8, 4]
['9_5_1_2_6_2_3', [1, 2, 2, 3], [2, 2, 2, 1], 9, 36]
['7_3_4', [3, 4], [1, 1], 7, 48]
['8_1', [1], [1], 8, 1]
['9_5_1_2_6_2_3', [1, 2, 2, 3], [1, 2, 2, 1], 9, 26]
['7_3_4', [3, 4], [1, 2], 7, 51]
['8_1', [1], [2], 8, 4]
['9_5_1_2_6_2_3', [1, 2, 2, 3], [2, 2, 2, 1], 9, 36]
['7_3_4', [3, 4], [2, 1], 7, 60]
['8_1', [1], [1], 8, 1]
['9_5_1_2_6_2_3', [1, 2, 2, 3], [1, 2, 2, 2], 9, 38]
['7_3_4', [3, 4], [1, 1], 7, 48]
['8_1', [1], [1], 8, 1]
['9_5_1_2_6_2_3', [1, 2, 2, 3], [1, 1, 1, 1], 9, 38]

TotalBuggyObservations:
5

BuggyObservations:
['7_3_4', [3, 4], [2, 1], 7, 60]
['8_1', [1], [1], 8, 1]
['9_5_1_2_6_2_3', [1, 2, 2, 3], [1, 2, 2, 2], 9, 76]
['7_3_4', [3, 4], [2, 2], 7, 63]
['8_1', [1], [2], 8, 4]
['9_5_1_2_6_2_3', [1, 2, 2, 3], [2, 1, 1, 2], 9, 120]
['7_3_4', [3, 4], [1, 2], 7, 51]
['8_1', [1], [2], 8, 4]
['9_5_1_2_6_2_3', [1, 2, 2, 3], [2, 1, 1, 1], 9, 96]
['7_3_4', [3, 4], [1, 1], 7, 48]
['8_1', [1], [1], 8, 1]
['9_5_1_2_6_2_3', [1, 2, 2, 3], [1, 2, 2, 1], 9, 52]
['7_3_4', [3, 4], [2, 2], 7, 63]
['8_1', [1], [2], 8, 4]
['9_5_1_2_6_2_3', [1, 2, 2, 3], [2, 2, 2, 2], 9, 96]

BuggyIds
9