Subsystems:
9_6_2_3
8_1
7_3_4
5_1_2

SYSINS:
1, 2, 3, 4

SYSOUTS:
9, 8, 7, 5

TotalRegularObservations:
250

NormalObservations:
['5_1_2', [1, 2], [1, 7], 5, -2]
['7_3_4', [3, 4], [9, 1], 7, 144]
['8_1', [1], [1], 8, 10]
['9_6_2_3', [1, 2, 2, 3], [1, 7, 7, 9], 9, 92]
['5_1_2', [1, 2], [1, 9], 5, -6]
['7_3_4', [3, 4], [5, 1], 7, 96]
['8_1', [1], [1], 8, 10]
['9_6_2_3', [1, 2, 2, 3], [1, 9, 9, 5], 9, 20]
['5_1_2', [1, 2], [3, 3], 5, 10]
['7_3_4', [3, 4], [6, 3], 7, 114]
['8_1', [1], [3], 8, 16]
['9_6_2_3', [1, 2, 2, 3], [3, 3, 3, 6], 9, 124]
['5_1_2', [1, 2], [7, 7], 5, 10]
['7_3_4', [3, 4], [7, 7], 7, 138]
['8_1', [1], [7], 8, 28]
['9_6_2_3', [1, 2, 2, 3], [7, 7, 7, 7], 9, 128]
['5_1_2', [1, 2], [1, 9], 5, -6]
['7_3_4', [3, 4], [0, 1], 7, 36]
['8_1', [1], [1], 8, 10]
['9_6_2_3', [1, 2, 2, 3], [1, 9, 9, 0], 9, -40]
['5_1_2', [1, 2], [7, 2], 5, 20]
['7_3_4', [3, 4], [5, 7], 7, 114]
['8_1', [1], [7], 8, 28]
['9_6_2_3', [1, 2, 2, 3], [7, 2, 2, 5], 9, 164]
['5_1_2', [1, 2], [3, 2], 5, 12]
['7_3_4', [3, 4], [4, 3], 7, 90]
['8_1', [1], [3], 8, 16]
['9_6_2_3', [1, 2, 2, 3], [3, 2, 2, 4], 9, 112]
['5_1_2', [1, 2], [9, 7], 5, 14]
['7_3_4', [3, 4], [1, 9], 7, 72]
['8_1', [1], [9], 8, 34]
['9_6_2_3', [1, 2, 2, 3], [9, 7, 7, 1], 9, 76]
['5_1_2', [1, 2], [8, 5], 5, 16]
['7_3_4', [3, 4], [8, 8], 7, 153]
['8_1', [1], [8], 8, 31]
['9_6_2_3', [1, 2, 2, 3], [8, 5, 5, 8], 9, 174]
['5_1_2', [1, 2], [2, 7], 5, 0]
['7_3_4', [3, 4], [0, 2], 7, 39]
['8_1', [1], [2], 8, 13]
['9_6_2_3', [1, 2, 2, 3], [2, 7, 7, 0], 9, -6]
['5_1_2', [1, 2], [1, 9], 5, -6]
['7_3_4', [3, 4], [2, 1], 7, 60]
['8_1', [1], [1], 8, 10]
['9_6_2_3', [1, 2, 2, 3], [1, 9, 9, 2], 9, -16]
['5_1_2', [1, 2], [7, 2], 5, 20]
['7_3_4', [3, 4], [4, 7], 7, 102]
['8_1', [1], [7], 8, 28]
['9_6_2_3', [1, 2, 2, 3], [7, 2, 2, 4], 9, 152]
['5_1_2', [1, 2], [1, 6], 5, 0]
['7_3_4', [3, 4], [4, 1], 7, 84]
['8_1', [1], [1], 8, 10]
['9_6_2_3', [1, 2, 2, 3], [1, 6, 6, 4], 9, 44]
['5_1_2', [1, 2], [3, 7], 5, 2]
['7_3_4', [3, 4], [6, 3], 7, 114]
['8_1', [1], [3], 8, 16]
['9_6_2_3', [1, 2, 2, 3], [3, 7, 7, 6], 9, 76]
['5_1_2', [1, 2], [6, 4], 5, 14]
['7_3_4', [3, 4], [7, 6], 7, 135]
['8_1', [1], [6], 8, 25]
['9_6_2_3', [1, 2, 2, 3], [6, 4, 4, 7], 9, 154]
['5_1_2', [1, 2], [2, 4], 5, 6]
['7_3_4', [3, 4], [2, 2], 7, 63]
['8_1', [1], [2], 8, 13]
['9_6_2_3', [1, 2, 2, 3], [2, 4, 4, 2], 9, 54]
['5_1_2', [1, 2], [3, 2], 5, 12]
['7_3_4', [3, 4], [6, 3], 7, 114]
['8_1', [1], [3], 8, 16]
['9_6_2_3', [1, 2, 2, 3], [3, 2, 2, 6], 9, 136]
['5_1_2', [1, 2], [7, 3], 5, 18]
['7_3_4', [3, 4], [2, 7], 7, 78]
['8_1', [1], [7], 8, 28]
['9_6_2_3', [1, 2, 2, 3], [7, 3, 3, 2], 9, 116]
['5_1_2', [1, 2], [7, 9], 5, 6]
['7_3_4', [3, 4], [9, 7], 7, 162]
['8_1', [1], [7], 8, 28]
['9_6_2_3', [1, 2, 2, 3], [7, 9, 9, 9], 9, 128]
['5_1_2', [1, 2], [5, 7], 5, 6]
['7_3_4', [3, 4], [9, 5], 7, 156]
['8_1', [1], [5], 8, 22]
['9_6_2_3', [1, 2, 2, 3], [5, 7, 7, 9], 9, 132]
['5_1_2', [1, 2], [7, 2], 5, 20]
['7_3_4', [3, 4], [3, 7], 7, 90]
['8_1', [1], [7], 8, 28]
['9_6_2_3', [1, 2, 2, 3], [7, 2, 2, 3], 9, 140]
['5_1_2', [1, 2], [5, 4], 5, 12]
['7_3_4', [3, 4], [4, 5], 7, 96]
['8_1', [1], [5], 8, 22]
['9_6_2_3', [1, 2, 2, 3], [5, 4, 4, 4], 9, 108]
['5_1_2', [1, 2], [5, 2], 5, 16]
['7_3_4', [3, 4], [2, 5], 7, 72]
['8_1', [1], [5], 8, 22]
['9_6_2_3', [1, 2, 2, 3], [5, 2, 2, 2], 9, 108]
['5_1_2', [1, 2], [6, 1], 5, 20]
['7_3_4', [3, 4], [1, 6], 7, 63]
['8_1', [1], [6], 8, 25]
['9_6_2_3', [1, 2, 2, 3], [6, 1, 1, 1], 9, 118]
['5_1_2', [1, 2], [1, 8], 5, -4]
['7_3_4', [3, 4], [5, 1], 7, 96]
['8_1', [1], [1], 8, 10]
['9_6_2_3', [1, 2, 2, 3], [1, 8, 8, 5], 9, 32]
['5_1_2', [1, 2], [7, 2], 5, 20]
['7_3_4', [3, 4], [0, 7], 7, 54]
['8_1', [1], [7], 8, 28]
['9_6_2_3', [1, 2, 2, 3], [7, 2, 2, 0], 9, 104]
['5_1_2', [1, 2], [5, 1], 5, 18]
['7_3_4', [3, 4], [7, 5], 7, 132]
['8_1', [1], [5], 8, 22]
['9_6_2_3', [1, 2, 2, 3], [5, 1, 1, 7], 9, 180]
['5_1_2', [1, 2], [0, 2], 5, 6]
['7_3_4', [3, 4], [2, 0], 7, 57]
['8_1', [1], [0], 8, 7]
['9_6_2_3', [1, 2, 2, 3], [0, 2, 2, 2], 9, 58]
['5_1_2', [1, 2], [6, 9], 5, 4]
['7_3_4', [3, 4], [0, 6], 7, 51]
['8_1', [1], [6], 8, 25]
['9_6_2_3', [1, 2, 2, 3], [6, 9, 9, 0], 9, 10]
['5_1_2', [1, 2], [4, 0], 5, 18]
['7_3_4', [3, 4], [1, 4], 7, 57]
['8_1', [1], [4], 8, 19]
['9_6_2_3', [1, 2, 2, 3], [4, 0, 0, 1], 9, 110]
['5_1_2', [1, 2], [7, 5], 5, 14]
['7_3_4', [3, 4], [2, 7], 7, 78]
['8_1', [1], [7], 8, 28]
['9_6_2_3', [1, 2, 2, 3], [7, 5, 5, 2], 9, 92]
['5_1_2', [1, 2], [6, 8], 5, 6]
['7_3_4', [3, 4], [3, 6], 7, 87]
['8_1', [1], [6], 8, 25]
['9_6_2_3', [1, 2, 2, 3], [6, 8, 8, 3], 9, 58]
['5_1_2', [1, 2], [2, 8], 5, -2]
['7_3_4', [3, 4], [8, 2], 7, 135]
['8_1', [1], [2], 8, 13]
['9_6_2_3', [1, 2, 2, 3], [2, 8, 8, 8], 9, 78]
['5_1_2', [1, 2], [0, 1], 5, 8]
['7_3_4', [3, 4], [4, 0], 7, 81]
['8_1', [1], [0], 8, 7]
['9_6_2_3', [1, 2, 2, 3], [0, 1, 1, 4], 9, 94]
['5_1_2', [1, 2], [3, 3], 5, 10]
['7_3_4', [3, 4], [9, 3], 7, 150]
['8_1', [1], [3], 8, 16]
['9_6_2_3', [1, 2, 2, 3], [3, 3, 3, 9], 9, 160]
['5_1_2', [1, 2], [4, 8], 5, 2]
['7_3_4', [3, 4], [9, 4], 7, 153]
['8_1', [1], [4], 8, 19]
['9_6_2_3', [1, 2, 2, 3], [4, 8, 8, 9], 9, 110]
['5_1_2', [1, 2], [0, 0], 5, 10]
['7_3_4', [3, 4], [4, 0], 7, 81]
['8_1', [1], [0], 8, 7]
['9_6_2_3', [1, 2, 2, 3], [0, 0, 0, 4], 9, 106]
['5_1_2', [1, 2], [5, 0], 5, 20]
['7_3_4', [3, 4], [9, 5], 7, 156]
['8_1', [1], [5], 8, 22]
['9_6_2_3', [1, 2, 2, 3], [5, 0, 0, 9], 9, 216]
['5_1_2', [1, 2], [0, 7], 5, -4]
['7_3_4', [3, 4], [2, 0], 7, 57]
['8_1', [1], [0], 8, 7]
['9_6_2_3', [1, 2, 2, 3], [0, 7, 7, 2], 9, -2]
['5_1_2', [1, 2], [8, 6], 5, 14]
['7_3_4', [3, 4], [0, 8], 7, 57]
['8_1', [1], [8], 8, 31]
['9_6_2_3', [1, 2, 2, 3], [8, 6, 6, 0], 9, 66]
['5_1_2', [1, 2], [5, 0], 5, 20]
['7_3_4', [3, 4], [4, 5], 7, 96]
['8_1', [1], [5], 8, 22]
['9_6_2_3', [1, 2, 2, 3], [5, 0, 0, 4], 9, 156]
['5_1_2', [1, 2], [4, 0], 5, 18]
['7_3_4', [3, 4], [1, 4], 7, 57]
['8_1', [1], [4], 8, 19]
['9_6_2_3', [1, 2, 2, 3], [4, 0, 0, 1], 9, 110]
['5_1_2', [1, 2], [4, 7], 5, 4]
['7_3_4', [3, 4], [4, 4], 7, 93]
['8_1', [1], [4], 8, 19]
['9_6_2_3', [1, 2, 2, 3], [4, 7, 7, 4], 9, 62]
['5_1_2', [1, 2], [4, 9], 5, 0]
['7_3_4', [3, 4], [8, 4], 7, 141]
['8_1', [1], [4], 8, 19]
['9_6_2_3', [1, 2, 2, 3], [4, 9, 9, 8], 9, 86]
['5_1_2', [1, 2], [7, 0], 5, 24]
['7_3_4', [3, 4], [6, 7], 7, 126]
['8_1', [1], [7], 8, 28]
['9_6_2_3', [1, 2, 2, 3], [7, 0, 0, 6], 9, 200]
['5_1_2', [1, 2], [8, 9], 5, 8]
['7_3_4', [3, 4], [3, 8], 7, 93]
['8_1', [1], [8], 8, 31]
['9_6_2_3', [1, 2, 2, 3], [8, 9, 9, 3], 9, 66]
['5_1_2', [1, 2], [7, 9], 5, 6]
['7_3_4', [3, 4], [8, 7], 7, 150]
['8_1', [1], [7], 8, 28]
['9_6_2_3', [1, 2, 2, 3], [7, 9, 9, 8], 9, 116]
['5_1_2', [1, 2], [0, 1], 5, 8]
['7_3_4', [3, 4], [6, 0], 7, 105]
['8_1', [1], [0], 8, 7]
['9_6_2_3', [1, 2, 2, 3], [0, 1, 1, 6], 9, 118]
['5_1_2', [1, 2], [4, 9], 5, 0]
['7_3_4', [3, 4], [2, 4], 7, 69]
['8_1', [1], [4], 8, 19]
['9_6_2_3', [1, 2, 2, 3], [4, 9, 9, 2], 9, 14]
['5_1_2', [1, 2], [3, 7], 5, 2]
['7_3_4', [3, 4], [6, 3], 7, 114]
['8_1', [1], [3], 8, 16]
['9_6_2_3', [1, 2, 2, 3], [3, 7, 7, 6], 9, 76]
['5_1_2', [1, 2], [3, 6], 5, 4]
['7_3_4', [3, 4], [3, 3], 7, 78]
['8_1', [1], [3], 8, 16]
['9_6_2_3', [1, 2, 2, 3], [3, 6, 6, 3], 9, 52]
['5_1_2', [1, 2], [2, 8], 5, -2]
['7_3_4', [3, 4], [7, 2], 7, 123]
['8_1', [1], [2], 8, 13]
['9_6_2_3', [1, 2, 2, 3], [2, 8, 8, 7], 9, 66]
['5_1_2', [1, 2], [0, 8], 5, -6]
['7_3_4', [3, 4], [8, 0], 7, 129]
['8_1', [1], [0], 8, 7]
['9_6_2_3', [1, 2, 2, 3], [0, 8, 8, 8], 9, 58]
['5_1_2', [1, 2], [3, 1], 5, 14]
['7_3_4', [3, 4], [3, 3], 7, 78]
['8_1', [1], [3], 8, 16]
['9_6_2_3', [1, 2, 2, 3], [3, 1, 1, 3], 9, 112]
['5_1_2', [1, 2], [4, 2], 5, 14]
['7_3_4', [3, 4], [5, 4], 7, 105]
['8_1', [1], [4], 8, 19]
['9_6_2_3', [1, 2, 2, 3], [4, 2, 2, 5], 9, 134]
['5_1_2', [1, 2], [4, 0], 5, 18]
['7_3_4', [3, 4], [8, 4], 7, 141]
['8_1', [1], [4], 8, 19]
['9_6_2_3', [1, 2, 2, 3], [4, 0, 0, 8], 9, 194]
['5_1_2', [1, 2], [0, 7], 5, -4]
['7_3_4', [3, 4], [4, 0], 7, 81]
['8_1', [1], [0], 8, 7]
['9_6_2_3', [1, 2, 2, 3], [0, 7, 7, 4], 9, 22]
['5_1_2', [1, 2], [6, 5], 5, 12]
['7_3_4', [3, 4], [1, 6], 7, 63]
['8_1', [1], [6], 8, 25]
['9_6_2_3', [1, 2, 2, 3], [6, 5, 5, 1], 9, 70]
['5_1_2', [1, 2], [0, 1], 5, 8]
['7_3_4', [3, 4], [9, 0], 7, 141]
['8_1', [1], [0], 8, 7]
['9_6_2_3', [1, 2, 2, 3], [0, 1, 1, 9], 9, 154]
['5_1_2', [1, 2], [3, 5], 5, 6]
['7_3_4', [3, 4], [8, 3], 7, 138]
['8_1', [1], [3], 8, 16]
['9_6_2_3', [1, 2, 2, 3], [3, 5, 5, 8], 9, 124]
['5_1_2', [1, 2], [5, 6], 5, 8]
['7_3_4', [3, 4], [9, 5], 7, 156]
['8_1', [1], [5], 8, 22]
['9_6_2_3', [1, 2, 2, 3], [5, 6, 6, 9], 9, 144]
['5_1_2', [1, 2], [5, 8], 5, 4]
['7_3_4', [3, 4], [7, 5], 7, 132]
['8_1', [1], [5], 8, 22]
['9_6_2_3', [1, 2, 2, 3], [5, 8, 8, 7], 9, 96]
['5_1_2', [1, 2], [9, 0], 5, 28]
['7_3_4', [3, 4], [3, 9], 7, 96]
['8_1', [1], [9], 8, 34]
['9_6_2_3', [1, 2, 2, 3], [9, 0, 0, 3], 9, 184]
['5_1_2', [1, 2], [3, 4], 5, 8]
['7_3_4', [3, 4], [7, 3], 7, 126]
['8_1', [1], [3], 8, 16]
['9_6_2_3', [1, 2, 2, 3], [3, 4, 4, 7], 9, 124]
['5_1_2', [1, 2], [6, 4], 5, 14]
['7_3_4', [3, 4], [0, 6], 7, 51]
['8_1', [1], [6], 8, 25]
['9_6_2_3', [1, 2, 2, 3], [6, 4, 4, 0], 9, 70]
['5_1_2', [1, 2], [9, 4], 5, 20]
['7_3_4', [3, 4], [8, 9], 7, 156]
['8_1', [1], [9], 8, 34]
['9_6_2_3', [1, 2, 2, 3], [9, 4, 4, 8], 9, 196]
['5_1_2', [1, 2], [5, 1], 5, 18]
['7_3_4', [3, 4], [8, 5], 7, 144]
['8_1', [1], [5], 8, 22]
['9_6_2_3', [1, 2, 2, 3], [5, 1, 1, 8], 9, 192]
['5_1_2', [1, 2], [9, 4], 5, 20]
['7_3_4', [3, 4], [5, 9], 7, 120]
['8_1', [1], [9], 8, 34]
['9_6_2_3', [1, 2, 2, 3], [9, 4, 4, 5], 9, 160]
['5_1_2', [1, 2], [3, 4], 5, 8]
['7_3_4', [3, 4], [6, 3], 7, 114]
['8_1', [1], [3], 8, 16]
['9_6_2_3', [1, 2, 2, 3], [3, 4, 4, 6], 9, 112]
['5_1_2', [1, 2], [4, 8], 5, 2]
['7_3_4', [3, 4], [7, 4], 7, 129]
['8_1', [1], [4], 8, 19]
['9_6_2_3', [1, 2, 2, 3], [4, 8, 8, 7], 9, 86]
['5_1_2', [1, 2], [5, 6], 5, 8]
['7_3_4', [3, 4], [4, 5], 7, 96]
['8_1', [1], [5], 8, 22]
['9_6_2_3', [1, 2, 2, 3], [5, 6, 6, 4], 9, 84]
['5_1_2', [1, 2], [2, 5], 5, 4]
['7_3_4', [3, 4], [5, 2], 7, 99]
['8_1', [1], [2], 8, 13]
['9_6_2_3', [1, 2, 2, 3], [2, 5, 5, 5], 9, 78]
['5_1_2', [1, 2], [1, 9], 5, -6]
['7_3_4', [3, 4], [8, 1], 7, 132]
['8_1', [1], [1], 8, 10]
['9_6_2_3', [1, 2, 2, 3], [1, 9, 9, 8], 9, 56]
['5_1_2', [1, 2], [3, 4], 5, 8]
['7_3_4', [3, 4], [6, 3], 7, 114]
['8_1', [1], [3], 8, 16]
['9_6_2_3', [1, 2, 2, 3], [3, 4, 4, 6], 9, 112]
['5_1_2', [1, 2], [9, 7], 5, 14]
['7_3_4', [3, 4], [2, 9], 7, 84]
['8_1', [1], [9], 8, 34]
['9_6_2_3', [1, 2, 2, 3], [9, 7, 7, 2], 9, 88]
['5_1_2', [1, 2], [9, 2], 5, 24]
['7_3_4', [3, 4], [9, 9], 7, 168]
['8_1', [1], [9], 8, 34]
['9_6_2_3', [1, 2, 2, 3], [9, 2, 2, 9], 9, 232]
['5_1_2', [1, 2], [8, 8], 5, 10]
['7_3_4', [3, 4], [8, 8], 7, 153]
['8_1', [1], [8], 8, 31]
['9_6_2_3', [1, 2, 2, 3], [8, 8, 8, 8], 9, 138]
['5_1_2', [1, 2], [6, 4], 5, 14]
['7_3_4', [3, 4], [7, 6], 7, 135]
['8_1', [1], [6], 8, 25]
['9_6_2_3', [1, 2, 2, 3], [6, 4, 4, 7], 9, 154]
['5_1_2', [1, 2], [7, 7], 5, 10]
['7_3_4', [3, 4], [7, 7], 7, 138]
['8_1', [1], [7], 8, 28]
['9_6_2_3', [1, 2, 2, 3], [7, 7, 7, 7], 9, 128]
['5_1_2', [1, 2], [2, 8], 5, -2]
['7_3_4', [3, 4], [9, 2], 7, 147]
['8_1', [1], [2], 8, 13]
['9_6_2_3', [1, 2, 2, 3], [2, 8, 8, 9], 9, 90]
['5_1_2', [1, 2], [7, 9], 5, 6]
['7_3_4', [3, 4], [3, 7], 7, 90]
['8_1', [1], [7], 8, 28]
['9_6_2_3', [1, 2, 2, 3], [7, 9, 9, 3], 9, 56]
['5_1_2', [1, 2], [9, 2], 5, 24]
['7_3_4', [3, 4], [2, 9], 7, 84]
['8_1', [1], [9], 8, 34]
['9_6_2_3', [1, 2, 2, 3], [9, 2, 2, 2], 9, 148]
['5_1_2', [1, 2], [6, 6], 5, 10]
['7_3_4', [3, 4], [4, 6], 7, 99]
['8_1', [1], [6], 8, 25]
['9_6_2_3', [1, 2, 2, 3], [6, 6, 6, 4], 9, 94]
['5_1_2', [1, 2], [4, 4], 5, 10]
['7_3_4', [3, 4], [9, 4], 7, 153]
['8_1', [1], [4], 8, 19]
['9_6_2_3', [1, 2, 2, 3], [4, 4, 4, 9], 9, 158]
['5_1_2', [1, 2], [7, 6], 5, 12]
['7_3_4', [3, 4], [2, 7], 7, 78]
['8_1', [1], [7], 8, 28]
['9_6_2_3', [1, 2, 2, 3], [7, 6, 6, 2], 9, 80]
['5_1_2', [1, 2], [1, 2], 5, 8]
['7_3_4', [3, 4], [8, 1], 7, 132]
['8_1', [1], [1], 8, 10]
['9_6_2_3', [1, 2, 2, 3], [1, 2, 2, 8], 9, 140]
['5_1_2', [1, 2], [8, 7], 5, 12]
['7_3_4', [3, 4], [5, 8], 7, 117]
['8_1', [1], [8], 8, 31]
['9_6_2_3', [1, 2, 2, 3], [8, 7, 7, 5], 9, 114]
['5_1_2', [1, 2], [3, 7], 5, 2]
['7_3_4', [3, 4], [8, 3], 7, 138]
['8_1', [1], [3], 8, 16]
['9_6_2_3', [1, 2, 2, 3], [3, 7, 7, 8], 9, 100]
['5_1_2', [1, 2], [1, 2], 5, 8]
['7_3_4', [3, 4], [5, 1], 7, 96]
['8_1', [1], [1], 8, 10]
['9_6_2_3', [1, 2, 2, 3], [1, 2, 2, 5], 9, 104]
['5_1_2', [1, 2], [0, 4], 5, 2]
['7_3_4', [3, 4], [4, 0], 7, 81]
['8_1', [1], [0], 8, 7]
['9_6_2_3', [1, 2, 2, 3], [0, 4, 4, 4], 9, 58]
['5_1_2', [1, 2], [3, 9], 5, -2]
['7_3_4', [3, 4], [4, 3], 7, 90]
['8_1', [1], [3], 8, 16]
['9_6_2_3', [1, 2, 2, 3], [3, 9, 9, 4], 9, 28]
['5_1_2', [1, 2], [0, 6], 5, -2]
['7_3_4', [3, 4], [9, 0], 7, 141]
['8_1', [1], [0], 8, 7]
['9_6_2_3', [1, 2, 2, 3], [0, 6, 6, 9], 9, 94]
['5_1_2', [1, 2], [0, 4], 5, 2]
['7_3_4', [3, 4], [1, 0], 7, 45]
['8_1', [1], [0], 8, 7]
['9_6_2_3', [1, 2, 2, 3], [0, 4, 4, 1], 9, 22]
['5_1_2', [1, 2], [6, 9], 5, 4]
['7_3_4', [3, 4], [5, 6], 7, 111]
['8_1', [1], [6], 8, 25]
['9_6_2_3', [1, 2, 2, 3], [6, 9, 9, 5], 9, 70]
['5_1_2', [1, 2], [1, 6], 5, 0]
['7_3_4', [3, 4], [4, 1], 7, 84]
['8_1', [1], [1], 8, 10]
['9_6_2_3', [1, 2, 2, 3], [1, 6, 6, 4], 9, 44]
['5_1_2', [1, 2], [3, 3], 5, 10]
['7_3_4', [3, 4], [9, 3], 7, 150]
['8_1', [1], [3], 8, 16]
['9_6_2_3', [1, 2, 2, 3], [3, 3, 3, 9], 9, 160]
['5_1_2', [1, 2], [6, 8], 5, 6]
['7_3_4', [3, 4], [4, 6], 7, 99]
['8_1', [1], [6], 8, 25]
['9_6_2_3', [1, 2, 2, 3], [6, 8, 8, 4], 9, 70]
['5_1_2', [1, 2], [7, 0], 5, 24]
['7_3_4', [3, 4], [7, 7], 7, 138]
['8_1', [1], [7], 8, 28]
['9_6_2_3', [1, 2, 2, 3], [7, 0, 0, 7], 9, 212]
['5_1_2', [1, 2], [6, 9], 5, 4]
['7_3_4', [3, 4], [6, 6], 7, 123]
['8_1', [1], [6], 8, 25]
['9_6_2_3', [1, 2, 2, 3], [6, 9, 9, 6], 9, 82]
['5_1_2', [1, 2], [0, 8], 5, -6]
['7_3_4', [3, 4], [6, 0], 7, 105]
['8_1', [1], [0], 8, 7]
['9_6_2_3', [1, 2, 2, 3], [0, 8, 8, 6], 9, 34]
['5_1_2', [1, 2], [6, 1], 5, 20]
['7_3_4', [3, 4], [5, 6], 7, 111]
['8_1', [1], [6], 8, 25]
['9_6_2_3', [1, 2, 2, 3], [6, 1, 1, 5], 9, 166]
['5_1_2', [1, 2], [9, 8], 5, 12]
['7_3_4', [3, 4], [8, 9], 7, 156]
['8_1', [1], [9], 8, 34]
['9_6_2_3', [1, 2, 2, 3], [9, 8, 8, 8], 9, 148]
['5_1_2', [1, 2], [7, 6], 5, 12]
['7_3_4', [3, 4], [7, 7], 7, 138]
['8_1', [1], [7], 8, 28]
['9_6_2_3', [1, 2, 2, 3], [7, 6, 6, 7], 9, 140]
['5_1_2', [1, 2], [1, 2], 5, 8]
['7_3_4', [3, 4], [1, 1], 7, 48]
['8_1', [1], [1], 8, 10]
['9_6_2_3', [1, 2, 2, 3], [1, 2, 2, 1], 9, 56]
['5_1_2', [1, 2], [1, 6], 5, 0]
['7_3_4', [3, 4], [4, 1], 7, 84]
['8_1', [1], [1], 8, 10]
['9_6_2_3', [1, 2, 2, 3], [1, 6, 6, 4], 9, 44]
['5_1_2', [1, 2], [2, 5], 5, 4]
['7_3_4', [3, 4], [6, 2], 7, 111]
['8_1', [1], [2], 8, 13]
['9_6_2_3', [1, 2, 2, 3], [2, 5, 5, 6], 9, 90]
['5_1_2', [1, 2], [0, 9], 5, -8]
['7_3_4', [3, 4], [4, 0], 7, 81]
['8_1', [1], [0], 8, 7]
['9_6_2_3', [1, 2, 2, 3], [0, 9, 9, 4], 9, -2]
['5_1_2', [1, 2], [9, 7], 5, 14]
['7_3_4', [3, 4], [6, 9], 7, 132]
['8_1', [1], [9], 8, 34]
['9_6_2_3', [1, 2, 2, 3], [9, 7, 7, 6], 9, 136]
['5_1_2', [1, 2], [0, 9], 5, -8]
['7_3_4', [3, 4], [6, 0], 7, 105]
['8_1', [1], [0], 8, 7]
['9_6_2_3', [1, 2, 2, 3], [0, 9, 9, 6], 9, 22]
['5_1_2', [1, 2], [6, 8], 5, 6]
['7_3_4', [3, 4], [5, 6], 7, 111]
['8_1', [1], [6], 8, 25]
['9_6_2_3', [1, 2, 2, 3], [6, 8, 8, 5], 9, 82]
['5_1_2', [1, 2], [8, 2], 5, 22]
['7_3_4', [3, 4], [4, 8], 7, 105]
['8_1', [1], [8], 8, 31]
['9_6_2_3', [1, 2, 2, 3], [8, 2, 2, 4], 9, 162]
['5_1_2', [1, 2], [1, 2], 5, 8]
['7_3_4', [3, 4], [9, 1], 7, 144]
['8_1', [1], [1], 8, 10]
['9_6_2_3', [1, 2, 2, 3], [1, 2, 2, 9], 9, 152]
['5_1_2', [1, 2], [7, 8], 5, 8]
['7_3_4', [3, 4], [5, 7], 7, 114]
['8_1', [1], [7], 8, 28]
['9_6_2_3', [1, 2, 2, 3], [7, 8, 8, 5], 9, 92]
['5_1_2', [1, 2], [0, 3], 5, 4]
['7_3_4', [3, 4], [1, 0], 7, 45]
['8_1', [1], [0], 8, 7]
['9_6_2_3', [1, 2, 2, 3], [0, 3, 3, 1], 9, 34]
['5_1_2', [1, 2], [0, 4], 5, 2]
['7_3_4', [3, 4], [1, 0], 7, 45]
['8_1', [1], [0], 8, 7]
['9_6_2_3', [1, 2, 2, 3], [0, 4, 4, 1], 9, 22]
['5_1_2', [1, 2], [5, 8], 5, 4]
['7_3_4', [3, 4], [9, 5], 7, 156]
['8_1', [1], [5], 8, 22]
['9_6_2_3', [1, 2, 2, 3], [5, 8, 8, 9], 9, 120]
['5_1_2', [1, 2], [3, 1], 5, 14]
['7_3_4', [3, 4], [0, 3], 7, 42]
['8_1', [1], [3], 8, 16]
['9_6_2_3', [1, 2, 2, 3], [3, 1, 1, 0], 9, 76]
['5_1_2', [1, 2], [1, 2], 5, 8]
['7_3_4', [3, 4], [5, 1], 7, 96]
['8_1', [1], [1], 8, 10]
['9_6_2_3', [1, 2, 2, 3], [1, 2, 2, 5], 9, 104]
['5_1_2', [1, 2], [0, 5], 5, 0]
['7_3_4', [3, 4], [3, 0], 7, 69]
['8_1', [1], [0], 8, 7]
['9_6_2_3', [1, 2, 2, 3], [0, 5, 5, 3], 9, 34]
['5_1_2', [1, 2], [6, 0], 5, 22]
['7_3_4', [3, 4], [4, 6], 7, 99]
['8_1', [1], [6], 8, 25]
['9_6_2_3', [1, 2, 2, 3], [6, 0, 0, 4], 9, 166]
['5_1_2', [1, 2], [9, 8], 5, 12]
['7_3_4', [3, 4], [1, 9], 7, 72]
['8_1', [1], [9], 8, 34]
['9_6_2_3', [1, 2, 2, 3], [9, 8, 8, 1], 9, 64]
['5_1_2', [1, 2], [9, 4], 5, 20]
['7_3_4', [3, 4], [0, 9], 7, 60]
['8_1', [1], [9], 8, 34]
['9_6_2_3', [1, 2, 2, 3], [9, 4, 4, 0], 9, 100]
['5_1_2', [1, 2], [4, 7], 5, 4]
['7_3_4', [3, 4], [5, 4], 7, 105]
['8_1', [1], [4], 8, 19]
['9_6_2_3', [1, 2, 2, 3], [4, 7, 7, 5], 9, 74]
['5_1_2', [1, 2], [8, 8], 5, 10]
['7_3_4', [3, 4], [0, 8], 7, 57]
['8_1', [1], [8], 8, 31]
['9_6_2_3', [1, 2, 2, 3], [8, 8, 8, 0], 9, 42]
['5_1_2', [1, 2], [4, 7], 5, 4]
['7_3_4', [3, 4], [9, 4], 7, 153]
['8_1', [1], [4], 8, 19]
['9_6_2_3', [1, 2, 2, 3], [4, 7, 7, 9], 9, 122]
['5_1_2', [1, 2], [6, 5], 5, 12]
['7_3_4', [3, 4], [3, 6], 7, 87]
['8_1', [1], [6], 8, 25]
['9_6_2_3', [1, 2, 2, 3], [6, 5, 5, 3], 9, 94]
['5_1_2', [1, 2], [5, 1], 5, 18]
['7_3_4', [3, 4], [4, 5], 7, 96]
['8_1', [1], [5], 8, 22]
['9_6_2_3', [1, 2, 2, 3], [5, 1, 1, 4], 9, 144]
['5_1_2', [1, 2], [0, 9], 5, -8]
['7_3_4', [3, 4], [4, 0], 7, 81]
['8_1', [1], [0], 8, 7]
['9_6_2_3', [1, 2, 2, 3], [0, 9, 9, 4], 9, -2]
['5_1_2', [1, 2], [6, 6], 5, 10]
['7_3_4', [3, 4], [8, 6], 7, 147]
['8_1', [1], [6], 8, 25]
['9_6_2_3', [1, 2, 2, 3], [6, 6, 6, 8], 9, 142]
['5_1_2', [1, 2], [6, 1], 5, 20]
['7_3_4', [3, 4], [0, 6], 7, 51]
['8_1', [1], [6], 8, 25]
['9_6_2_3', [1, 2, 2, 3], [6, 1, 1, 0], 9, 106]
['5_1_2', [1, 2], [2, 6], 5, 2]
['7_3_4', [3, 4], [4, 2], 7, 87]
['8_1', [1], [2], 8, 13]
['9_6_2_3', [1, 2, 2, 3], [2, 6, 6, 4], 9, 54]
['5_1_2', [1, 2], [0, 3], 5, 4]
['7_3_4', [3, 4], [3, 0], 7, 69]
['8_1', [1], [0], 8, 7]
['9_6_2_3', [1, 2, 2, 3], [0, 3, 3, 3], 9, 58]
['5_1_2', [1, 2], [1, 4], 5, 4]
['7_3_4', [3, 4], [5, 1], 7, 96]
['8_1', [1], [1], 8, 10]
['9_6_2_3', [1, 2, 2, 3], [1, 4, 4, 5], 9, 80]
['5_1_2', [1, 2], [0, 8], 5, -6]
['7_3_4', [3, 4], [3, 0], 7, 69]
['8_1', [1], [0], 8, 7]
['9_6_2_3', [1, 2, 2, 3], [0, 8, 8, 3], 9, -2]
['5_1_2', [1, 2], [6, 4], 5, 14]
['7_3_4', [3, 4], [6, 6], 7, 123]
['8_1', [1], [6], 8, 25]
['9_6_2_3', [1, 2, 2, 3], [6, 4, 4, 6], 9, 142]
['5_1_2', [1, 2], [4, 9], 5, 0]
['7_3_4', [3, 4], [5, 4], 7, 105]
['8_1', [1], [4], 8, 19]
['9_6_2_3', [1, 2, 2, 3], [4, 9, 9, 5], 9, 50]
['5_1_2', [1, 2], [9, 5], 5, 18]
['7_3_4', [3, 4], [0, 9], 7, 60]
['8_1', [1], [9], 8, 34]
['9_6_2_3', [1, 2, 2, 3], [9, 5, 5, 0], 9, 88]
['5_1_2', [1, 2], [7, 3], 5, 18]
['7_3_4', [3, 4], [0, 7], 7, 54]
['8_1', [1], [7], 8, 28]
['9_6_2_3', [1, 2, 2, 3], [7, 3, 3, 0], 9, 92]
['5_1_2', [1, 2], [1, 8], 5, -4]
['7_3_4', [3, 4], [2, 1], 7, 60]
['8_1', [1], [1], 8, 10]
['9_6_2_3', [1, 2, 2, 3], [1, 8, 8, 2], 9, -4]
['5_1_2', [1, 2], [1, 1], 5, 10]
['7_3_4', [3, 4], [2, 1], 7, 60]
['8_1', [1], [1], 8, 10]
['9_6_2_3', [1, 2, 2, 3], [1, 1, 1, 2], 9, 80]
['5_1_2', [1, 2], [9, 5], 5, 18]
['7_3_4', [3, 4], [3, 9], 7, 96]
['8_1', [1], [9], 8, 34]
['9_6_2_3', [1, 2, 2, 3], [9, 5, 5, 3], 9, 124]
['5_1_2', [1, 2], [2, 0], 5, 14]
['7_3_4', [3, 4], [0, 2], 7, 39]
['8_1', [1], [2], 8, 13]
['9_6_2_3', [1, 2, 2, 3], [2, 0, 0, 0], 9, 78]
['5_1_2', [1, 2], [9, 2], 5, 24]
['7_3_4', [3, 4], [9, 9], 7, 168]
['8_1', [1], [9], 8, 34]
['9_6_2_3', [1, 2, 2, 3], [9, 2, 2, 9], 9, 232]
['5_1_2', [1, 2], [4, 5], 5, 8]
['7_3_4', [3, 4], [0, 4], 7, 45]
['8_1', [1], [4], 8, 19]
['9_6_2_3', [1, 2, 2, 3], [4, 5, 5, 0], 9, 38]
['5_1_2', [1, 2], [0, 6], 5, -2]
['7_3_4', [3, 4], [9, 0], 7, 141]
['8_1', [1], [0], 8, 7]
['9_6_2_3', [1, 2, 2, 3], [0, 6, 6, 9], 9, 94]
['5_1_2', [1, 2], [6, 5], 5, 12]
['7_3_4', [3, 4], [8, 6], 7, 147]
['8_1', [1], [6], 8, 25]
['9_6_2_3', [1, 2, 2, 3], [6, 5, 5, 8], 9, 154]
['5_1_2', [1, 2], [6, 7], 5, 8]
['7_3_4', [3, 4], [5, 6], 7, 111]
['8_1', [1], [6], 8, 25]
['9_6_2_3', [1, 2, 2, 3], [6, 7, 7, 5], 9, 94]
['5_1_2', [1, 2], [1, 7], 5, -2]
['7_3_4', [3, 4], [6, 1], 7, 108]
['8_1', [1], [1], 8, 10]
['9_6_2_3', [1, 2, 2, 3], [1, 7, 7, 6], 9, 56]
['5_1_2', [1, 2], [2, 7], 5, 0]
['7_3_4', [3, 4], [7, 2], 7, 123]
['8_1', [1], [2], 8, 13]
['9_6_2_3', [1, 2, 2, 3], [2, 7, 7, 7], 9, 78]
['5_1_2', [1, 2], [3, 1], 5, 14]
['7_3_4', [3, 4], [4, 3], 7, 90]
['8_1', [1], [3], 8, 16]
['9_6_2_3', [1, 2, 2, 3], [3, 1, 1, 4], 9, 124]
['5_1_2', [1, 2], [3, 0], 5, 16]
['7_3_4', [3, 4], [3, 3], 7, 78]
['8_1', [1], [3], 8, 16]
['9_6_2_3', [1, 2, 2, 3], [3, 0, 0, 3], 9, 124]
['5_1_2', [1, 2], [5, 7], 5, 6]
['7_3_4', [3, 4], [0, 5], 7, 48]
['8_1', [1], [5], 8, 22]
['9_6_2_3', [1, 2, 2, 3], [5, 7, 7, 0], 9, 24]
['5_1_2', [1, 2], [2, 9], 5, -4]
['7_3_4', [3, 4], [2, 2], 7, 63]
['8_1', [1], [2], 8, 13]
['9_6_2_3', [1, 2, 2, 3], [2, 9, 9, 2], 9, -6]
['5_1_2', [1, 2], [2, 9], 5, -4]
['7_3_4', [3, 4], [7, 2], 7, 123]
['8_1', [1], [2], 8, 13]
['9_6_2_3', [1, 2, 2, 3], [2, 9, 9, 7], 9, 54]
['5_1_2', [1, 2], [2, 6], 5, 2]
['7_3_4', [3, 4], [3, 2], 7, 75]
['8_1', [1], [2], 8, 13]
['9_6_2_3', [1, 2, 2, 3], [2, 6, 6, 3], 9, 42]
['5_1_2', [1, 2], [9, 4], 5, 20]
['7_3_4', [3, 4], [3, 9], 7, 96]
['8_1', [1], [9], 8, 34]
['9_6_2_3', [1, 2, 2, 3], [9, 4, 4, 3], 9, 136]
['5_1_2', [1, 2], [1, 1], 5, 10]
['7_3_4', [3, 4], [9, 1], 7, 144]
['8_1', [1], [1], 8, 10]
['9_6_2_3', [1, 2, 2, 3], [1, 1, 1, 9], 9, 164]
['5_1_2', [1, 2], [5, 1], 5, 18]
['7_3_4', [3, 4], [9, 5], 7, 156]
['8_1', [1], [5], 8, 22]
['9_6_2_3', [1, 2, 2, 3], [5, 1, 1, 9], 9, 204]
['5_1_2', [1, 2], [3, 9], 5, -2]
['7_3_4', [3, 4], [0, 3], 7, 42]
['8_1', [1], [3], 8, 16]
['9_6_2_3', [1, 2, 2, 3], [3, 9, 9, 0], 9, -20]
['5_1_2', [1, 2], [6, 3], 5, 16]
['7_3_4', [3, 4], [9, 6], 7, 159]
['8_1', [1], [6], 8, 25]
['9_6_2_3', [1, 2, 2, 3], [6, 3, 3, 9], 9, 190]
['5_1_2', [1, 2], [2, 6], 5, 2]
['7_3_4', [3, 4], [5, 2], 7, 99]
['8_1', [1], [2], 8, 13]
['9_6_2_3', [1, 2, 2, 3], [2, 6, 6, 5], 9, 66]
['5_1_2', [1, 2], [9, 2], 5, 24]
['7_3_4', [3, 4], [1, 9], 7, 72]
['8_1', [1], [9], 8, 34]
['9_6_2_3', [1, 2, 2, 3], [9, 2, 2, 1], 9, 136]
['5_1_2', [1, 2], [8, 0], 5, 26]
['7_3_4', [3, 4], [5, 8], 7, 117]
['8_1', [1], [8], 8, 31]
['9_6_2_3', [1, 2, 2, 3], [8, 0, 0, 5], 9, 198]
['5_1_2', [1, 2], [1, 8], 5, -4]
['7_3_4', [3, 4], [7, 1], 7, 120]
['8_1', [1], [1], 8, 10]
['9_6_2_3', [1, 2, 2, 3], [1, 8, 8, 7], 9, 56]
['5_1_2', [1, 2], [3, 6], 5, 4]
['7_3_4', [3, 4], [3, 3], 7, 78]
['8_1', [1], [3], 8, 16]
['9_6_2_3', [1, 2, 2, 3], [3, 6, 6, 3], 9, 52]
['5_1_2', [1, 2], [2, 0], 5, 14]
['7_3_4', [3, 4], [0, 2], 7, 39]
['8_1', [1], [2], 8, 13]
['9_6_2_3', [1, 2, 2, 3], [2, 0, 0, 0], 9, 78]
['5_1_2', [1, 2], [5, 2], 5, 16]
['7_3_4', [3, 4], [3, 5], 7, 84]
['8_1', [1], [5], 8, 22]
['9_6_2_3', [1, 2, 2, 3], [5, 2, 2, 3], 9, 120]
['5_1_2', [1, 2], [4, 0], 5, 18]
['7_3_4', [3, 4], [3, 4], 7, 81]
['8_1', [1], [4], 8, 19]
['9_6_2_3', [1, 2, 2, 3], [4, 0, 0, 3], 9, 134]
['5_1_2', [1, 2], [7, 3], 5, 18]
['7_3_4', [3, 4], [5, 7], 7, 114]
['8_1', [1], [7], 8, 28]
['9_6_2_3', [1, 2, 2, 3], [7, 3, 3, 5], 9, 152]
['5_1_2', [1, 2], [7, 2], 5, 20]
['7_3_4', [3, 4], [2, 7], 7, 78]
['8_1', [1], [7], 8, 28]
['9_6_2_3', [1, 2, 2, 3], [7, 2, 2, 2], 9, 128]
['5_1_2', [1, 2], [1, 9], 5, -6]
['7_3_4', [3, 4], [4, 1], 7, 84]
['8_1', [1], [1], 8, 10]
['9_6_2_3', [1, 2, 2, 3], [1, 9, 9, 4], 9, 8]
['5_1_2', [1, 2], [2, 4], 5, 6]
['7_3_4', [3, 4], [7, 2], 7, 123]
['8_1', [1], [2], 8, 13]
['9_6_2_3', [1, 2, 2, 3], [2, 4, 4, 7], 9, 114]
['5_1_2', [1, 2], [1, 2], 5, 8]
['7_3_4', [3, 4], [5, 1], 7, 96]
['8_1', [1], [1], 8, 10]
['9_6_2_3', [1, 2, 2, 3], [1, 2, 2, 5], 9, 104]
['5_1_2', [1, 2], [6, 5], 5, 12]
['7_3_4', [3, 4], [1, 6], 7, 63]
['8_1', [1], [6], 8, 25]
['9_6_2_3', [1, 2, 2, 3], [6, 5, 5, 1], 9, 70]
['5_1_2', [1, 2], [5, 9], 5, 2]
['7_3_4', [3, 4], [5, 5], 7, 108]
['8_1', [1], [5], 8, 22]
['9_6_2_3', [1, 2, 2, 3], [5, 9, 9, 5], 9, 60]
['5_1_2', [1, 2], [2, 9], 5, -4]
['7_3_4', [3, 4], [5, 2], 7, 99]
['8_1', [1], [2], 8, 13]
['9_6_2_3', [1, 2, 2, 3], [2, 9, 9, 5], 9, 30]
['5_1_2', [1, 2], [6, 4], 5, 14]
['7_3_4', [3, 4], [2, 6], 7, 75]
['8_1', [1], [6], 8, 25]
['9_6_2_3', [1, 2, 2, 3], [6, 4, 4, 2], 9, 94]
['5_1_2', [1, 2], [8, 7], 5, 12]
['7_3_4', [3, 4], [7, 8], 7, 141]
['8_1', [1], [8], 8, 31]
['9_6_2_3', [1, 2, 2, 3], [8, 7, 7, 7], 9, 138]
['5_1_2', [1, 2], [9, 8], 5, 12]
['7_3_4', [3, 4], [1, 9], 7, 72]
['8_1', [1], [9], 8, 34]
['9_6_2_3', [1, 2, 2, 3], [9, 8, 8, 1], 9, 64]
['5_1_2', [1, 2], [3, 3], 5, 10]
['7_3_4', [3, 4], [3, 3], 7, 78]
['8_1', [1], [3], 8, 16]
['9_6_2_3', [1, 2, 2, 3], [3, 3, 3, 3], 9, 88]
['5_1_2', [1, 2], [6, 9], 5, 4]
['7_3_4', [3, 4], [0, 6], 7, 51]
['8_1', [1], [6], 8, 25]
['9_6_2_3', [1, 2, 2, 3], [6, 9, 9, 0], 9, 10]
['5_1_2', [1, 2], [9, 2], 5, 24]
['7_3_4', [3, 4], [4, 9], 7, 108]
['8_1', [1], [9], 8, 34]
['9_6_2_3', [1, 2, 2, 3], [9, 2, 2, 4], 9, 172]
['5_1_2', [1, 2], [5, 2], 5, 16]
['7_3_4', [3, 4], [9, 5], 7, 156]
['8_1', [1], [5], 8, 22]
['9_6_2_3', [1, 2, 2, 3], [5, 2, 2, 9], 9, 192]
['5_1_2', [1, 2], [1, 8], 5, -4]
['7_3_4', [3, 4], [8, 1], 7, 132]
['8_1', [1], [1], 8, 10]
['9_6_2_3', [1, 2, 2, 3], [1, 8, 8, 8], 9, 68]
['5_1_2', [1, 2], [9, 1], 5, 26]
['7_3_4', [3, 4], [0, 9], 7, 60]
['8_1', [1], [9], 8, 34]
['9_6_2_3', [1, 2, 2, 3], [9, 1, 1, 0], 9, 136]
['5_1_2', [1, 2], [1, 1], 5, 10]
['7_3_4', [3, 4], [2, 1], 7, 60]
['8_1', [1], [1], 8, 10]
['9_6_2_3', [1, 2, 2, 3], [1, 1, 1, 2], 9, 80]
['5_1_2', [1, 2], [3, 6], 5, 4]
['7_3_4', [3, 4], [6, 3], 7, 114]
['8_1', [1], [3], 8, 16]
['9_6_2_3', [1, 2, 2, 3], [3, 6, 6, 6], 9, 88]
['5_1_2', [1, 2], [8, 2], 5, 22]
['7_3_4', [3, 4], [4, 8], 7, 105]
['8_1', [1], [8], 8, 31]
['9_6_2_3', [1, 2, 2, 3], [8, 2, 2, 4], 9, 162]
['5_1_2', [1, 2], [3, 1], 5, 14]
['7_3_4', [3, 4], [8, 3], 7, 138]
['8_1', [1], [3], 8, 16]
['9_6_2_3', [1, 2, 2, 3], [3, 1, 1, 8], 9, 172]
['5_1_2', [1, 2], [3, 3], 5, 10]
['7_3_4', [3, 4], [4, 3], 7, 90]
['8_1', [1], [3], 8, 16]
['9_6_2_3', [1, 2, 2, 3], [3, 3, 3, 4], 9, 100]
['5_1_2', [1, 2], [0, 1], 5, 8]
['7_3_4', [3, 4], [5, 0], 7, 93]
['8_1', [1], [0], 8, 7]
['9_6_2_3', [1, 2, 2, 3], [0, 1, 1, 5], 9, 106]
['5_1_2', [1, 2], [4, 3], 5, 12]
['7_3_4', [3, 4], [3, 4], 7, 81]
['8_1', [1], [4], 8, 19]
['9_6_2_3', [1, 2, 2, 3], [4, 3, 3, 3], 9, 98]
['5_1_2', [1, 2], [9, 3], 5, 22]
['7_3_4', [3, 4], [3, 9], 7, 96]
['8_1', [1], [9], 8, 34]
['9_6_2_3', [1, 2, 2, 3], [9, 3, 3, 3], 9, 148]
['5_1_2', [1, 2], [5, 1], 5, 18]
['7_3_4', [3, 4], [6, 5], 7, 120]
['8_1', [1], [5], 8, 22]
['9_6_2_3', [1, 2, 2, 3], [5, 1, 1, 6], 9, 168]
['5_1_2', [1, 2], [2, 0], 5, 14]
['7_3_4', [3, 4], [4, 2], 7, 87]
['8_1', [1], [2], 8, 13]
['9_6_2_3', [1, 2, 2, 3], [2, 0, 0, 4], 9, 126]
['5_1_2', [1, 2], [4, 9], 5, 0]
['7_3_4', [3, 4], [1, 4], 7, 57]
['8_1', [1], [4], 8, 19]
['9_6_2_3', [1, 2, 2, 3], [4, 9, 9, 1], 9, 2]
['5_1_2', [1, 2], [2, 4], 5, 6]
['7_3_4', [3, 4], [4, 2], 7, 87]
['8_1', [1], [2], 8, 13]
['9_6_2_3', [1, 2, 2, 3], [2, 4, 4, 4], 9, 78]
['5_1_2', [1, 2], [7, 7], 5, 10]
['7_3_4', [3, 4], [4, 7], 7, 102]
['8_1', [1], [7], 8, 28]
['9_6_2_3', [1, 2, 2, 3], [7, 7, 7, 4], 9, 92]
['5_1_2', [1, 2], [4, 7], 5, 4]
['7_3_4', [3, 4], [1, 4], 7, 57]
['8_1', [1], [4], 8, 19]
['9_6_2_3', [1, 2, 2, 3], [4, 7, 7, 1], 9, 26]
['5_1_2', [1, 2], [1, 8], 5, -4]
['7_3_4', [3, 4], [7, 1], 7, 120]
['8_1', [1], [1], 8, 10]
['9_6_2_3', [1, 2, 2, 3], [1, 8, 8, 7], 9, 56]
['5_1_2', [1, 2], [5, 3], 5, 14]
['7_3_4', [3, 4], [3, 5], 7, 84]
['8_1', [1], [5], 8, 22]
['9_6_2_3', [1, 2, 2, 3], [5, 3, 3, 3], 9, 108]
['5_1_2', [1, 2], [9, 1], 5, 26]
['7_3_4', [3, 4], [7, 9], 7, 144]
['8_1', [1], [9], 8, 34]
['9_6_2_3', [1, 2, 2, 3], [9, 1, 1, 7], 9, 220]
['5_1_2', [1, 2], [5, 8], 5, 4]
['7_3_4', [3, 4], [6, 5], 7, 120]
['8_1', [1], [5], 8, 22]
['9_6_2_3', [1, 2, 2, 3], [5, 8, 8, 6], 9, 84]
['5_1_2', [1, 2], [7, 0], 5, 24]
['7_3_4', [3, 4], [3, 7], 7, 90]
['8_1', [1], [7], 8, 28]
['9_6_2_3', [1, 2, 2, 3], [7, 0, 0, 3], 9, 164]
['5_1_2', [1, 2], [5, 6], 5, 8]
['7_3_4', [3, 4], [3, 5], 7, 84]
['8_1', [1], [5], 8, 22]
['9_6_2_3', [1, 2, 2, 3], [5, 6, 6, 3], 9, 72]
['5_1_2', [1, 2], [3, 5], 5, 6]
['7_3_4', [3, 4], [2, 3], 7, 66]
['8_1', [1], [3], 8, 16]
['9_6_2_3', [1, 2, 2, 3], [3, 5, 5, 2], 9, 52]
['5_1_2', [1, 2], [2, 8], 5, -2]
['7_3_4', [3, 4], [8, 2], 7, 135]
['8_1', [1], [2], 8, 13]
['9_6_2_3', [1, 2, 2, 3], [2, 8, 8, 8], 9, 78]
['5_1_2', [1, 2], [4, 9], 5, 0]
['7_3_4', [3, 4], [0, 4], 7, 45]
['8_1', [1], [4], 8, 19]
['9_6_2_3', [1, 2, 2, 3], [4, 9, 9, 0], 9, -10]
['5_1_2', [1, 2], [0, 6], 5, -2]
['7_3_4', [3, 4], [7, 0], 7, 117]
['8_1', [1], [0], 8, 7]
['9_6_2_3', [1, 2, 2, 3], [0, 6, 6, 7], 9, 70]
['5_1_2', [1, 2], [2, 1], 5, 12]
['7_3_4', [3, 4], [9, 2], 7, 147]
['8_1', [1], [2], 8, 13]
['9_6_2_3', [1, 2, 2, 3], [2, 1, 1, 9], 9, 174]
['5_1_2', [1, 2], [7, 6], 5, 12]
['7_3_4', [3, 4], [8, 7], 7, 150]
['8_1', [1], [7], 8, 28]
['9_6_2_3', [1, 2, 2, 3], [7, 6, 6, 8], 9, 152]
['5_1_2', [1, 2], [9, 8], 5, 12]
['7_3_4', [3, 4], [5, 9], 7, 120]
['8_1', [1], [9], 8, 34]
['9_6_2_3', [1, 2, 2, 3], [9, 8, 8, 5], 9, 112]
['5_1_2', [1, 2], [0, 1], 5, 8]
['7_3_4', [3, 4], [4, 0], 7, 81]
['8_1', [1], [0], 8, 7]
['9_6_2_3', [1, 2, 2, 3], [0, 1, 1, 4], 9, 94]
['5_1_2', [1, 2], [4, 5], 5, 8]
['7_3_4', [3, 4], [4, 4], 7, 93]
['8_1', [1], [4], 8, 19]
['9_6_2_3', [1, 2, 2, 3], [4, 5, 5, 4], 9, 86]
['5_1_2', [1, 2], [1, 0], 5, 12]
['7_3_4', [3, 4], [8, 1], 7, 132]
['8_1', [1], [1], 8, 10]
['9_6_2_3', [1, 2, 2, 3], [1, 0, 0, 8], 9, 164]
['5_1_2', [1, 2], [1, 1], 5, 10]
['7_3_4', [3, 4], [2, 1], 7, 60]
['8_1', [1], [1], 8, 10]
['9_6_2_3', [1, 2, 2, 3], [1, 1, 1, 2], 9, 80]
['5_1_2', [1, 2], [7, 2], 5, 20]
['7_3_4', [3, 4], [0, 7], 7, 54]
['8_1', [1], [7], 8, 28]
['9_6_2_3', [1, 2, 2, 3], [7, 2, 2, 0], 9, 104]
['5_1_2', [1, 2], [6, 0], 5, 22]
['7_3_4', [3, 4], [6, 6], 7, 123]
['8_1', [1], [6], 8, 25]
['9_6_2_3', [1, 2, 2, 3], [6, 0, 0, 6], 9, 190]
['5_1_2', [1, 2], [1, 6], 5, 0]
['7_3_4', [3, 4], [7, 1], 7, 120]
['8_1', [1], [1], 8, 10]
['9_6_2_3', [1, 2, 2, 3], [1, 6, 6, 7], 9, 80]
['5_1_2', [1, 2], [1, 3], 5, 6]
['7_3_4', [3, 4], [0, 1], 7, 36]
['8_1', [1], [1], 8, 10]
['9_6_2_3', [1, 2, 2, 3], [1, 3, 3, 0], 9, 32]
['5_1_2', [1, 2], [4, 9], 5, 0]
['7_3_4', [3, 4], [5, 4], 7, 105]
['8_1', [1], [4], 8, 19]
['9_6_2_3', [1, 2, 2, 3], [4, 9, 9, 5], 9, 50]
['5_1_2', [1, 2], [7, 8], 5, 8]
['7_3_4', [3, 4], [4, 7], 7, 102]
['8_1', [1], [7], 8, 28]
['9_6_2_3', [1, 2, 2, 3], [7, 8, 8, 4], 9, 80]
['5_1_2', [1, 2], [1, 9], 5, -6]
['7_3_4', [3, 4], [6, 1], 7, 108]
['8_1', [1], [1], 8, 10]
['9_6_2_3', [1, 2, 2, 3], [1, 9, 9, 6], 9, 32]
['5_1_2', [1, 2], [2, 7], 5, 0]
['7_3_4', [3, 4], [1, 2], 7, 51]
['8_1', [1], [2], 8, 13]
['9_6_2_3', [1, 2, 2, 3], [2, 7, 7, 1], 9, 6]
['5_1_2', [1, 2], [2, 2], 5, 10]
['7_3_4', [3, 4], [1, 2], 7, 51]
['8_1', [1], [2], 8, 13]
['9_6_2_3', [1, 2, 2, 3], [2, 2, 2, 1], 9, 66]
['5_1_2', [1, 2], [8, 1], 5, 24]
['7_3_4', [3, 4], [4, 8], 7, 105]
['8_1', [1], [8], 8, 31]
['9_6_2_3', [1, 2, 2, 3], [8, 1, 1, 4], 9, 174]
['5_1_2', [1, 2], [8, 4], 5, 18]
['7_3_4', [3, 4], [6, 8], 7, 129]
['8_1', [1], [8], 8, 31]
['9_6_2_3', [1, 2, 2, 3], [8, 4, 4, 6], 9, 162]
['5_1_2', [1, 2], [7, 4], 5, 16]
['7_3_4', [3, 4], [4, 7], 7, 102]
['8_1', [1], [7], 8, 28]
['9_6_2_3', [1, 2, 2, 3], [7, 4, 4, 4], 9, 128]
['5_1_2', [1, 2], [1, 8], 5, -4]
['7_3_4', [3, 4], [9, 1], 7, 144]
['8_1', [1], [1], 8, 10]
['9_6_2_3', [1, 2, 2, 3], [1, 8, 8, 9], 9, 80]
['5_1_2', [1, 2], [4, 3], 5, 12]
['7_3_4', [3, 4], [3, 4], 7, 81]
['8_1', [1], [4], 8, 19]
['9_6_2_3', [1, 2, 2, 3], [4, 3, 3, 3], 9, 98]
['5_1_2', [1, 2], [1, 6], 5, 0]
['7_3_4', [3, 4], [4, 1], 7, 84]
['8_1', [1], [1], 8, 10]
['9_6_2_3', [1, 2, 2, 3], [1, 6, 6, 4], 9, 44]
['5_1_2', [1, 2], [8, 2], 5, 22]
['7_3_4', [3, 4], [7, 8], 7, 141]
['8_1', [1], [8], 8, 31]
['9_6_2_3', [1, 2, 2, 3], [8, 2, 2, 7], 9, 198]
['5_1_2', [1, 2], [3, 1], 5, 14]
['7_3_4', [3, 4], [3, 3], 7, 78]
['8_1', [1], [3], 8, 16]
['9_6_2_3', [1, 2, 2, 3], [3, 1, 1, 3], 9, 112]
['5_1_2', [1, 2], [0, 4], 5, 2]
['7_3_4', [3, 4], [0, 0], 7, 33]
['8_1', [1], [0], 8, 7]
['9_6_2_3', [1, 2, 2, 3], [0, 4, 4, 0], 9, 10]
['5_1_2', [1, 2], [8, 9], 5, 8]
['7_3_4', [3, 4], [8, 8], 7, 153]
['8_1', [1], [8], 8, 31]
['9_6_2_3', [1, 2, 2, 3], [8, 9, 9, 8], 9, 126]
['5_1_2', [1, 2], [5, 4], 5, 12]
['7_3_4', [3, 4], [7, 5], 7, 132]
['8_1', [1], [5], 8, 22]
['9_6_2_3', [1, 2, 2, 3], [5, 4, 4, 7], 9, 144]
['5_1_2', [1, 2], [8, 5], 5, 16]
['7_3_4', [3, 4], [0, 8], 7, 57]
['8_1', [1], [8], 8, 31]
['9_6_2_3', [1, 2, 2, 3], [8, 5, 5, 0], 9, 78]
['5_1_2', [1, 2], [8, 0], 5, 26]
['7_3_4', [3, 4], [4, 8], 7, 105]
['8_1', [1], [8], 8, 31]
['9_6_2_3', [1, 2, 2, 3], [8, 0, 0, 4], 9, 186]
['5_1_2', [1, 2], [5, 4], 5, 12]
['7_3_4', [3, 4], [4, 5], 7, 96]
['8_1', [1], [5], 8, 22]
['9_6_2_3', [1, 2, 2, 3], [5, 4, 4, 4], 9, 108]
['5_1_2', [1, 2], [0, 4], 5, 2]
['7_3_4', [3, 4], [9, 0], 7, 141]
['8_1', [1], [0], 8, 7]
['9_6_2_3', [1, 2, 2, 3], [0, 4, 4, 9], 9, 118]
['5_1_2', [1, 2], [4, 3], 5, 12]
['7_3_4', [3, 4], [5, 4], 7, 105]
['8_1', [1], [4], 8, 19]
['9_6_2_3', [1, 2, 2, 3], [4, 3, 3, 5], 9, 122]
['5_1_2', [1, 2], [9, 6], 5, 16]
['7_3_4', [3, 4], [3, 9], 7, 96]
['8_1', [1], [9], 8, 34]
['9_6_2_3', [1, 2, 2, 3], [9, 6, 6, 3], 9, 112]
['5_1_2', [1, 2], [3, 8], 5, 0]
['7_3_4', [3, 4], [5, 3], 7, 102]
['8_1', [1], [3], 8, 16]
['9_6_2_3', [1, 2, 2, 3], [3, 8, 8, 5], 9, 52]
['5_1_2', [1, 2], [3, 9], 5, -2]
['7_3_4', [3, 4], [5, 3], 7, 102]
['8_1', [1], [3], 8, 16]
['9_6_2_3', [1, 2, 2, 3], [3, 9, 9, 5], 9, 40]
['5_1_2', [1, 2], [9, 0], 5, 28]
['7_3_4', [3, 4], [0, 9], 7, 60]
['8_1', [1], [9], 8, 34]
['9_6_2_3', [1, 2, 2, 3], [9, 0, 0, 0], 9, 148]
['5_1_2', [1, 2], [2, 2], 5, 10]
['7_3_4', [3, 4], [2, 2], 7, 63]
['8_1', [1], [2], 8, 13]
['9_6_2_3', [1, 2, 2, 3], [2, 2, 2, 2], 9, 78]
['5_1_2', [1, 2], [4, 7], 5, 4]
['7_3_4', [3, 4], [5, 4], 7, 105]
['8_1', [1], [4], 8, 19]
['9_6_2_3', [1, 2, 2, 3], [4, 7, 7, 5], 9, 74]
['5_1_2', [1, 2], [8, 4], 5, 18]
['7_3_4', [3, 4], [6, 8], 7, 129]
['8_1', [1], [8], 8, 31]
['9_6_2_3', [1, 2, 2, 3], [8, 4, 4, 6], 9, 162]
['5_1_2', [1, 2], [1, 7], 5, -2]
['7_3_4', [3, 4], [0, 1], 7, 36]
['8_1', [1], [1], 8, 10]
['9_6_2_3', [1, 2, 2, 3], [1, 7, 7, 0], 9, -16]
['5_1_2', [1, 2], [6, 2], 5, 18]
['7_3_4', [3, 4], [4, 6], 7, 99]
['8_1', [1], [6], 8, 25]
['9_6_2_3', [1, 2, 2, 3], [6, 2, 2, 4], 9, 142]

TotalBuggyObservations:
10

BuggyObservations:
['5_1_2', [1, 2], [0, 5], 5, 0]
['7_3_4', [3, 4], [3, 0], 7, 72]
['8_1', [1], [0], 8, 7]
['9_6_2_3', [1, 2, 2, 3], [0, 5, 5, 3], 9, 136]
['5_1_2', [1, 2], [9, 8], 5, 12]
['7_3_4', [3, 4], [9, 9], 7, 198]
['8_1', [1], [9], 8, 34]
['9_6_2_3', [1, 2, 2, 3], [9, 8, 8, 9], 9, 520]
['5_1_2', [1, 2], [3, 9], 5, -2]
['7_3_4', [3, 4], [4, 3], 7, 102]
['8_1', [1], [3], 8, 16]
['9_6_2_3', [1, 2, 2, 3], [3, 9, 9, 4], 9, 132]
['5_1_2', [1, 2], [8, 2], 5, 22]
['7_3_4', [3, 4], [4, 8], 7, 132]
['8_1', [1], [8], 8, 31]
['9_6_2_3', [1, 2, 2, 3], [8, 2, 2, 4], 9, 428]
['5_1_2', [1, 2], [0, 0], 5, 10]
['7_3_4', [3, 4], [8, 0], 7, 132]
['8_1', [1], [0], 8, 7]
['9_6_2_3', [1, 2, 2, 3], [0, 0, 0, 8], 9, 516]
['5_1_2', [1, 2], [0, 0], 5, 10]
['7_3_4', [3, 4], [2, 0], 7, 60]
['8_1', [1], [0], 8, 7]
['9_6_2_3', [1, 2, 2, 3], [0, 0, 0, 2], 9, 228]
['5_1_2', [1, 2], [4, 2], 5, 14]
['7_3_4', [3, 4], [2, 4], 7, 84]
['8_1', [1], [4], 8, 19]
['9_6_2_3', [1, 2, 2, 3], [4, 2, 2, 2], 9, 252]
['5_1_2', [1, 2], [7, 3], 5, 18]
['7_3_4', [3, 4], [4, 7], 7, 126]
['8_1', [1], [7], 8, 28]
['9_6_2_3', [1, 2, 2, 3], [7, 3, 3, 4], 9, 380]
['5_1_2', [1, 2], [6, 8], 5, 6]
['7_3_4', [3, 4], [9, 6], 7, 180]
['8_1', [1], [6], 8, 25]
['9_6_2_3', [1, 2, 2, 3], [6, 8, 8, 9], 9, 460]
['5_1_2', [1, 2], [1, 0], 5, 12]
['7_3_4', [3, 4], [7, 1], 7, 126]
['8_1', [1], [1], 8, 10]
['9_6_2_3', [1, 2, 2, 3], [1, 0, 0, 7], 9, 488]

BuggyIds
4, 9, 6

MinRange:
0

MaxRange:
9
