Subsystems:
9_6_2_3
8_1
7_3_4
5_1_2

SYSINS:
1, 2, 3, 4

SYSOUTS:
9, 8, 7, 5

TotalRegularObservations:
10

NormalObservations:
['5_1_2', [1, 2], [2, 1], 5, 12]
['7_3_4', [3, 4], [0, 2], 7, 39]
['8_1', [1], [2], 8, 13]
['9_6_2_3', [1, 2, 2, 3], [2, 1, 1, 0], 9, 66]
['5_1_2', [1, 2], [6, 2], 5, 18]
['7_3_4', [3, 4], [9, 6], 7, 159]
['8_1', [1], [6], 8, 25]
['9_6_2_3', [1, 2, 2, 3], [6, 2, 2, 9], 9, 202]
['5_1_2', [1, 2], [9, 8], 5, 12]
['7_3_4', [3, 4], [1, 9], 7, 72]
['8_1', [1], [9], 8, 34]
['9_6_2_3', [1, 2, 2, 3], [9, 8, 8, 1], 9, 64]
['5_1_2', [1, 2], [3, 2], 5, 12]
['7_3_4', [3, 4], [7, 3], 7, 126]
['8_1', [1], [3], 8, 16]
['9_6_2_3', [1, 2, 2, 3], [3, 2, 2, 7], 9, 148]
['5_1_2', [1, 2], [6, 1], 5, 20]
['7_3_4', [3, 4], [7, 6], 7, 135]
['8_1', [1], [6], 8, 25]
['9_6_2_3', [1, 2, 2, 3], [6, 1, 1, 7], 9, 190]
['5_1_2', [1, 2], [5, 0], 5, 20]
['7_3_4', [3, 4], [8, 5], 7, 144]
['8_1', [1], [5], 8, 22]
['9_6_2_3', [1, 2, 2, 3], [5, 0, 0, 8], 9, 204]
['5_1_2', [1, 2], [6, 2], 5, 18]
['7_3_4', [3, 4], [3, 6], 7, 87]
['8_1', [1], [6], 8, 25]
['9_6_2_3', [1, 2, 2, 3], [6, 2, 2, 3], 9, 130]
['5_1_2', [1, 2], [3, 1], 5, 14]
['7_3_4', [3, 4], [8, 3], 7, 138]
['8_1', [1], [3], 8, 16]
['9_6_2_3', [1, 2, 2, 3], [3, 1, 1, 8], 9, 172]
['5_1_2', [1, 2], [4, 4], 5, 10]
['7_3_4', [3, 4], [5, 4], 7, 105]
['8_1', [1], [4], 8, 19]
['9_6_2_3', [1, 2, 2, 3], [4, 4, 4, 5], 9, 110]
['5_1_2', [1, 2], [5, 8], 5, 4]
['7_3_4', [3, 4], [3, 5], 7, 84]
['8_1', [1], [5], 8, 22]
['9_6_2_3', [1, 2, 2, 3], [5, 8, 8, 3], 9, 48]

TotalBuggyObservations:
10

BuggyObservations:
['5_1_2', [1, 2], [3, 7], 5, -13]
['7_3_4', [3, 4], [0, 3], 7, 46]
['8_1', [1], [3], 8, 16]
['9_6_2_3', [1, 2, 2, 3], [3, 7, 7, 0], 9, -99]
['5_1_2', [1, 2], [5, 1], 5, 15]
['7_3_4', [3, 4], [5, 5], 7, 172]
['8_1', [1], [5], 8, 22]
['9_6_2_3', [1, 2, 2, 3], [5, 1, 1, 5], 9, 329]
['5_1_2', [1, 2], [2, 0], 5, 13]
['7_3_4', [3, 4], [4, 2], 7, 139]
['8_1', [1], [2], 8, 13]
['9_6_2_3', [1, 2, 2, 3], [2, 0, 0, 4], 9, 279]
['5_1_2', [1, 2], [4, 0], 5, 17]
['7_3_4', [3, 4], [7, 4], 7, 217]
['8_1', [1], [4], 8, 19]
['9_6_2_3', [1, 2, 2, 3], [4, 0, 0, 7], 9, 443]
['5_1_2', [1, 2], [6, 6], 5, -3]
['7_3_4', [3, 4], [2, 6], 7, 103]
['8_1', [1], [6], 8, 25]
['9_6_2_3', [1, 2, 2, 3], [6, 6, 6, 2], 9, 55]
['5_1_2', [1, 2], [0, 2], 5, 1]
['7_3_4', [3, 4], [7, 0], 7, 205]
['8_1', [1], [0], 8, 7]
['9_6_2_3', [1, 2, 2, 3], [0, 2, 2, 7], 9, 347]
['5_1_2', [1, 2], [6, 0], 5, 21]
['7_3_4', [3, 4], [9, 6], 7, 271]
['8_1', [1], [6], 8, 25]
['9_6_2_3', [1, 2, 2, 3], [6, 0, 0, 9], 9, 559]
['5_1_2', [1, 2], [5, 1], 5, 15]
['7_3_4', [3, 4], [3, 5], 7, 124]
['8_1', [1], [5], 8, 22]
['9_6_2_3', [1, 2, 2, 3], [5, 1, 1, 3], 9, 233]
['5_1_2', [1, 2], [3, 1], 5, 11]
['7_3_4', [3, 4], [1, 3], 7, 70]
['8_1', [1], [3], 8, 16]
['9_6_2_3', [1, 2, 2, 3], [3, 1, 1, 1], 9, 117]
['5_1_2', [1, 2], [7, 3], 5, 11]
['7_3_4', [3, 4], [0, 7], 7, 58]
['8_1', [1], [7], 8, 28]
['9_6_2_3', [1, 2, 2, 3], [7, 3, 3, 0], 9, 53]

BuggyIds
6, 3, 2

MinRange:
0

MaxRange:
9
