Subsystems:
9_6_2_3
8_1
7_3_4
5_1_2

SYSINS:
1, 2, 3, 4

SYSOUTS:
9, 8, 7, 5

TotalRegularObservations:
10

NormalObservations:
['5_1_2', [1, 2], [1, 4], 5, 4]
['7_3_4', [3, 4], [4, 1], 7, 84]
['8_1', [1], [1], 8, 10]
['9_6_2_3', [1, 2, 2, 3], [1, 4, 4, 4], 9, 68]
['5_1_2', [1, 2], [4, 2], 5, 14]
['7_3_4', [3, 4], [0, 4], 7, 45]
['8_1', [1], [4], 8, 19]
['9_6_2_3', [1, 2, 2, 3], [4, 2, 2, 0], 9, 74]
['5_1_2', [1, 2], [3, 0], 5, 16]
['7_3_4', [3, 4], [3, 3], 7, 78]
['8_1', [1], [3], 8, 16]
['9_6_2_3', [1, 2, 2, 3], [3, 0, 0, 3], 9, 124]
['5_1_2', [1, 2], [0, 4], 5, 2]
['7_3_4', [3, 4], [0, 0], 7, 33]
['8_1', [1], [0], 8, 7]
['9_6_2_3', [1, 2, 2, 3], [0, 4, 4, 0], 9, 10]
['5_1_2', [1, 2], [0, 4], 5, 2]
['7_3_4', [3, 4], [0, 0], 7, 33]
['8_1', [1], [0], 8, 7]
['9_6_2_3', [1, 2, 2, 3], [0, 4, 4, 0], 9, 10]
['5_1_2', [1, 2], [3, 1], 5, 14]
['7_3_4', [3, 4], [0, 3], 7, 42]
['8_1', [1], [3], 8, 16]
['9_6_2_3', [1, 2, 2, 3], [3, 1, 1, 0], 9, 76]
['5_1_2', [1, 2], [1, 2], 5, 8]
['7_3_4', [3, 4], [4, 1], 7, 84]
['8_1', [1], [1], 8, 10]
['9_6_2_3', [1, 2, 2, 3], [1, 2, 2, 4], 9, 92]
['5_1_2', [1, 2], [3, 1], 5, 14]
['7_3_4', [3, 4], [4, 3], 7, 90]
['8_1', [1], [3], 8, 16]
['9_6_2_3', [1, 2, 2, 3], [3, 1, 1, 4], 9, 124]
['5_1_2', [1, 2], [0, 3], 5, 4]
['7_3_4', [3, 4], [4, 0], 7, 81]
['8_1', [1], [0], 8, 7]
['9_6_2_3', [1, 2, 2, 3], [0, 3, 3, 4], 9, 70]
['5_1_2', [1, 2], [3, 2], 5, 12]
['7_3_4', [3, 4], [2, 3], 7, 66]
['8_1', [1], [3], 8, 16]
['9_6_2_3', [1, 2, 2, 3], [3, 2, 2, 2], 9, 88]

TotalBuggyObservations:
10

BuggyObservations:
['5_1_2', [1, 2], [2, 2], 5, 10]
['7_3_4', [3, 4], [3, 2], 7, 75]
['8_1', [1], [2], 8, 13]
['9_6_2_3', [1, 2, 2, 3], [2, 2, 2, 3], 9, 180]
['5_1_2', [1, 2], [4, 2], 5, 14]
['7_3_4', [3, 4], [1, 4], 7, 57]
['8_1', [1], [4], 8, 19]
['9_6_2_3', [1, 2, 2, 3], [4, 2, 2, 1], 9, 172]
['5_1_2', [1, 2], [2, 0], 5, 14]
['7_3_4', [3, 4], [4, 2], 7, 87]
['8_1', [1], [2], 8, 13]
['9_6_2_3', [1, 2, 2, 3], [2, 0, 0, 4], 9, 252]
['5_1_2', [1, 2], [0, 3], 5, 4]
['7_3_4', [3, 4], [0, 0], 7, 33]
['8_1', [1], [0], 8, 7]
['9_6_2_3', [1, 2, 2, 3], [0, 3, 3, 0], 9, 44]
['5_1_2', [1, 2], [3, 0], 5, 16]
['7_3_4', [3, 4], [2, 3], 7, 66]
['8_1', [1], [3], 8, 16]
['9_6_2_3', [1, 2, 2, 3], [3, 0, 0, 2], 9, 224]
['5_1_2', [1, 2], [3, 4], 5, 8]
['7_3_4', [3, 4], [4, 3], 7, 90]
['8_1', [1], [3], 8, 16]
['9_6_2_3', [1, 2, 2, 3], [3, 4, 4, 4], 9, 176]
['5_1_2', [1, 2], [2, 1], 5, 12]
['7_3_4', [3, 4], [1, 2], 7, 51]
['8_1', [1], [2], 8, 13]
['9_6_2_3', [1, 2, 2, 3], [2, 1, 1, 1], 9, 156]
['5_1_2', [1, 2], [2, 1], 5, 12]
['7_3_4', [3, 4], [3, 2], 7, 75]
['8_1', [1], [2], 8, 13]
['9_6_2_3', [1, 2, 2, 3], [2, 1, 1, 3], 9, 204]
['5_1_2', [1, 2], [3, 4], 5, 8]
['7_3_4', [3, 4], [2, 3], 7, 66]
['8_1', [1], [3], 8, 16]
['9_6_2_3', [1, 2, 2, 3], [3, 4, 4, 2], 9, 128]
['5_1_2', [1, 2], [0, 2], 5, 6]
['7_3_4', [3, 4], [0, 0], 7, 33]
['8_1', [1], [0], 8, 7]
['9_6_2_3', [1, 2, 2, 3], [0, 2, 2, 0], 9, 68]

BuggyIds
9

MinRange:
0

MaxRange:
4
