Subsystems:
9_6_2_3
8_1
7_3_4
5_1_2

SYSINS:
1, 2, 3, 4

SYSOUTS:
9, 8, 7, 5

TotalRegularObservations:
10

NormalObservations:
['5_1_2', [1, 2], [7, 4], 5, 16]
['7_3_4', [3, 4], [1, 7], 7, 66]
['8_1', [1], [7], 8, 28]
['9_6_2_3', [1, 2, 2, 3], [7, 4, 4, 1], 9, 92]
['5_1_2', [1, 2], [1, 6], 5, 0]
['7_3_4', [3, 4], [6, 1], 7, 108]
['8_1', [1], [1], 8, 10]
['9_6_2_3', [1, 2, 2, 3], [1, 6, 6, 6], 9, 68]
['5_1_2', [1, 2], [9, 5], 5, 18]
['7_3_4', [3, 4], [7, 9], 7, 144]
['8_1', [1], [9], 8, 34]
['9_6_2_3', [1, 2, 2, 3], [9, 5, 5, 7], 9, 172]
['5_1_2', [1, 2], [5, 1], 5, 18]
['7_3_4', [3, 4], [3, 5], 7, 84]
['8_1', [1], [5], 8, 22]
['9_6_2_3', [1, 2, 2, 3], [5, 1, 1, 3], 9, 132]
['5_1_2', [1, 2], [1, 4], 5, 4]
['7_3_4', [3, 4], [5, 1], 7, 96]
['8_1', [1], [1], 8, 10]
['9_6_2_3', [1, 2, 2, 3], [1, 4, 4, 5], 9, 80]
['5_1_2', [1, 2], [5, 6], 5, 8]
['7_3_4', [3, 4], [1, 5], 7, 60]
['8_1', [1], [5], 8, 22]
['9_6_2_3', [1, 2, 2, 3], [5, 6, 6, 1], 9, 48]
['5_1_2', [1, 2], [6, 3], 5, 16]
['7_3_4', [3, 4], [5, 6], 7, 111]
['8_1', [1], [6], 8, 25]
['9_6_2_3', [1, 2, 2, 3], [6, 3, 3, 5], 9, 142]
['5_1_2', [1, 2], [0, 8], 5, -6]
['7_3_4', [3, 4], [4, 0], 7, 81]
['8_1', [1], [0], 8, 7]
['9_6_2_3', [1, 2, 2, 3], [0, 8, 8, 4], 9, 10]
['5_1_2', [1, 2], [9, 6], 5, 16]
['7_3_4', [3, 4], [4, 9], 7, 108]
['8_1', [1], [9], 8, 34]
['9_6_2_3', [1, 2, 2, 3], [9, 6, 6, 4], 9, 124]
['5_1_2', [1, 2], [6, 4], 5, 14]
['7_3_4', [3, 4], [9, 6], 7, 159]
['8_1', [1], [6], 8, 25]
['9_6_2_3', [1, 2, 2, 3], [6, 4, 4, 9], 9, 178]

TotalBuggyObservations:
10

BuggyObservations:
['5_1_2', [1, 2], [9, 5], 5, 18]
['7_3_4', [3, 4], [3, 9], 7, 195]
['8_1', [1], [9], 8, 34]
['9_6_2_3', [1, 2, 2, 3], [9, 5, 5, 3], 9, 124]
['5_1_2', [1, 2], [2, 4], 5, 6]
['7_3_4', [3, 4], [6, 2], 7, 225]
['8_1', [1], [2], 8, 13]
['9_6_2_3', [1, 2, 2, 3], [2, 4, 4, 6], 9, 102]
['5_1_2', [1, 2], [8, 8], 5, 10]
['7_3_4', [3, 4], [0, 8], 7, 117]
['8_1', [1], [8], 8, 31]
['9_6_2_3', [1, 2, 2, 3], [8, 8, 8, 0], 9, 42]
['5_1_2', [1, 2], [8, 5], 5, 16]
['7_3_4', [3, 4], [6, 8], 7, 261]
['8_1', [1], [8], 8, 31]
['9_6_2_3', [1, 2, 2, 3], [8, 5, 5, 6], 9, 150]
['5_1_2', [1, 2], [5, 9], 5, 2]
['7_3_4', [3, 4], [5, 5], 7, 219]
['8_1', [1], [5], 8, 22]
['9_6_2_3', [1, 2, 2, 3], [5, 9, 9, 5], 9, 60]
['5_1_2', [1, 2], [4, 5], 5, 8]
['7_3_4', [3, 4], [4, 4], 7, 189]
['8_1', [1], [4], 8, 19]
['9_6_2_3', [1, 2, 2, 3], [4, 5, 5, 4], 9, 86]
['5_1_2', [1, 2], [4, 4], 5, 10]
['7_3_4', [3, 4], [0, 4], 7, 93]
['8_1', [1], [4], 8, 19]
['9_6_2_3', [1, 2, 2, 3], [4, 4, 4, 0], 9, 50]
['5_1_2', [1, 2], [4, 3], 5, 12]
['7_3_4', [3, 4], [9, 4], 7, 309]
['8_1', [1], [4], 8, 19]
['9_6_2_3', [1, 2, 2, 3], [4, 3, 3, 9], 9, 170]
['5_1_2', [1, 2], [5, 3], 5, 14]
['7_3_4', [3, 4], [2, 5], 7, 147]
['8_1', [1], [5], 8, 22]
['9_6_2_3', [1, 2, 2, 3], [5, 3, 3, 2], 9, 96]
['5_1_2', [1, 2], [3, 8], 5, 0]
['7_3_4', [3, 4], [7, 3], 7, 255]
['8_1', [1], [3], 8, 16]
['9_6_2_3', [1, 2, 2, 3], [3, 8, 8, 7], 9, 76]

BuggyIds
7

MinRange:
0

MaxRange:
9
