Subsystems:
9_6_2_3
8_1
7_3_4
5_1_2

SYSINS:
1, 2, 3, 4

SYSOUTS:
9, 8, 7, 5

TotalRegularObservations:
50

NormalObservations:
['5_1_2', [1, 2], [8, 2], 5, 22]
['7_3_4', [3, 4], [9, 8], 7, 165]
['8_1', [1], [8], 8, 31]
['9_6_2_3', [1, 2, 2, 3], [8, 2, 2, 9], 9, 222]
['5_1_2', [1, 2], [4, 7], 5, 4]
['7_3_4', [3, 4], [4, 4], 7, 93]
['8_1', [1], [4], 8, 19]
['9_6_2_3', [1, 2, 2, 3], [4, 7, 7, 4], 9, 62]
['5_1_2', [1, 2], [3, 9], 5, -2]
['7_3_4', [3, 4], [0, 3], 7, 42]
['8_1', [1], [3], 8, 16]
['9_6_2_3', [1, 2, 2, 3], [3, 9, 9, 0], 9, -20]
['5_1_2', [1, 2], [5, 8], 5, 4]
['7_3_4', [3, 4], [1, 5], 7, 60]
['8_1', [1], [5], 8, 22]
['9_6_2_3', [1, 2, 2, 3], [5, 8, 8, 1], 9, 24]
['5_1_2', [1, 2], [0, 5], 5, 0]
['7_3_4', [3, 4], [1, 0], 7, 45]
['8_1', [1], [0], 8, 7]
['9_6_2_3', [1, 2, 2, 3], [0, 5, 5, 1], 9, 10]
['5_1_2', [1, 2], [8, 1], 5, 24]
['7_3_4', [3, 4], [1, 8], 7, 69]
['8_1', [1], [8], 8, 31]
['9_6_2_3', [1, 2, 2, 3], [8, 1, 1, 1], 9, 138]
['5_1_2', [1, 2], [8, 2], 5, 22]
['7_3_4', [3, 4], [7, 8], 7, 141]
['8_1', [1], [8], 8, 31]
['9_6_2_3', [1, 2, 2, 3], [8, 2, 2, 7], 9, 198]
['5_1_2', [1, 2], [7, 1], 5, 22]
['7_3_4', [3, 4], [4, 7], 7, 102]
['8_1', [1], [7], 8, 28]
['9_6_2_3', [1, 2, 2, 3], [7, 1, 1, 4], 9, 164]
['5_1_2', [1, 2], [4, 3], 5, 12]
['7_3_4', [3, 4], [0, 4], 7, 45]
['8_1', [1], [4], 8, 19]
['9_6_2_3', [1, 2, 2, 3], [4, 3, 3, 0], 9, 62]
['5_1_2', [1, 2], [6, 2], 5, 18]
['7_3_4', [3, 4], [3, 6], 7, 87]
['8_1', [1], [6], 8, 25]
['9_6_2_3', [1, 2, 2, 3], [6, 2, 2, 3], 9, 130]
['5_1_2', [1, 2], [0, 8], 5, -6]
['7_3_4', [3, 4], [4, 0], 7, 81]
['8_1', [1], [0], 8, 7]
['9_6_2_3', [1, 2, 2, 3], [0, 8, 8, 4], 9, 10]
['5_1_2', [1, 2], [7, 9], 5, 6]
['7_3_4', [3, 4], [7, 7], 7, 138]
['8_1', [1], [7], 8, 28]
['9_6_2_3', [1, 2, 2, 3], [7, 9, 9, 7], 9, 104]
['5_1_2', [1, 2], [8, 9], 5, 8]
['7_3_4', [3, 4], [9, 8], 7, 165]
['8_1', [1], [8], 8, 31]
['9_6_2_3', [1, 2, 2, 3], [8, 9, 9, 9], 9, 138]
['5_1_2', [1, 2], [4, 4], 5, 10]
['7_3_4', [3, 4], [5, 4], 7, 105]
['8_1', [1], [4], 8, 19]
['9_6_2_3', [1, 2, 2, 3], [4, 4, 4, 5], 9, 110]
['5_1_2', [1, 2], [1, 5], 5, 2]
['7_3_4', [3, 4], [8, 1], 7, 132]
['8_1', [1], [1], 8, 10]
['9_6_2_3', [1, 2, 2, 3], [1, 5, 5, 8], 9, 104]
['5_1_2', [1, 2], [0, 2], 5, 6]
['7_3_4', [3, 4], [1, 0], 7, 45]
['8_1', [1], [0], 8, 7]
['9_6_2_3', [1, 2, 2, 3], [0, 2, 2, 1], 9, 46]
['5_1_2', [1, 2], [6, 2], 5, 18]
['7_3_4', [3, 4], [2, 6], 7, 75]
['8_1', [1], [6], 8, 25]
['9_6_2_3', [1, 2, 2, 3], [6, 2, 2, 2], 9, 118]
['5_1_2', [1, 2], [7, 7], 5, 10]
['7_3_4', [3, 4], [6, 7], 7, 126]
['8_1', [1], [7], 8, 28]
['9_6_2_3', [1, 2, 2, 3], [7, 7, 7, 6], 9, 116]
['5_1_2', [1, 2], [4, 3], 5, 12]
['7_3_4', [3, 4], [0, 4], 7, 45]
['8_1', [1], [4], 8, 19]
['9_6_2_3', [1, 2, 2, 3], [4, 3, 3, 0], 9, 62]
['5_1_2', [1, 2], [0, 3], 5, 4]
['7_3_4', [3, 4], [8, 0], 7, 129]
['8_1', [1], [0], 8, 7]
['9_6_2_3', [1, 2, 2, 3], [0, 3, 3, 8], 9, 118]
['5_1_2', [1, 2], [4, 7], 5, 4]
['7_3_4', [3, 4], [9, 4], 7, 153]
['8_1', [1], [4], 8, 19]
['9_6_2_3', [1, 2, 2, 3], [4, 7, 7, 9], 9, 122]
['5_1_2', [1, 2], [2, 3], 5, 8]
['7_3_4', [3, 4], [2, 2], 7, 63]
['8_1', [1], [2], 8, 13]
['9_6_2_3', [1, 2, 2, 3], [2, 3, 3, 2], 9, 66]
['5_1_2', [1, 2], [6, 0], 5, 22]
['7_3_4', [3, 4], [1, 6], 7, 63]
['8_1', [1], [6], 8, 25]
['9_6_2_3', [1, 2, 2, 3], [6, 0, 0, 1], 9, 130]
['5_1_2', [1, 2], [7, 9], 5, 6]
['7_3_4', [3, 4], [9, 7], 7, 162]
['8_1', [1], [7], 8, 28]
['9_6_2_3', [1, 2, 2, 3], [7, 9, 9, 9], 9, 128]
['5_1_2', [1, 2], [8, 8], 5, 10]
['7_3_4', [3, 4], [9, 8], 7, 165]
['8_1', [1], [8], 8, 31]
['9_6_2_3', [1, 2, 2, 3], [8, 8, 8, 9], 9, 150]
['5_1_2', [1, 2], [2, 7], 5, 0]
['7_3_4', [3, 4], [5, 2], 7, 99]
['8_1', [1], [2], 8, 13]
['9_6_2_3', [1, 2, 2, 3], [2, 7, 7, 5], 9, 54]
['5_1_2', [1, 2], [9, 2], 5, 24]
['7_3_4', [3, 4], [1, 9], 7, 72]
['8_1', [1], [9], 8, 34]
['9_6_2_3', [1, 2, 2, 3], [9, 2, 2, 1], 9, 136]
['5_1_2', [1, 2], [6, 0], 5, 22]
['7_3_4', [3, 4], [7, 6], 7, 135]
['8_1', [1], [6], 8, 25]
['9_6_2_3', [1, 2, 2, 3], [6, 0, 0, 7], 9, 202]
['5_1_2', [1, 2], [5, 8], 5, 4]
['7_3_4', [3, 4], [2, 5], 7, 72]
['8_1', [1], [5], 8, 22]
['9_6_2_3', [1, 2, 2, 3], [5, 8, 8, 2], 9, 36]
['5_1_2', [1, 2], [9, 4], 5, 20]
['7_3_4', [3, 4], [7, 9], 7, 144]
['8_1', [1], [9], 8, 34]
['9_6_2_3', [1, 2, 2, 3], [9, 4, 4, 7], 9, 184]
['5_1_2', [1, 2], [2, 5], 5, 4]
['7_3_4', [3, 4], [1, 2], 7, 51]
['8_1', [1], [2], 8, 13]
['9_6_2_3', [1, 2, 2, 3], [2, 5, 5, 1], 9, 30]
['5_1_2', [1, 2], [7, 5], 5, 14]
['7_3_4', [3, 4], [6, 7], 7, 126]
['8_1', [1], [7], 8, 28]
['9_6_2_3', [1, 2, 2, 3], [7, 5, 5, 6], 9, 140]
['5_1_2', [1, 2], [8, 2], 5, 22]
['7_3_4', [3, 4], [2, 8], 7, 81]
['8_1', [1], [8], 8, 31]
['9_6_2_3', [1, 2, 2, 3], [8, 2, 2, 2], 9, 138]
['5_1_2', [1, 2], [5, 0], 5, 20]
['7_3_4', [3, 4], [3, 5], 7, 84]
['8_1', [1], [5], 8, 22]
['9_6_2_3', [1, 2, 2, 3], [5, 0, 0, 3], 9, 144]
['5_1_2', [1, 2], [2, 9], 5, -4]
['7_3_4', [3, 4], [0, 2], 7, 39]
['8_1', [1], [2], 8, 13]
['9_6_2_3', [1, 2, 2, 3], [2, 9, 9, 0], 9, -30]
['5_1_2', [1, 2], [1, 8], 5, -4]
['7_3_4', [3, 4], [6, 1], 7, 108]
['8_1', [1], [1], 8, 10]
['9_6_2_3', [1, 2, 2, 3], [1, 8, 8, 6], 9, 44]
['5_1_2', [1, 2], [6, 4], 5, 14]
['7_3_4', [3, 4], [6, 6], 7, 123]
['8_1', [1], [6], 8, 25]
['9_6_2_3', [1, 2, 2, 3], [6, 4, 4, 6], 9, 142]
['5_1_2', [1, 2], [3, 4], 5, 8]
['7_3_4', [3, 4], [8, 3], 7, 138]
['8_1', [1], [3], 8, 16]
['9_6_2_3', [1, 2, 2, 3], [3, 4, 4, 8], 9, 136]
['5_1_2', [1, 2], [3, 7], 5, 2]
['7_3_4', [3, 4], [8, 3], 7, 138]
['8_1', [1], [3], 8, 16]
['9_6_2_3', [1, 2, 2, 3], [3, 7, 7, 8], 9, 100]
['5_1_2', [1, 2], [0, 5], 5, 0]
['7_3_4', [3, 4], [1, 0], 7, 45]
['8_1', [1], [0], 8, 7]
['9_6_2_3', [1, 2, 2, 3], [0, 5, 5, 1], 9, 10]
['5_1_2', [1, 2], [7, 1], 5, 22]
['7_3_4', [3, 4], [1, 7], 7, 66]
['8_1', [1], [7], 8, 28]
['9_6_2_3', [1, 2, 2, 3], [7, 1, 1, 1], 9, 128]
['5_1_2', [1, 2], [4, 8], 5, 2]
['7_3_4', [3, 4], [5, 4], 7, 105]
['8_1', [1], [4], 8, 19]
['9_6_2_3', [1, 2, 2, 3], [4, 8, 8, 5], 9, 62]
['5_1_2', [1, 2], [4, 0], 5, 18]
['7_3_4', [3, 4], [0, 4], 7, 45]
['8_1', [1], [4], 8, 19]
['9_6_2_3', [1, 2, 2, 3], [4, 0, 0, 0], 9, 98]
['5_1_2', [1, 2], [8, 4], 5, 18]
['7_3_4', [3, 4], [5, 8], 7, 117]
['8_1', [1], [8], 8, 31]
['9_6_2_3', [1, 2, 2, 3], [8, 4, 4, 5], 9, 150]
['5_1_2', [1, 2], [7, 9], 5, 6]
['7_3_4', [3, 4], [5, 7], 7, 114]
['8_1', [1], [7], 8, 28]
['9_6_2_3', [1, 2, 2, 3], [7, 9, 9, 5], 9, 80]
['5_1_2', [1, 2], [8, 2], 5, 22]
['7_3_4', [3, 4], [1, 8], 7, 69]
['8_1', [1], [8], 8, 31]
['9_6_2_3', [1, 2, 2, 3], [8, 2, 2, 1], 9, 126]
['5_1_2', [1, 2], [5, 2], 5, 16]
['7_3_4', [3, 4], [7, 5], 7, 132]
['8_1', [1], [5], 8, 22]
['9_6_2_3', [1, 2, 2, 3], [5, 2, 2, 7], 9, 168]
['5_1_2', [1, 2], [4, 3], 5, 12]
['7_3_4', [3, 4], [7, 4], 7, 129]
['8_1', [1], [4], 8, 19]
['9_6_2_3', [1, 2, 2, 3], [4, 3, 3, 7], 9, 146]
['5_1_2', [1, 2], [0, 9], 5, -8]
['7_3_4', [3, 4], [4, 0], 7, 81]
['8_1', [1], [0], 8, 7]
['9_6_2_3', [1, 2, 2, 3], [0, 9, 9, 4], 9, -2]
['5_1_2', [1, 2], [1, 7], 5, -2]
['7_3_4', [3, 4], [0, 1], 7, 36]
['8_1', [1], [1], 8, 10]
['9_6_2_3', [1, 2, 2, 3], [1, 7, 7, 0], 9, -16]

TotalBuggyObservations:
10

BuggyObservations:
['5_1_2', [1, 2], [5, 8], 5, 4]
['7_3_4', [3, 4], [0, 5], 7, 99]
['8_1', [1], [5], 8, 22]
['9_6_2_3', [1, 2, 2, 3], [5, 8, 8, 0], 9, 12]
['5_1_2', [1, 2], [8, 4], 5, 18]
['7_3_4', [3, 4], [6, 8], 7, 261]
['8_1', [1], [8], 8, 31]
['9_6_2_3', [1, 2, 2, 3], [8, 4, 4, 6], 9, 162]
['5_1_2', [1, 2], [7, 1], 5, 22]
['7_3_4', [3, 4], [9, 7], 7, 327]
['8_1', [1], [7], 8, 28]
['9_6_2_3', [1, 2, 2, 3], [7, 1, 1, 9], 9, 224]
['5_1_2', [1, 2], [1, 0], 5, 12]
['7_3_4', [3, 4], [1, 1], 7, 99]
['8_1', [1], [1], 8, 10]
['9_6_2_3', [1, 2, 2, 3], [1, 0, 0, 1], 9, 80]
['5_1_2', [1, 2], [8, 5], 5, 16]
['7_3_4', [3, 4], [9, 8], 7, 333]
['8_1', [1], [8], 8, 31]
['9_6_2_3', [1, 2, 2, 3], [8, 5, 5, 9], 9, 186]
['5_1_2', [1, 2], [3, 1], 5, 14]
['7_3_4', [3, 4], [2, 3], 7, 135]
['8_1', [1], [3], 8, 16]
['9_6_2_3', [1, 2, 2, 3], [3, 1, 1, 2], 9, 100]
['5_1_2', [1, 2], [9, 0], 5, 28]
['7_3_4', [3, 4], [2, 9], 7, 171]
['8_1', [1], [9], 8, 34]
['9_6_2_3', [1, 2, 2, 3], [9, 0, 0, 2], 9, 172]
['5_1_2', [1, 2], [7, 0], 5, 24]
['7_3_4', [3, 4], [3, 7], 7, 183]
['8_1', [1], [7], 8, 28]
['9_6_2_3', [1, 2, 2, 3], [7, 0, 0, 3], 9, 164]
['5_1_2', [1, 2], [3, 4], 5, 8]
['7_3_4', [3, 4], [4, 3], 7, 183]
['8_1', [1], [3], 8, 16]
['9_6_2_3', [1, 2, 2, 3], [3, 4, 4, 4], 9, 88]
['5_1_2', [1, 2], [0, 3], 5, 4]
['7_3_4', [3, 4], [8, 0], 7, 261]
['8_1', [1], [0], 8, 7]
['9_6_2_3', [1, 2, 2, 3], [0, 3, 3, 8], 9, 118]

BuggyIds
7

MinRange:
0

MaxRange:
9
