Subsystems:
9_6_2_3
8_1
7_3_4
5_1_2

SYSINS:
1, 2, 3, 4

SYSOUTS:
9, 8, 7, 5

TotalRegularObservations:
10

NormalObservations:
['5_1_2', [1, 2], [0, 1], 5, 8]
['7_3_4', [3, 4], [2, 0], 7, 57]
['8_1', [1], [0], 8, 7]
['9_6_2_3', [1, 2, 2, 3], [0, 1, 1, 2], 9, 70]
['5_1_2', [1, 2], [4, 8], 5, 2]
['7_3_4', [3, 4], [8, 4], 7, 141]
['8_1', [1], [4], 8, 19]
['9_6_2_3', [1, 2, 2, 3], [4, 8, 8, 8], 9, 98]
['5_1_2', [1, 2], [4, 5], 5, 8]
['7_3_4', [3, 4], [1, 4], 7, 57]
['8_1', [1], [4], 8, 19]
['9_6_2_3', [1, 2, 2, 3], [4, 5, 5, 1], 9, 50]
['5_1_2', [1, 2], [5, 3], 5, 14]
['7_3_4', [3, 4], [9, 5], 7, 156]
['8_1', [1], [5], 8, 22]
['9_6_2_3', [1, 2, 2, 3], [5, 3, 3, 9], 9, 180]
['5_1_2', [1, 2], [8, 3], 5, 20]
['7_3_4', [3, 4], [4, 8], 7, 105]
['8_1', [1], [8], 8, 31]
['9_6_2_3', [1, 2, 2, 3], [8, 3, 3, 4], 9, 150]
['5_1_2', [1, 2], [2, 3], 5, 8]
['7_3_4', [3, 4], [1, 2], 7, 51]
['8_1', [1], [2], 8, 13]
['9_6_2_3', [1, 2, 2, 3], [2, 3, 3, 1], 9, 54]
['5_1_2', [1, 2], [1, 6], 5, 0]
['7_3_4', [3, 4], [9, 1], 7, 144]
['8_1', [1], [1], 8, 10]
['9_6_2_3', [1, 2, 2, 3], [1, 6, 6, 9], 9, 104]
['5_1_2', [1, 2], [6, 4], 5, 14]
['7_3_4', [3, 4], [9, 6], 7, 159]
['8_1', [1], [6], 8, 25]
['9_6_2_3', [1, 2, 2, 3], [6, 4, 4, 9], 9, 178]
['5_1_2', [1, 2], [9, 0], 5, 28]
['7_3_4', [3, 4], [3, 9], 7, 96]
['8_1', [1], [9], 8, 34]
['9_6_2_3', [1, 2, 2, 3], [9, 0, 0, 3], 9, 184]
['5_1_2', [1, 2], [6, 4], 5, 14]
['7_3_4', [3, 4], [4, 6], 7, 99]
['8_1', [1], [6], 8, 25]
['9_6_2_3', [1, 2, 2, 3], [6, 4, 4, 4], 9, 118]

TotalBuggyObservations:
10

BuggyObservations:
['5_1_2', [1, 2], [3, 4], 5, -4]
['7_3_4', [3, 4], [5, 3], 7, 102]
['8_1', [1], [3], 8, 16]
['9_6_2_3', [1, 2, 2, 3], [3, 4, 4, 5], 9, 31]
['5_1_2', [1, 2], [5, 7], 5, -20]
['7_3_4', [3, 4], [2, 5], 7, 72]
['8_1', [1], [5], 8, 22]
['9_6_2_3', [1, 2, 2, 3], [5, 7, 7, 2], 9, -97]
['5_1_2', [1, 2], [4, 9], 5, -40]
['7_3_4', [3, 4], [5, 4], 7, 105]
['8_1', [1], [4], 8, 19]
['9_6_2_3', [1, 2, 2, 3], [4, 9, 9, 5], 9, -169]
['5_1_2', [1, 2], [4, 3], 5, 8]
['7_3_4', [3, 4], [0, 4], 7, 45]
['8_1', [1], [4], 8, 19]
['9_6_2_3', [1, 2, 2, 3], [4, 3, 3, 0], 9, 35]
['5_1_2', [1, 2], [2, 4], 5, -8]
['7_3_4', [3, 4], [8, 2], 7, 135]
['8_1', [1], [2], 8, 13]
['9_6_2_3', [1, 2, 2, 3], [2, 4, 4, 8], 9, 47]
['5_1_2', [1, 2], [7, 1], 5, 36]
['7_3_4', [3, 4], [4, 7], 7, 102]
['8_1', [1], [7], 8, 28]
['9_6_2_3', [1, 2, 2, 3], [7, 1, 1, 4], 9, 231]
['5_1_2', [1, 2], [7, 7], 5, -12]
['7_3_4', [3, 4], [1, 7], 7, 66]
['8_1', [1], [7], 8, 28]
['9_6_2_3', [1, 2, 2, 3], [7, 7, 7, 1], 9, -69]
['5_1_2', [1, 2], [9, 0], 5, 52]
['7_3_4', [3, 4], [2, 9], 7, 84]
['8_1', [1], [9], 8, 34]
['9_6_2_3', [1, 2, 2, 3], [9, 0, 0, 2], 9, 291]
['5_1_2', [1, 2], [4, 7], 5, -24]
['7_3_4', [3, 4], [7, 4], 7, 129]
['8_1', [1], [4], 8, 19]
['9_6_2_3', [1, 2, 2, 3], [4, 7, 7, 7], 9, -57]
['5_1_2', [1, 2], [7, 3], 5, 20]
['7_3_4', [3, 4], [5, 7], 7, 114]
['8_1', [1], [7], 8, 28]
['9_6_2_3', [1, 2, 2, 3], [7, 3, 3, 5], 9, 155]

BuggyIds
5, 2

MinRange:
0

MaxRange:
9
