Subsystems:
9_6_2_3
8_1
7_3_4
5_1_2

SYSINS:
1, 2, 3, 4

SYSOUTS:
9, 8, 7, 5

TotalRegularObservations:
10

NormalObservations:
['5_1_2', [1, 2], [3, 4], 5, 8]
['7_3_4', [3, 4], [3, 3], 7, 78]
['8_1', [1], [3], 8, 16]
['9_6_2_3', [1, 2, 2, 3], [3, 4, 4, 3], 9, 76]
['5_1_2', [1, 2], [2, 3], 5, 8]
['7_3_4', [3, 4], [2, 2], 7, 63]
['8_1', [1], [2], 8, 13]
['9_6_2_3', [1, 2, 2, 3], [2, 3, 3, 2], 9, 66]
['5_1_2', [1, 2], [3, 3], 5, 10]
['7_3_4', [3, 4], [4, 3], 7, 90]
['8_1', [1], [3], 8, 16]
['9_6_2_3', [1, 2, 2, 3], [3, 3, 3, 4], 9, 100]
['5_1_2', [1, 2], [3, 0], 5, 16]
['7_3_4', [3, 4], [3, 3], 7, 78]
['8_1', [1], [3], 8, 16]
['9_6_2_3', [1, 2, 2, 3], [3, 0, 0, 3], 9, 124]
['5_1_2', [1, 2], [3, 2], 5, 12]
['7_3_4', [3, 4], [0, 3], 7, 42]
['8_1', [1], [3], 8, 16]
['9_6_2_3', [1, 2, 2, 3], [3, 2, 2, 0], 9, 64]
['5_1_2', [1, 2], [0, 4], 5, 2]
['7_3_4', [3, 4], [2, 0], 7, 57]
['8_1', [1], [0], 8, 7]
['9_6_2_3', [1, 2, 2, 3], [0, 4, 4, 2], 9, 34]
['5_1_2', [1, 2], [4, 1], 5, 16]
['7_3_4', [3, 4], [1, 4], 7, 57]
['8_1', [1], [4], 8, 19]
['9_6_2_3', [1, 2, 2, 3], [4, 1, 1, 1], 9, 98]
['5_1_2', [1, 2], [1, 4], 5, 4]
['7_3_4', [3, 4], [0, 1], 7, 36]
['8_1', [1], [1], 8, 10]
['9_6_2_3', [1, 2, 2, 3], [1, 4, 4, 0], 9, 20]
['5_1_2', [1, 2], [4, 0], 5, 18]
['7_3_4', [3, 4], [1, 4], 7, 57]
['8_1', [1], [4], 8, 19]
['9_6_2_3', [1, 2, 2, 3], [4, 0, 0, 1], 9, 110]
['5_1_2', [1, 2], [2, 0], 5, 14]
['7_3_4', [3, 4], [4, 2], 7, 87]
['8_1', [1], [2], 8, 13]
['9_6_2_3', [1, 2, 2, 3], [2, 0, 0, 4], 9, 126]

TotalBuggyObservations:
10

BuggyObservations:
['5_1_2', [1, 2], [4, 2], 5, 14]
['7_3_4', [3, 4], [1, 4], 7, 117]
['8_1', [1], [4], 8, 19]
['9_6_2_3', [1, 2, 2, 3], [4, 2, 2, 1], 9, 172]
['5_1_2', [1, 2], [1, 2], 5, 8]
['7_3_4', [3, 4], [4, 1], 7, 171]
['8_1', [1], [1], 8, 10]
['9_6_2_3', [1, 2, 2, 3], [1, 2, 2, 4], 9, 184]
['5_1_2', [1, 2], [0, 4], 5, 2]
['7_3_4', [3, 4], [3, 0], 7, 141]
['8_1', [1], [0], 8, 7]
['9_6_2_3', [1, 2, 2, 3], [0, 4, 4, 3], 9, 92]
['5_1_2', [1, 2], [2, 3], 5, 8]
['7_3_4', [3, 4], [3, 2], 7, 153]
['8_1', [1], [2], 8, 13]
['9_6_2_3', [1, 2, 2, 3], [2, 3, 3, 3], 9, 156]
['5_1_2', [1, 2], [1, 0], 5, 12]
['7_3_4', [3, 4], [0, 1], 7, 75]
['8_1', [1], [1], 8, 10]
['9_6_2_3', [1, 2, 2, 3], [1, 0, 0, 0], 9, 136]
['5_1_2', [1, 2], [0, 4], 5, 2]
['7_3_4', [3, 4], [1, 0], 7, 93]
['8_1', [1], [0], 8, 7]
['9_6_2_3', [1, 2, 2, 3], [0, 4, 4, 1], 9, 44]
['5_1_2', [1, 2], [0, 2], 5, 6]
['7_3_4', [3, 4], [4, 0], 7, 165]
['8_1', [1], [0], 8, 7]
['9_6_2_3', [1, 2, 2, 3], [0, 2, 2, 4], 9, 164]
['5_1_2', [1, 2], [0, 2], 5, 6]
['7_3_4', [3, 4], [3, 0], 7, 141]
['8_1', [1], [0], 8, 7]
['9_6_2_3', [1, 2, 2, 3], [0, 2, 2, 3], 9, 140]
['5_1_2', [1, 2], [4, 0], 5, 18]
['7_3_4', [3, 4], [2, 4], 7, 141]
['8_1', [1], [4], 8, 19]
['9_6_2_3', [1, 2, 2, 3], [4, 0, 0, 2], 9, 244]
['5_1_2', [1, 2], [0, 0], 5, 10]
['7_3_4', [3, 4], [0, 0], 7, 69]
['8_1', [1], [0], 8, 7]
['9_6_2_3', [1, 2, 2, 3], [0, 0, 0, 0], 9, 116]

BuggyIds
9, 7

MinRange:
0

MaxRange:
4
