Subsystems:
9_6_2_3
8_1
7_3_4
5_1_2

SYSINS:
1, 2, 3, 4

SYSOUTS:
9, 8, 7, 5

TotalRegularObservations:
50

NormalObservations:
['5_1_2', [1, 2], [0, 1], 5, 8]
['7_3_4', [3, 4], [7, 0], 7, 117]
['8_1', [1], [0], 8, 7]
['9_6_2_3', [1, 2, 2, 3], [0, 1, 1, 7], 9, 130]
['5_1_2', [1, 2], [3, 8], 5, 0]
['7_3_4', [3, 4], [3, 3], 7, 78]
['8_1', [1], [3], 8, 16]
['9_6_2_3', [1, 2, 2, 3], [3, 8, 8, 3], 9, 28]
['5_1_2', [1, 2], [7, 3], 5, 18]
['7_3_4', [3, 4], [7, 7], 7, 138]
['8_1', [1], [7], 8, 28]
['9_6_2_3', [1, 2, 2, 3], [7, 3, 3, 7], 9, 176]
['5_1_2', [1, 2], [1, 5], 5, 2]
['7_3_4', [3, 4], [7, 1], 7, 120]
['8_1', [1], [1], 8, 10]
['9_6_2_3', [1, 2, 2, 3], [1, 5, 5, 7], 9, 92]
['5_1_2', [1, 2], [2, 1], 5, 12]
['7_3_4', [3, 4], [3, 2], 7, 75]
['8_1', [1], [2], 8, 13]
['9_6_2_3', [1, 2, 2, 3], [2, 1, 1, 3], 9, 102]
['5_1_2', [1, 2], [4, 6], 5, 6]
['7_3_4', [3, 4], [8, 4], 7, 141]
['8_1', [1], [4], 8, 19]
['9_6_2_3', [1, 2, 2, 3], [4, 6, 6, 8], 9, 122]
['5_1_2', [1, 2], [1, 9], 5, -6]
['7_3_4', [3, 4], [2, 1], 7, 60]
['8_1', [1], [1], 8, 10]
['9_6_2_3', [1, 2, 2, 3], [1, 9, 9, 2], 9, -16]
['5_1_2', [1, 2], [0, 5], 5, 0]
['7_3_4', [3, 4], [0, 0], 7, 33]
['8_1', [1], [0], 8, 7]
['9_6_2_3', [1, 2, 2, 3], [0, 5, 5, 0], 9, -2]
['5_1_2', [1, 2], [1, 0], 5, 12]
['7_3_4', [3, 4], [7, 1], 7, 120]
['8_1', [1], [1], 8, 10]
['9_6_2_3', [1, 2, 2, 3], [1, 0, 0, 7], 9, 152]
['5_1_2', [1, 2], [2, 0], 5, 14]
['7_3_4', [3, 4], [4, 2], 7, 87]
['8_1', [1], [2], 8, 13]
['9_6_2_3', [1, 2, 2, 3], [2, 0, 0, 4], 9, 126]
['5_1_2', [1, 2], [1, 1], 5, 10]
['7_3_4', [3, 4], [9, 1], 7, 144]
['8_1', [1], [1], 8, 10]
['9_6_2_3', [1, 2, 2, 3], [1, 1, 1, 9], 9, 164]
['5_1_2', [1, 2], [4, 9], 5, 0]
['7_3_4', [3, 4], [2, 4], 7, 69]
['8_1', [1], [4], 8, 19]
['9_6_2_3', [1, 2, 2, 3], [4, 9, 9, 2], 9, 14]
['5_1_2', [1, 2], [9, 6], 5, 16]
['7_3_4', [3, 4], [2, 9], 7, 84]
['8_1', [1], [9], 8, 34]
['9_6_2_3', [1, 2, 2, 3], [9, 6, 6, 2], 9, 100]
['5_1_2', [1, 2], [7, 3], 5, 18]
['7_3_4', [3, 4], [1, 7], 7, 66]
['8_1', [1], [7], 8, 28]
['9_6_2_3', [1, 2, 2, 3], [7, 3, 3, 1], 9, 104]
['5_1_2', [1, 2], [9, 8], 5, 12]
['7_3_4', [3, 4], [7, 9], 7, 144]
['8_1', [1], [9], 8, 34]
['9_6_2_3', [1, 2, 2, 3], [9, 8, 8, 7], 9, 136]
['5_1_2', [1, 2], [2, 0], 5, 14]
['7_3_4', [3, 4], [6, 2], 7, 111]
['8_1', [1], [2], 8, 13]
['9_6_2_3', [1, 2, 2, 3], [2, 0, 0, 6], 9, 150]
['5_1_2', [1, 2], [1, 6], 5, 0]
['7_3_4', [3, 4], [4, 1], 7, 84]
['8_1', [1], [1], 8, 10]
['9_6_2_3', [1, 2, 2, 3], [1, 6, 6, 4], 9, 44]
['5_1_2', [1, 2], [8, 9], 5, 8]
['7_3_4', [3, 4], [1, 8], 7, 69]
['8_1', [1], [8], 8, 31]
['9_6_2_3', [1, 2, 2, 3], [8, 9, 9, 1], 9, 42]
['5_1_2', [1, 2], [4, 6], 5, 6]
['7_3_4', [3, 4], [0, 4], 7, 45]
['8_1', [1], [4], 8, 19]
['9_6_2_3', [1, 2, 2, 3], [4, 6, 6, 0], 9, 26]
['5_1_2', [1, 2], [9, 4], 5, 20]
['7_3_4', [3, 4], [8, 9], 7, 156]
['8_1', [1], [9], 8, 34]
['9_6_2_3', [1, 2, 2, 3], [9, 4, 4, 8], 9, 196]
['5_1_2', [1, 2], [5, 3], 5, 14]
['7_3_4', [3, 4], [5, 5], 7, 108]
['8_1', [1], [5], 8, 22]
['9_6_2_3', [1, 2, 2, 3], [5, 3, 3, 5], 9, 132]
['5_1_2', [1, 2], [6, 3], 5, 16]
['7_3_4', [3, 4], [4, 6], 7, 99]
['8_1', [1], [6], 8, 25]
['9_6_2_3', [1, 2, 2, 3], [6, 3, 3, 4], 9, 130]
['5_1_2', [1, 2], [8, 0], 5, 26]
['7_3_4', [3, 4], [9, 8], 7, 165]
['8_1', [1], [8], 8, 31]
['9_6_2_3', [1, 2, 2, 3], [8, 0, 0, 9], 9, 246]
['5_1_2', [1, 2], [7, 6], 5, 12]
['7_3_4', [3, 4], [5, 7], 7, 114]
['8_1', [1], [7], 8, 28]
['9_6_2_3', [1, 2, 2, 3], [7, 6, 6, 5], 9, 116]
['5_1_2', [1, 2], [9, 3], 5, 22]
['7_3_4', [3, 4], [1, 9], 7, 72]
['8_1', [1], [9], 8, 34]
['9_6_2_3', [1, 2, 2, 3], [9, 3, 3, 1], 9, 124]
['5_1_2', [1, 2], [6, 6], 5, 10]
['7_3_4', [3, 4], [8, 6], 7, 147]
['8_1', [1], [6], 8, 25]
['9_6_2_3', [1, 2, 2, 3], [6, 6, 6, 8], 9, 142]
['5_1_2', [1, 2], [1, 7], 5, -2]
['7_3_4', [3, 4], [6, 1], 7, 108]
['8_1', [1], [1], 8, 10]
['9_6_2_3', [1, 2, 2, 3], [1, 7, 7, 6], 9, 56]
['5_1_2', [1, 2], [8, 7], 5, 12]
['7_3_4', [3, 4], [7, 8], 7, 141]
['8_1', [1], [8], 8, 31]
['9_6_2_3', [1, 2, 2, 3], [8, 7, 7, 7], 9, 138]
['5_1_2', [1, 2], [3, 5], 5, 6]
['7_3_4', [3, 4], [7, 3], 7, 126]
['8_1', [1], [3], 8, 16]
['9_6_2_3', [1, 2, 2, 3], [3, 5, 5, 7], 9, 112]
['5_1_2', [1, 2], [6, 7], 5, 8]
['7_3_4', [3, 4], [2, 6], 7, 75]
['8_1', [1], [6], 8, 25]
['9_6_2_3', [1, 2, 2, 3], [6, 7, 7, 2], 9, 58]
['5_1_2', [1, 2], [6, 7], 5, 8]
['7_3_4', [3, 4], [3, 6], 7, 87]
['8_1', [1], [6], 8, 25]
['9_6_2_3', [1, 2, 2, 3], [6, 7, 7, 3], 9, 70]
['5_1_2', [1, 2], [9, 9], 5, 10]
['7_3_4', [3, 4], [5, 9], 7, 120]
['8_1', [1], [9], 8, 34]
['9_6_2_3', [1, 2, 2, 3], [9, 9, 9, 5], 9, 100]
['5_1_2', [1, 2], [7, 2], 5, 20]
['7_3_4', [3, 4], [4, 7], 7, 102]
['8_1', [1], [7], 8, 28]
['9_6_2_3', [1, 2, 2, 3], [7, 2, 2, 4], 9, 152]
['5_1_2', [1, 2], [0, 4], 5, 2]
['7_3_4', [3, 4], [1, 0], 7, 45]
['8_1', [1], [0], 8, 7]
['9_6_2_3', [1, 2, 2, 3], [0, 4, 4, 1], 9, 22]
['5_1_2', [1, 2], [6, 1], 5, 20]
['7_3_4', [3, 4], [8, 6], 7, 147]
['8_1', [1], [6], 8, 25]
['9_6_2_3', [1, 2, 2, 3], [6, 1, 1, 8], 9, 202]
['5_1_2', [1, 2], [4, 4], 5, 10]
['7_3_4', [3, 4], [4, 4], 7, 93]
['8_1', [1], [4], 8, 19]
['9_6_2_3', [1, 2, 2, 3], [4, 4, 4, 4], 9, 98]
['5_1_2', [1, 2], [6, 4], 5, 14]
['7_3_4', [3, 4], [2, 6], 7, 75]
['8_1', [1], [6], 8, 25]
['9_6_2_3', [1, 2, 2, 3], [6, 4, 4, 2], 9, 94]
['5_1_2', [1, 2], [9, 8], 5, 12]
['7_3_4', [3, 4], [0, 9], 7, 60]
['8_1', [1], [9], 8, 34]
['9_6_2_3', [1, 2, 2, 3], [9, 8, 8, 0], 9, 52]
['5_1_2', [1, 2], [0, 2], 5, 6]
['7_3_4', [3, 4], [7, 0], 7, 117]
['8_1', [1], [0], 8, 7]
['9_6_2_3', [1, 2, 2, 3], [0, 2, 2, 7], 9, 118]
['5_1_2', [1, 2], [6, 0], 5, 22]
['7_3_4', [3, 4], [2, 6], 7, 75]
['8_1', [1], [6], 8, 25]
['9_6_2_3', [1, 2, 2, 3], [6, 0, 0, 2], 9, 142]
['5_1_2', [1, 2], [3, 8], 5, 0]
['7_3_4', [3, 4], [4, 3], 7, 90]
['8_1', [1], [3], 8, 16]
['9_6_2_3', [1, 2, 2, 3], [3, 8, 8, 4], 9, 40]
['5_1_2', [1, 2], [3, 9], 5, -2]
['7_3_4', [3, 4], [1, 3], 7, 54]
['8_1', [1], [3], 8, 16]
['9_6_2_3', [1, 2, 2, 3], [3, 9, 9, 1], 9, -8]
['5_1_2', [1, 2], [8, 0], 5, 26]
['7_3_4', [3, 4], [9, 8], 7, 165]
['8_1', [1], [8], 8, 31]
['9_6_2_3', [1, 2, 2, 3], [8, 0, 0, 9], 9, 246]
['5_1_2', [1, 2], [6, 6], 5, 10]
['7_3_4', [3, 4], [1, 6], 7, 63]
['8_1', [1], [6], 8, 25]
['9_6_2_3', [1, 2, 2, 3], [6, 6, 6, 1], 9, 58]
['5_1_2', [1, 2], [0, 5], 5, 0]
['7_3_4', [3, 4], [5, 0], 7, 93]
['8_1', [1], [0], 8, 7]
['9_6_2_3', [1, 2, 2, 3], [0, 5, 5, 5], 9, 58]
['5_1_2', [1, 2], [6, 2], 5, 18]
['7_3_4', [3, 4], [6, 6], 7, 123]
['8_1', [1], [6], 8, 25]
['9_6_2_3', [1, 2, 2, 3], [6, 2, 2, 6], 9, 166]
['5_1_2', [1, 2], [6, 3], 5, 16]
['7_3_4', [3, 4], [7, 6], 7, 135]
['8_1', [1], [6], 8, 25]
['9_6_2_3', [1, 2, 2, 3], [6, 3, 3, 7], 9, 166]
['5_1_2', [1, 2], [4, 6], 5, 6]
['7_3_4', [3, 4], [5, 4], 7, 105]
['8_1', [1], [4], 8, 19]
['9_6_2_3', [1, 2, 2, 3], [4, 6, 6, 5], 9, 86]
['5_1_2', [1, 2], [7, 6], 5, 12]
['7_3_4', [3, 4], [3, 7], 7, 90]
['8_1', [1], [7], 8, 28]
['9_6_2_3', [1, 2, 2, 3], [7, 6, 6, 3], 9, 92]
['5_1_2', [1, 2], [8, 0], 5, 26]
['7_3_4', [3, 4], [0, 8], 7, 57]
['8_1', [1], [8], 8, 31]
['9_6_2_3', [1, 2, 2, 3], [8, 0, 0, 0], 9, 138]

TotalBuggyObservations:
10

BuggyObservations:
['5_1_2', [1, 2], [7, 4], 5, 23]
['7_3_4', [3, 4], [3, 7], 7, 183]
['8_1', [1], [7], 8, 52]
['9_6_2_3', [1, 2, 2, 3], [7, 4, 4, 3], 9, 142]
['5_1_2', [1, 2], [9, 4], 5, 31]
['7_3_4', [3, 4], [5, 9], 7, 243]
['8_1', [1], [9], 8, 64]
['9_6_2_3', [1, 2, 2, 3], [9, 4, 4, 5], 9, 206]
['5_1_2', [1, 2], [2, 2], 5, 11]
['7_3_4', [3, 4], [7, 2], 7, 249]
['8_1', [1], [2], 8, 22]
['9_6_2_3', [1, 2, 2, 3], [2, 2, 2, 7], 9, 138]
['5_1_2', [1, 2], [1, 6], 5, -9]
['7_3_4', [3, 4], [2, 1], 7, 123]
['8_1', [1], [1], 8, 16]
['9_6_2_3', [1, 2, 2, 3], [1, 6, 6, 2], 9, -38]
['5_1_2', [1, 2], [3, 4], 5, 7]
['7_3_4', [3, 4], [6, 3], 7, 231]
['8_1', [1], [3], 8, 28]
['9_6_2_3', [1, 2, 2, 3], [3, 4, 4, 6], 9, 98]
['5_1_2', [1, 2], [6, 8], 5, 3]
['7_3_4', [3, 4], [2, 6], 7, 153]
['8_1', [1], [6], 8, 46]
['9_6_2_3', [1, 2, 2, 3], [6, 8, 8, 2], 9, 14]
['5_1_2', [1, 2], [1, 2], 5, 7]
['7_3_4', [3, 4], [9, 1], 7, 291]
['8_1', [1], [1], 8, 16]
['9_6_2_3', [1, 2, 2, 3], [1, 2, 2, 9], 9, 142]
['5_1_2', [1, 2], [3, 6], 5, -1]
['7_3_4', [3, 4], [0, 3], 7, 87]
['8_1', [1], [3], 8, 28]
['9_6_2_3', [1, 2, 2, 3], [3, 6, 6, 0], 9, -22]
['5_1_2', [1, 2], [3, 4], 5, 7]
['7_3_4', [3, 4], [1, 3], 7, 111]
['8_1', [1], [3], 8, 28]
['9_6_2_3', [1, 2, 2, 3], [3, 4, 4, 1], 9, 38]
['5_1_2', [1, 2], [0, 7], 5, -17]
['7_3_4', [3, 4], [8, 0], 7, 261]
['8_1', [1], [0], 8, 10]
['9_6_2_3', [1, 2, 2, 3], [0, 7, 7, 8], 9, -10]

BuggyIds
7, 1, 2

MinRange:
0

MaxRange:
9
