Subsystems:
9_6_2_3
8_1
7_3_4
5_1_2

SYSINS:
1, 2, 3, 4

SYSOUTS:
9, 8, 7, 5

TotalRegularObservations:
50

NormalObservations:
['5_1_2', [1, 2], [2, 0], 5, 14]
['7_3_4', [3, 4], [2, 2], 7, 63]
['8_1', [1], [2], 8, 13]
['9_6_2_3', [1, 2, 2, 3], [2, 0, 0, 2], 9, 102]
['5_1_2', [1, 2], [2, 1], 5, 12]
['7_3_4', [3, 4], [0, 2], 7, 39]
['8_1', [1], [2], 8, 13]
['9_6_2_3', [1, 2, 2, 3], [2, 1, 1, 0], 9, 66]
['5_1_2', [1, 2], [3, 4], 5, 8]
['7_3_4', [3, 4], [0, 3], 7, 42]
['8_1', [1], [3], 8, 16]
['9_6_2_3', [1, 2, 2, 3], [3, 4, 4, 0], 9, 40]
['5_1_2', [1, 2], [2, 1], 5, 12]
['7_3_4', [3, 4], [3, 2], 7, 75]
['8_1', [1], [2], 8, 13]
['9_6_2_3', [1, 2, 2, 3], [2, 1, 1, 3], 9, 102]
['5_1_2', [1, 2], [1, 4], 5, 4]
['7_3_4', [3, 4], [3, 1], 7, 72]
['8_1', [1], [1], 8, 10]
['9_6_2_3', [1, 2, 2, 3], [1, 4, 4, 3], 9, 56]
['5_1_2', [1, 2], [0, 4], 5, 2]
['7_3_4', [3, 4], [1, 0], 7, 45]
['8_1', [1], [0], 8, 7]
['9_6_2_3', [1, 2, 2, 3], [0, 4, 4, 1], 9, 22]
['5_1_2', [1, 2], [0, 2], 5, 6]
['7_3_4', [3, 4], [0, 0], 7, 33]
['8_1', [1], [0], 8, 7]
['9_6_2_3', [1, 2, 2, 3], [0, 2, 2, 0], 9, 34]
['5_1_2', [1, 2], [3, 2], 5, 12]
['7_3_4', [3, 4], [0, 3], 7, 42]
['8_1', [1], [3], 8, 16]
['9_6_2_3', [1, 2, 2, 3], [3, 2, 2, 0], 9, 64]
['5_1_2', [1, 2], [2, 4], 5, 6]
['7_3_4', [3, 4], [0, 2], 7, 39]
['8_1', [1], [2], 8, 13]
['9_6_2_3', [1, 2, 2, 3], [2, 4, 4, 0], 9, 30]
['5_1_2', [1, 2], [3, 2], 5, 12]
['7_3_4', [3, 4], [0, 3], 7, 42]
['8_1', [1], [3], 8, 16]
['9_6_2_3', [1, 2, 2, 3], [3, 2, 2, 0], 9, 64]
['5_1_2', [1, 2], [3, 0], 5, 16]
['7_3_4', [3, 4], [1, 3], 7, 54]
['8_1', [1], [3], 8, 16]
['9_6_2_3', [1, 2, 2, 3], [3, 0, 0, 1], 9, 100]
['5_1_2', [1, 2], [1, 3], 5, 6]
['7_3_4', [3, 4], [2, 1], 7, 60]
['8_1', [1], [1], 8, 10]
['9_6_2_3', [1, 2, 2, 3], [1, 3, 3, 2], 9, 56]
['5_1_2', [1, 2], [4, 2], 5, 14]
['7_3_4', [3, 4], [3, 4], 7, 81]
['8_1', [1], [4], 8, 19]
['9_6_2_3', [1, 2, 2, 3], [4, 2, 2, 3], 9, 110]
['5_1_2', [1, 2], [2, 2], 5, 10]
['7_3_4', [3, 4], [4, 2], 7, 87]
['8_1', [1], [2], 8, 13]
['9_6_2_3', [1, 2, 2, 3], [2, 2, 2, 4], 9, 102]
['5_1_2', [1, 2], [2, 1], 5, 12]
['7_3_4', [3, 4], [0, 2], 7, 39]
['8_1', [1], [2], 8, 13]
['9_6_2_3', [1, 2, 2, 3], [2, 1, 1, 0], 9, 66]
['5_1_2', [1, 2], [1, 1], 5, 10]
['7_3_4', [3, 4], [0, 1], 7, 36]
['8_1', [1], [1], 8, 10]
['9_6_2_3', [1, 2, 2, 3], [1, 1, 1, 0], 9, 56]
['5_1_2', [1, 2], [0, 1], 5, 8]
['7_3_4', [3, 4], [0, 0], 7, 33]
['8_1', [1], [0], 8, 7]
['9_6_2_3', [1, 2, 2, 3], [0, 1, 1, 0], 9, 46]
['5_1_2', [1, 2], [1, 3], 5, 6]
['7_3_4', [3, 4], [4, 1], 7, 84]
['8_1', [1], [1], 8, 10]
['9_6_2_3', [1, 2, 2, 3], [1, 3, 3, 4], 9, 80]
['5_1_2', [1, 2], [1, 3], 5, 6]
['7_3_4', [3, 4], [4, 1], 7, 84]
['8_1', [1], [1], 8, 10]
['9_6_2_3', [1, 2, 2, 3], [1, 3, 3, 4], 9, 80]
['5_1_2', [1, 2], [0, 1], 5, 8]
['7_3_4', [3, 4], [2, 0], 7, 57]
['8_1', [1], [0], 8, 7]
['9_6_2_3', [1, 2, 2, 3], [0, 1, 1, 2], 9, 70]
['5_1_2', [1, 2], [4, 2], 5, 14]
['7_3_4', [3, 4], [3, 4], 7, 81]
['8_1', [1], [4], 8, 19]
['9_6_2_3', [1, 2, 2, 3], [4, 2, 2, 3], 9, 110]
['5_1_2', [1, 2], [2, 4], 5, 6]
['7_3_4', [3, 4], [0, 2], 7, 39]
['8_1', [1], [2], 8, 13]
['9_6_2_3', [1, 2, 2, 3], [2, 4, 4, 0], 9, 30]
['5_1_2', [1, 2], [1, 4], 5, 4]
['7_3_4', [3, 4], [3, 1], 7, 72]
['8_1', [1], [1], 8, 10]
['9_6_2_3', [1, 2, 2, 3], [1, 4, 4, 3], 9, 56]
['5_1_2', [1, 2], [3, 0], 5, 16]
['7_3_4', [3, 4], [1, 3], 7, 54]
['8_1', [1], [3], 8, 16]
['9_6_2_3', [1, 2, 2, 3], [3, 0, 0, 1], 9, 100]
['5_1_2', [1, 2], [1, 0], 5, 12]
['7_3_4', [3, 4], [4, 1], 7, 84]
['8_1', [1], [1], 8, 10]
['9_6_2_3', [1, 2, 2, 3], [1, 0, 0, 4], 9, 116]
['5_1_2', [1, 2], [0, 3], 5, 4]
['7_3_4', [3, 4], [0, 0], 7, 33]
['8_1', [1], [0], 8, 7]
['9_6_2_3', [1, 2, 2, 3], [0, 3, 3, 0], 9, 22]
['5_1_2', [1, 2], [3, 1], 5, 14]
['7_3_4', [3, 4], [4, 3], 7, 90]
['8_1', [1], [3], 8, 16]
['9_6_2_3', [1, 2, 2, 3], [3, 1, 1, 4], 9, 124]
['5_1_2', [1, 2], [4, 2], 5, 14]
['7_3_4', [3, 4], [1, 4], 7, 57]
['8_1', [1], [4], 8, 19]
['9_6_2_3', [1, 2, 2, 3], [4, 2, 2, 1], 9, 86]
['5_1_2', [1, 2], [1, 1], 5, 10]
['7_3_4', [3, 4], [2, 1], 7, 60]
['8_1', [1], [1], 8, 10]
['9_6_2_3', [1, 2, 2, 3], [1, 1, 1, 2], 9, 80]
['5_1_2', [1, 2], [3, 4], 5, 8]
['7_3_4', [3, 4], [0, 3], 7, 42]
['8_1', [1], [3], 8, 16]
['9_6_2_3', [1, 2, 2, 3], [3, 4, 4, 0], 9, 40]
['5_1_2', [1, 2], [0, 2], 5, 6]
['7_3_4', [3, 4], [3, 0], 7, 69]
['8_1', [1], [0], 8, 7]
['9_6_2_3', [1, 2, 2, 3], [0, 2, 2, 3], 9, 70]
['5_1_2', [1, 2], [0, 3], 5, 4]
['7_3_4', [3, 4], [4, 0], 7, 81]
['8_1', [1], [0], 8, 7]
['9_6_2_3', [1, 2, 2, 3], [0, 3, 3, 4], 9, 70]
['5_1_2', [1, 2], [4, 1], 5, 16]
['7_3_4', [3, 4], [2, 4], 7, 69]
['8_1', [1], [4], 8, 19]
['9_6_2_3', [1, 2, 2, 3], [4, 1, 1, 2], 9, 110]
['5_1_2', [1, 2], [1, 0], 5, 12]
['7_3_4', [3, 4], [4, 1], 7, 84]
['8_1', [1], [1], 8, 10]
['9_6_2_3', [1, 2, 2, 3], [1, 0, 0, 4], 9, 116]
['5_1_2', [1, 2], [0, 3], 5, 4]
['7_3_4', [3, 4], [1, 0], 7, 45]
['8_1', [1], [0], 8, 7]
['9_6_2_3', [1, 2, 2, 3], [0, 3, 3, 1], 9, 34]
['5_1_2', [1, 2], [1, 4], 5, 4]
['7_3_4', [3, 4], [2, 1], 7, 60]
['8_1', [1], [1], 8, 10]
['9_6_2_3', [1, 2, 2, 3], [1, 4, 4, 2], 9, 44]
['5_1_2', [1, 2], [3, 2], 5, 12]
['7_3_4', [3, 4], [4, 3], 7, 90]
['8_1', [1], [3], 8, 16]
['9_6_2_3', [1, 2, 2, 3], [3, 2, 2, 4], 9, 112]
['5_1_2', [1, 2], [1, 2], 5, 8]
['7_3_4', [3, 4], [3, 1], 7, 72]
['8_1', [1], [1], 8, 10]
['9_6_2_3', [1, 2, 2, 3], [1, 2, 2, 3], 9, 80]
['5_1_2', [1, 2], [0, 4], 5, 2]
['7_3_4', [3, 4], [1, 0], 7, 45]
['8_1', [1], [0], 8, 7]
['9_6_2_3', [1, 2, 2, 3], [0, 4, 4, 1], 9, 22]
['5_1_2', [1, 2], [4, 0], 5, 18]
['7_3_4', [3, 4], [0, 4], 7, 45]
['8_1', [1], [4], 8, 19]
['9_6_2_3', [1, 2, 2, 3], [4, 0, 0, 0], 9, 98]
['5_1_2', [1, 2], [4, 1], 5, 16]
['7_3_4', [3, 4], [2, 4], 7, 69]
['8_1', [1], [4], 8, 19]
['9_6_2_3', [1, 2, 2, 3], [4, 1, 1, 2], 9, 110]
['5_1_2', [1, 2], [3, 2], 5, 12]
['7_3_4', [3, 4], [4, 3], 7, 90]
['8_1', [1], [3], 8, 16]
['9_6_2_3', [1, 2, 2, 3], [3, 2, 2, 4], 9, 112]
['5_1_2', [1, 2], [4, 2], 5, 14]
['7_3_4', [3, 4], [3, 4], 7, 81]
['8_1', [1], [4], 8, 19]
['9_6_2_3', [1, 2, 2, 3], [4, 2, 2, 3], 9, 110]
['5_1_2', [1, 2], [3, 1], 5, 14]
['7_3_4', [3, 4], [4, 3], 7, 90]
['8_1', [1], [3], 8, 16]
['9_6_2_3', [1, 2, 2, 3], [3, 1, 1, 4], 9, 124]
['5_1_2', [1, 2], [2, 3], 5, 8]
['7_3_4', [3, 4], [1, 2], 7, 51]
['8_1', [1], [2], 8, 13]
['9_6_2_3', [1, 2, 2, 3], [2, 3, 3, 1], 9, 54]
['5_1_2', [1, 2], [0, 1], 5, 8]
['7_3_4', [3, 4], [4, 0], 7, 81]
['8_1', [1], [0], 8, 7]
['9_6_2_3', [1, 2, 2, 3], [0, 1, 1, 4], 9, 94]
['5_1_2', [1, 2], [1, 1], 5, 10]
['7_3_4', [3, 4], [2, 1], 7, 60]
['8_1', [1], [1], 8, 10]
['9_6_2_3', [1, 2, 2, 3], [1, 1, 1, 2], 9, 80]
['5_1_2', [1, 2], [3, 3], 5, 10]
['7_3_4', [3, 4], [0, 3], 7, 42]
['8_1', [1], [3], 8, 16]
['9_6_2_3', [1, 2, 2, 3], [3, 3, 3, 0], 9, 52]
['5_1_2', [1, 2], [3, 2], 5, 12]
['7_3_4', [3, 4], [2, 3], 7, 66]
['8_1', [1], [3], 8, 16]
['9_6_2_3', [1, 2, 2, 3], [3, 2, 2, 2], 9, 88]
['5_1_2', [1, 2], [2, 0], 5, 14]
['7_3_4', [3, 4], [1, 2], 7, 51]
['8_1', [1], [2], 8, 13]
['9_6_2_3', [1, 2, 2, 3], [2, 0, 0, 1], 9, 90]

TotalBuggyObservations:
10

BuggyObservations:
['5_1_2', [1, 2], [4, 4], 5, 20]
['7_3_4', [3, 4], [2, 4], 7, 141]
['8_1', [1], [4], 8, 34]
['9_6_2_3', [1, 2, 2, 3], [4, 4, 4, 2], 9, 124]
['5_1_2', [1, 2], [1, 0], 5, 16]
['7_3_4', [3, 4], [4, 1], 7, 171]
['8_1', [1], [1], 8, 16]
['9_6_2_3', [1, 2, 2, 3], [1, 0, 0, 4], 9, 136]
['5_1_2', [1, 2], [4, 2], 5, 24]
['7_3_4', [3, 4], [4, 4], 7, 189]
['8_1', [1], [4], 8, 34]
['9_6_2_3', [1, 2, 2, 3], [4, 2, 2, 4], 9, 172]
['5_1_2', [1, 2], [2, 2], 5, 16]
['7_3_4', [3, 4], [0, 2], 7, 81]
['8_1', [1], [2], 8, 22]
['9_6_2_3', [1, 2, 2, 3], [2, 2, 2, 0], 9, 84]
['5_1_2', [1, 2], [0, 4], 5, 4]
['7_3_4', [3, 4], [3, 0], 7, 141]
['8_1', [1], [0], 8, 10]
['9_6_2_3', [1, 2, 2, 3], [0, 4, 4, 3], 9, 56]
['5_1_2', [1, 2], [2, 2], 5, 16]
['7_3_4', [3, 4], [2, 2], 7, 129]
['8_1', [1], [2], 8, 22]
['9_6_2_3', [1, 2, 2, 3], [2, 2, 2, 2], 9, 108]
['5_1_2', [1, 2], [2, 1], 5, 18]
['7_3_4', [3, 4], [4, 2], 7, 177]
['8_1', [1], [2], 8, 22]
['9_6_2_3', [1, 2, 2, 3], [2, 1, 1, 4], 9, 144]
['5_1_2', [1, 2], [2, 0], 5, 20]
['7_3_4', [3, 4], [2, 2], 7, 129]
['8_1', [1], [2], 8, 22]
['9_6_2_3', [1, 2, 2, 3], [2, 0, 0, 2], 9, 132]
['5_1_2', [1, 2], [3, 2], 5, 20]
['7_3_4', [3, 4], [0, 3], 7, 87]
['8_1', [1], [3], 8, 28]
['9_6_2_3', [1, 2, 2, 3], [3, 2, 2, 0], 9, 104]
['5_1_2', [1, 2], [3, 2], 5, 20]
['7_3_4', [3, 4], [1, 3], 7, 111]
['8_1', [1], [3], 8, 28]
['9_6_2_3', [1, 2, 2, 3], [3, 2, 2, 1], 9, 116]

BuggyIds
7, 1

MinRange:
0

MaxRange:
4
