Subsystems:
9_6_2_3
8_1
7_3_4
5_1_2

SYSINS:
1, 2, 3, 4

SYSOUTS:
9, 8, 7, 5

TotalRegularObservations:
50

NormalObservations:
['5_1_2', [1, 2], [8, 0], 5, 26]
['7_3_4', [3, 4], [1, 8], 7, 69]
['8_1', [1], [8], 8, 31]
['9_6_2_3', [1, 2, 2, 3], [8, 0, 0, 1], 9, 150]
['5_1_2', [1, 2], [9, 4], 5, 20]
['7_3_4', [3, 4], [9, 9], 7, 168]
['8_1', [1], [9], 8, 34]
['9_6_2_3', [1, 2, 2, 3], [9, 4, 4, 9], 9, 208]
['5_1_2', [1, 2], [5, 5], 5, 10]
['7_3_4', [3, 4], [4, 5], 7, 96]
['8_1', [1], [5], 8, 22]
['9_6_2_3', [1, 2, 2, 3], [5, 5, 5, 4], 9, 96]
['5_1_2', [1, 2], [8, 3], 5, 20]
['7_3_4', [3, 4], [4, 8], 7, 105]
['8_1', [1], [8], 8, 31]
['9_6_2_3', [1, 2, 2, 3], [8, 3, 3, 4], 9, 150]
['5_1_2', [1, 2], [1, 2], 5, 8]
['7_3_4', [3, 4], [8, 1], 7, 132]
['8_1', [1], [1], 8, 10]
['9_6_2_3', [1, 2, 2, 3], [1, 2, 2, 8], 9, 140]
['5_1_2', [1, 2], [4, 4], 5, 10]
['7_3_4', [3, 4], [1, 4], 7, 57]
['8_1', [1], [4], 8, 19]
['9_6_2_3', [1, 2, 2, 3], [4, 4, 4, 1], 9, 62]
['5_1_2', [1, 2], [7, 2], 5, 20]
['7_3_4', [3, 4], [6, 7], 7, 126]
['8_1', [1], [7], 8, 28]
['9_6_2_3', [1, 2, 2, 3], [7, 2, 2, 6], 9, 176]
['5_1_2', [1, 2], [2, 0], 5, 14]
['7_3_4', [3, 4], [1, 2], 7, 51]
['8_1', [1], [2], 8, 13]
['9_6_2_3', [1, 2, 2, 3], [2, 0, 0, 1], 9, 90]
['5_1_2', [1, 2], [4, 3], 5, 12]
['7_3_4', [3, 4], [4, 4], 7, 93]
['8_1', [1], [4], 8, 19]
['9_6_2_3', [1, 2, 2, 3], [4, 3, 3, 4], 9, 110]
['5_1_2', [1, 2], [2, 9], 5, -4]
['7_3_4', [3, 4], [1, 2], 7, 51]
['8_1', [1], [2], 8, 13]
['9_6_2_3', [1, 2, 2, 3], [2, 9, 9, 1], 9, -18]
['5_1_2', [1, 2], [8, 7], 5, 12]
['7_3_4', [3, 4], [4, 8], 7, 105]
['8_1', [1], [8], 8, 31]
['9_6_2_3', [1, 2, 2, 3], [8, 7, 7, 4], 9, 102]
['5_1_2', [1, 2], [6, 9], 5, 4]
['7_3_4', [3, 4], [5, 6], 7, 111]
['8_1', [1], [6], 8, 25]
['9_6_2_3', [1, 2, 2, 3], [6, 9, 9, 5], 9, 70]
['5_1_2', [1, 2], [1, 4], 5, 4]
['7_3_4', [3, 4], [3, 1], 7, 72]
['8_1', [1], [1], 8, 10]
['9_6_2_3', [1, 2, 2, 3], [1, 4, 4, 3], 9, 56]
['5_1_2', [1, 2], [7, 4], 5, 16]
['7_3_4', [3, 4], [1, 7], 7, 66]
['8_1', [1], [7], 8, 28]
['9_6_2_3', [1, 2, 2, 3], [7, 4, 4, 1], 9, 92]
['5_1_2', [1, 2], [3, 7], 5, 2]
['7_3_4', [3, 4], [3, 3], 7, 78]
['8_1', [1], [3], 8, 16]
['9_6_2_3', [1, 2, 2, 3], [3, 7, 7, 3], 9, 40]
['5_1_2', [1, 2], [2, 3], 5, 8]
['7_3_4', [3, 4], [3, 2], 7, 75]
['8_1', [1], [2], 8, 13]
['9_6_2_3', [1, 2, 2, 3], [2, 3, 3, 3], 9, 78]
['5_1_2', [1, 2], [5, 0], 5, 20]
['7_3_4', [3, 4], [9, 5], 7, 156]
['8_1', [1], [5], 8, 22]
['9_6_2_3', [1, 2, 2, 3], [5, 0, 0, 9], 9, 216]
['5_1_2', [1, 2], [4, 9], 5, 0]
['7_3_4', [3, 4], [6, 4], 7, 117]
['8_1', [1], [4], 8, 19]
['9_6_2_3', [1, 2, 2, 3], [4, 9, 9, 6], 9, 62]
['5_1_2', [1, 2], [4, 8], 5, 2]
['7_3_4', [3, 4], [0, 4], 7, 45]
['8_1', [1], [4], 8, 19]
['9_6_2_3', [1, 2, 2, 3], [4, 8, 8, 0], 9, 2]
['5_1_2', [1, 2], [4, 3], 5, 12]
['7_3_4', [3, 4], [7, 4], 7, 129]
['8_1', [1], [4], 8, 19]
['9_6_2_3', [1, 2, 2, 3], [4, 3, 3, 7], 9, 146]
['5_1_2', [1, 2], [0, 5], 5, 0]
['7_3_4', [3, 4], [8, 0], 7, 129]
['8_1', [1], [0], 8, 7]
['9_6_2_3', [1, 2, 2, 3], [0, 5, 5, 8], 9, 94]
['5_1_2', [1, 2], [5, 6], 5, 8]
['7_3_4', [3, 4], [4, 5], 7, 96]
['8_1', [1], [5], 8, 22]
['9_6_2_3', [1, 2, 2, 3], [5, 6, 6, 4], 9, 84]
['5_1_2', [1, 2], [2, 6], 5, 2]
['7_3_4', [3, 4], [5, 2], 7, 99]
['8_1', [1], [2], 8, 13]
['9_6_2_3', [1, 2, 2, 3], [2, 6, 6, 5], 9, 66]
['5_1_2', [1, 2], [0, 6], 5, -2]
['7_3_4', [3, 4], [7, 0], 7, 117]
['8_1', [1], [0], 8, 7]
['9_6_2_3', [1, 2, 2, 3], [0, 6, 6, 7], 9, 70]
['5_1_2', [1, 2], [8, 8], 5, 10]
['7_3_4', [3, 4], [6, 8], 7, 129]
['8_1', [1], [8], 8, 31]
['9_6_2_3', [1, 2, 2, 3], [8, 8, 8, 6], 9, 114]
['5_1_2', [1, 2], [5, 8], 5, 4]
['7_3_4', [3, 4], [9, 5], 7, 156]
['8_1', [1], [5], 8, 22]
['9_6_2_3', [1, 2, 2, 3], [5, 8, 8, 9], 9, 120]
['5_1_2', [1, 2], [5, 0], 5, 20]
['7_3_4', [3, 4], [6, 5], 7, 120]
['8_1', [1], [5], 8, 22]
['9_6_2_3', [1, 2, 2, 3], [5, 0, 0, 6], 9, 180]
['5_1_2', [1, 2], [8, 1], 5, 24]
['7_3_4', [3, 4], [1, 8], 7, 69]
['8_1', [1], [8], 8, 31]
['9_6_2_3', [1, 2, 2, 3], [8, 1, 1, 1], 9, 138]
['5_1_2', [1, 2], [0, 0], 5, 10]
['7_3_4', [3, 4], [1, 0], 7, 45]
['8_1', [1], [0], 8, 7]
['9_6_2_3', [1, 2, 2, 3], [0, 0, 0, 1], 9, 70]
['5_1_2', [1, 2], [6, 0], 5, 22]
['7_3_4', [3, 4], [2, 6], 7, 75]
['8_1', [1], [6], 8, 25]
['9_6_2_3', [1, 2, 2, 3], [6, 0, 0, 2], 9, 142]
['5_1_2', [1, 2], [6, 7], 5, 8]
['7_3_4', [3, 4], [2, 6], 7, 75]
['8_1', [1], [6], 8, 25]
['9_6_2_3', [1, 2, 2, 3], [6, 7, 7, 2], 9, 58]
['5_1_2', [1, 2], [7, 2], 5, 20]
['7_3_4', [3, 4], [2, 7], 7, 78]
['8_1', [1], [7], 8, 28]
['9_6_2_3', [1, 2, 2, 3], [7, 2, 2, 2], 9, 128]
['5_1_2', [1, 2], [1, 2], 5, 8]
['7_3_4', [3, 4], [7, 1], 7, 120]
['8_1', [1], [1], 8, 10]
['9_6_2_3', [1, 2, 2, 3], [1, 2, 2, 7], 9, 128]
['5_1_2', [1, 2], [1, 2], 5, 8]
['7_3_4', [3, 4], [0, 1], 7, 36]
['8_1', [1], [1], 8, 10]
['9_6_2_3', [1, 2, 2, 3], [1, 2, 2, 0], 9, 44]
['5_1_2', [1, 2], [9, 1], 5, 26]
['7_3_4', [3, 4], [8, 9], 7, 156]
['8_1', [1], [9], 8, 34]
['9_6_2_3', [1, 2, 2, 3], [9, 1, 1, 8], 9, 232]
['5_1_2', [1, 2], [3, 9], 5, -2]
['7_3_4', [3, 4], [2, 3], 7, 66]
['8_1', [1], [3], 8, 16]
['9_6_2_3', [1, 2, 2, 3], [3, 9, 9, 2], 9, 4]
['5_1_2', [1, 2], [2, 2], 5, 10]
['7_3_4', [3, 4], [7, 2], 7, 123]
['8_1', [1], [2], 8, 13]
['9_6_2_3', [1, 2, 2, 3], [2, 2, 2, 7], 9, 138]
['5_1_2', [1, 2], [0, 9], 5, -8]
['7_3_4', [3, 4], [0, 0], 7, 33]
['8_1', [1], [0], 8, 7]
['9_6_2_3', [1, 2, 2, 3], [0, 9, 9, 0], 9, -50]
['5_1_2', [1, 2], [9, 2], 5, 24]
['7_3_4', [3, 4], [5, 9], 7, 120]
['8_1', [1], [9], 8, 34]
['9_6_2_3', [1, 2, 2, 3], [9, 2, 2, 5], 9, 184]
['5_1_2', [1, 2], [2, 4], 5, 6]
['7_3_4', [3, 4], [3, 2], 7, 75]
['8_1', [1], [2], 8, 13]
['9_6_2_3', [1, 2, 2, 3], [2, 4, 4, 3], 9, 66]
['5_1_2', [1, 2], [1, 8], 5, -4]
['7_3_4', [3, 4], [2, 1], 7, 60]
['8_1', [1], [1], 8, 10]
['9_6_2_3', [1, 2, 2, 3], [1, 8, 8, 2], 9, -4]
['5_1_2', [1, 2], [4, 3], 5, 12]
['7_3_4', [3, 4], [6, 4], 7, 117]
['8_1', [1], [4], 8, 19]
['9_6_2_3', [1, 2, 2, 3], [4, 3, 3, 6], 9, 134]
['5_1_2', [1, 2], [8, 5], 5, 16]
['7_3_4', [3, 4], [9, 8], 7, 165]
['8_1', [1], [8], 8, 31]
['9_6_2_3', [1, 2, 2, 3], [8, 5, 5, 9], 9, 186]
['5_1_2', [1, 2], [0, 2], 5, 6]
['7_3_4', [3, 4], [3, 0], 7, 69]
['8_1', [1], [0], 8, 7]
['9_6_2_3', [1, 2, 2, 3], [0, 2, 2, 3], 9, 70]
['5_1_2', [1, 2], [7, 2], 5, 20]
['7_3_4', [3, 4], [1, 7], 7, 66]
['8_1', [1], [7], 8, 28]
['9_6_2_3', [1, 2, 2, 3], [7, 2, 2, 1], 9, 116]
['5_1_2', [1, 2], [2, 3], 5, 8]
['7_3_4', [3, 4], [5, 2], 7, 99]
['8_1', [1], [2], 8, 13]
['9_6_2_3', [1, 2, 2, 3], [2, 3, 3, 5], 9, 102]
['5_1_2', [1, 2], [9, 2], 5, 24]
['7_3_4', [3, 4], [3, 9], 7, 96]
['8_1', [1], [9], 8, 34]
['9_6_2_3', [1, 2, 2, 3], [9, 2, 2, 3], 9, 160]
['5_1_2', [1, 2], [4, 0], 5, 18]
['7_3_4', [3, 4], [3, 4], 7, 81]
['8_1', [1], [4], 8, 19]
['9_6_2_3', [1, 2, 2, 3], [4, 0, 0, 3], 9, 134]
['5_1_2', [1, 2], [6, 9], 5, 4]
['7_3_4', [3, 4], [9, 6], 7, 159]
['8_1', [1], [6], 8, 25]
['9_6_2_3', [1, 2, 2, 3], [6, 9, 9, 9], 9, 118]
['5_1_2', [1, 2], [2, 9], 5, -4]
['7_3_4', [3, 4], [9, 2], 7, 147]
['8_1', [1], [2], 8, 13]
['9_6_2_3', [1, 2, 2, 3], [2, 9, 9, 9], 9, 78]

TotalBuggyObservations:
10

BuggyObservations:
['5_1_2', [1, 2], [6, 6], 5, 18]
['7_3_4', [3, 4], [2, 6], 7, 75]
['8_1', [1], [6], 8, 53]
['9_6_2_3', [1, 2, 2, 3], [6, 6, 6, 2], 9, 110]
['5_1_2', [1, 2], [7, 7], 5, 18]
['7_3_4', [3, 4], [0, 7], 7, 54]
['8_1', [1], [7], 8, 59]
['9_6_2_3', [1, 2, 2, 3], [7, 7, 7, 0], 9, 84]
['5_1_2', [1, 2], [9, 8], 5, 22]
['7_3_4', [3, 4], [8, 9], 7, 156]
['8_1', [1], [9], 8, 71]
['9_6_2_3', [1, 2, 2, 3], [9, 8, 8, 8], 9, 198]
['5_1_2', [1, 2], [7, 4], 5, 30]
['7_3_4', [3, 4], [5, 7], 7, 114]
['8_1', [1], [7], 8, 59]
['9_6_2_3', [1, 2, 2, 3], [7, 4, 4, 5], 9, 210]
['5_1_2', [1, 2], [0, 8], 5, -14]
['7_3_4', [3, 4], [6, 0], 7, 105]
['8_1', [1], [0], 8, 17]
['9_6_2_3', [1, 2, 2, 3], [0, 8, 8, 6], 9, -6]
['5_1_2', [1, 2], [2, 1], 5, 22]
['7_3_4', [3, 4], [9, 2], 7, 147]
['8_1', [1], [2], 8, 29]
['9_6_2_3', [1, 2, 2, 3], [2, 1, 1, 9], 9, 224]
['5_1_2', [1, 2], [0, 5], 5, -2]
['7_3_4', [3, 4], [7, 0], 7, 117]
['8_1', [1], [0], 8, 17]
['9_6_2_3', [1, 2, 2, 3], [0, 5, 5, 7], 9, 72]
['5_1_2', [1, 2], [3, 7], 5, 2]
['7_3_4', [3, 4], [5, 3], 7, 102]
['8_1', [1], [3], 8, 35]
['9_6_2_3', [1, 2, 2, 3], [3, 7, 7, 5], 9, 64]
['5_1_2', [1, 2], [7, 1], 5, 42]
['7_3_4', [3, 4], [5, 7], 7, 114]
['8_1', [1], [7], 8, 59]
['9_6_2_3', [1, 2, 2, 3], [7, 1, 1, 5], 9, 276]
['5_1_2', [1, 2], [4, 3], 5, 22]
['7_3_4', [3, 4], [9, 4], 7, 153]
['8_1', [1], [4], 8, 41]
['9_6_2_3', [1, 2, 2, 3], [4, 3, 3, 9], 9, 220]

BuggyIds
5, 8

MinRange:
0

MaxRange:
9
