Subsystems:
9_6_2_3
8_1
7_3_4
5_1_2

SYSINS:
1, 2, 3, 4

SYSOUTS:
9, 8, 7, 5

TotalRegularObservations:
50

NormalObservations:
['5_1_2', [1, 2], [0, 1], 5, 8]
['7_3_4', [3, 4], [0, 0], 7, 33]
['8_1', [1], [0], 8, 7]
['9_6_2_3', [1, 2, 2, 3], [0, 1, 1, 0], 9, 46]
['5_1_2', [1, 2], [1, 1], 5, 10]
['7_3_4', [3, 4], [0, 1], 7, 36]
['8_1', [1], [1], 8, 10]
['9_6_2_3', [1, 2, 2, 3], [1, 1, 1, 0], 9, 56]
['5_1_2', [1, 2], [1, 1], 5, 10]
['7_3_4', [3, 4], [1, 1], 7, 48]
['8_1', [1], [1], 8, 10]
['9_6_2_3', [1, 2, 2, 3], [1, 1, 1, 1], 9, 68]
['5_1_2', [1, 2], [0, 0], 5, 10]
['7_3_4', [3, 4], [1, 0], 7, 45]
['8_1', [1], [0], 8, 7]
['9_6_2_3', [1, 2, 2, 3], [0, 0, 0, 1], 9, 70]
['5_1_2', [1, 2], [0, 1], 5, 8]
['7_3_4', [3, 4], [0, 0], 7, 33]
['8_1', [1], [0], 8, 7]
['9_6_2_3', [1, 2, 2, 3], [0, 1, 1, 0], 9, 46]
['5_1_2', [1, 2], [0, 1], 5, 8]
['7_3_4', [3, 4], [1, 0], 7, 45]
['8_1', [1], [0], 8, 7]
['9_6_2_3', [1, 2, 2, 3], [0, 1, 1, 1], 9, 58]
['5_1_2', [1, 2], [0, 0], 5, 10]
['7_3_4', [3, 4], [1, 0], 7, 45]
['8_1', [1], [0], 8, 7]
['9_6_2_3', [1, 2, 2, 3], [0, 0, 0, 1], 9, 70]
['5_1_2', [1, 2], [1, 0], 5, 12]
['7_3_4', [3, 4], [1, 1], 7, 48]
['8_1', [1], [1], 8, 10]
['9_6_2_3', [1, 2, 2, 3], [1, 0, 0, 1], 9, 80]
['5_1_2', [1, 2], [1, 0], 5, 12]
['7_3_4', [3, 4], [1, 1], 7, 48]
['8_1', [1], [1], 8, 10]
['9_6_2_3', [1, 2, 2, 3], [1, 0, 0, 1], 9, 80]
['5_1_2', [1, 2], [0, 1], 5, 8]
['7_3_4', [3, 4], [0, 0], 7, 33]
['8_1', [1], [0], 8, 7]
['9_6_2_3', [1, 2, 2, 3], [0, 1, 1, 0], 9, 46]
['5_1_2', [1, 2], [1, 1], 5, 10]
['7_3_4', [3, 4], [1, 1], 7, 48]
['8_1', [1], [1], 8, 10]
['9_6_2_3', [1, 2, 2, 3], [1, 1, 1, 1], 9, 68]
['5_1_2', [1, 2], [0, 1], 5, 8]
['7_3_4', [3, 4], [1, 0], 7, 45]
['8_1', [1], [0], 8, 7]
['9_6_2_3', [1, 2, 2, 3], [0, 1, 1, 1], 9, 58]
['5_1_2', [1, 2], [0, 1], 5, 8]
['7_3_4', [3, 4], [1, 0], 7, 45]
['8_1', [1], [0], 8, 7]
['9_6_2_3', [1, 2, 2, 3], [0, 1, 1, 1], 9, 58]
['5_1_2', [1, 2], [1, 0], 5, 12]
['7_3_4', [3, 4], [1, 1], 7, 48]
['8_1', [1], [1], 8, 10]
['9_6_2_3', [1, 2, 2, 3], [1, 0, 0, 1], 9, 80]
['5_1_2', [1, 2], [0, 0], 5, 10]
['7_3_4', [3, 4], [0, 0], 7, 33]
['8_1', [1], [0], 8, 7]
['9_6_2_3', [1, 2, 2, 3], [0, 0, 0, 0], 9, 58]
['5_1_2', [1, 2], [1, 1], 5, 10]
['7_3_4', [3, 4], [1, 1], 7, 48]
['8_1', [1], [1], 8, 10]
['9_6_2_3', [1, 2, 2, 3], [1, 1, 1, 1], 9, 68]
['5_1_2', [1, 2], [0, 0], 5, 10]
['7_3_4', [3, 4], [0, 0], 7, 33]
['8_1', [1], [0], 8, 7]
['9_6_2_3', [1, 2, 2, 3], [0, 0, 0, 0], 9, 58]
['5_1_2', [1, 2], [0, 1], 5, 8]
['7_3_4', [3, 4], [0, 0], 7, 33]
['8_1', [1], [0], 8, 7]
['9_6_2_3', [1, 2, 2, 3], [0, 1, 1, 0], 9, 46]
['5_1_2', [1, 2], [0, 1], 5, 8]
['7_3_4', [3, 4], [1, 0], 7, 45]
['8_1', [1], [0], 8, 7]
['9_6_2_3', [1, 2, 2, 3], [0, 1, 1, 1], 9, 58]
['5_1_2', [1, 2], [1, 1], 5, 10]
['7_3_4', [3, 4], [0, 1], 7, 36]
['8_1', [1], [1], 8, 10]
['9_6_2_3', [1, 2, 2, 3], [1, 1, 1, 0], 9, 56]
['5_1_2', [1, 2], [1, 1], 5, 10]
['7_3_4', [3, 4], [0, 1], 7, 36]
['8_1', [1], [1], 8, 10]
['9_6_2_3', [1, 2, 2, 3], [1, 1, 1, 0], 9, 56]
['5_1_2', [1, 2], [0, 1], 5, 8]
['7_3_4', [3, 4], [0, 0], 7, 33]
['8_1', [1], [0], 8, 7]
['9_6_2_3', [1, 2, 2, 3], [0, 1, 1, 0], 9, 46]
['5_1_2', [1, 2], [1, 0], 5, 12]
['7_3_4', [3, 4], [1, 1], 7, 48]
['8_1', [1], [1], 8, 10]
['9_6_2_3', [1, 2, 2, 3], [1, 0, 0, 1], 9, 80]
['5_1_2', [1, 2], [1, 1], 5, 10]
['7_3_4', [3, 4], [1, 1], 7, 48]
['8_1', [1], [1], 8, 10]
['9_6_2_3', [1, 2, 2, 3], [1, 1, 1, 1], 9, 68]
['5_1_2', [1, 2], [1, 1], 5, 10]
['7_3_4', [3, 4], [0, 1], 7, 36]
['8_1', [1], [1], 8, 10]
['9_6_2_3', [1, 2, 2, 3], [1, 1, 1, 0], 9, 56]
['5_1_2', [1, 2], [0, 1], 5, 8]
['7_3_4', [3, 4], [1, 0], 7, 45]
['8_1', [1], [0], 8, 7]
['9_6_2_3', [1, 2, 2, 3], [0, 1, 1, 1], 9, 58]
['5_1_2', [1, 2], [0, 1], 5, 8]
['7_3_4', [3, 4], [0, 0], 7, 33]
['8_1', [1], [0], 8, 7]
['9_6_2_3', [1, 2, 2, 3], [0, 1, 1, 0], 9, 46]
['5_1_2', [1, 2], [1, 0], 5, 12]
['7_3_4', [3, 4], [1, 1], 7, 48]
['8_1', [1], [1], 8, 10]
['9_6_2_3', [1, 2, 2, 3], [1, 0, 0, 1], 9, 80]
['5_1_2', [1, 2], [0, 0], 5, 10]
['7_3_4', [3, 4], [1, 0], 7, 45]
['8_1', [1], [0], 8, 7]
['9_6_2_3', [1, 2, 2, 3], [0, 0, 0, 1], 9, 70]
['5_1_2', [1, 2], [0, 1], 5, 8]
['7_3_4', [3, 4], [1, 0], 7, 45]
['8_1', [1], [0], 8, 7]
['9_6_2_3', [1, 2, 2, 3], [0, 1, 1, 1], 9, 58]
['5_1_2', [1, 2], [0, 1], 5, 8]
['7_3_4', [3, 4], [0, 0], 7, 33]
['8_1', [1], [0], 8, 7]
['9_6_2_3', [1, 2, 2, 3], [0, 1, 1, 0], 9, 46]
['5_1_2', [1, 2], [0, 0], 5, 10]
['7_3_4', [3, 4], [1, 0], 7, 45]
['8_1', [1], [0], 8, 7]
['9_6_2_3', [1, 2, 2, 3], [0, 0, 0, 1], 9, 70]
['5_1_2', [1, 2], [0, 0], 5, 10]
['7_3_4', [3, 4], [1, 0], 7, 45]
['8_1', [1], [0], 8, 7]
['9_6_2_3', [1, 2, 2, 3], [0, 0, 0, 1], 9, 70]
['5_1_2', [1, 2], [1, 0], 5, 12]
['7_3_4', [3, 4], [0, 1], 7, 36]
['8_1', [1], [1], 8, 10]
['9_6_2_3', [1, 2, 2, 3], [1, 0, 0, 0], 9, 68]
['5_1_2', [1, 2], [1, 0], 5, 12]
['7_3_4', [3, 4], [0, 1], 7, 36]
['8_1', [1], [1], 8, 10]
['9_6_2_3', [1, 2, 2, 3], [1, 0, 0, 0], 9, 68]
['5_1_2', [1, 2], [1, 0], 5, 12]
['7_3_4', [3, 4], [1, 1], 7, 48]
['8_1', [1], [1], 8, 10]
['9_6_2_3', [1, 2, 2, 3], [1, 0, 0, 1], 9, 80]
['5_1_2', [1, 2], [1, 0], 5, 12]
['7_3_4', [3, 4], [1, 1], 7, 48]
['8_1', [1], [1], 8, 10]
['9_6_2_3', [1, 2, 2, 3], [1, 0, 0, 1], 9, 80]
['5_1_2', [1, 2], [0, 0], 5, 10]
['7_3_4', [3, 4], [1, 0], 7, 45]
['8_1', [1], [0], 8, 7]
['9_6_2_3', [1, 2, 2, 3], [0, 0, 0, 1], 9, 70]
['5_1_2', [1, 2], [1, 0], 5, 12]
['7_3_4', [3, 4], [1, 1], 7, 48]
['8_1', [1], [1], 8, 10]
['9_6_2_3', [1, 2, 2, 3], [1, 0, 0, 1], 9, 80]
['5_1_2', [1, 2], [0, 1], 5, 8]
['7_3_4', [3, 4], [0, 0], 7, 33]
['8_1', [1], [0], 8, 7]
['9_6_2_3', [1, 2, 2, 3], [0, 1, 1, 0], 9, 46]
['5_1_2', [1, 2], [1, 0], 5, 12]
['7_3_4', [3, 4], [1, 1], 7, 48]
['8_1', [1], [1], 8, 10]
['9_6_2_3', [1, 2, 2, 3], [1, 0, 0, 1], 9, 80]
['5_1_2', [1, 2], [0, 1], 5, 8]
['7_3_4', [3, 4], [1, 0], 7, 45]
['8_1', [1], [0], 8, 7]
['9_6_2_3', [1, 2, 2, 3], [0, 1, 1, 1], 9, 58]
['5_1_2', [1, 2], [1, 1], 5, 10]
['7_3_4', [3, 4], [1, 1], 7, 48]
['8_1', [1], [1], 8, 10]
['9_6_2_3', [1, 2, 2, 3], [1, 1, 1, 1], 9, 68]
['5_1_2', [1, 2], [1, 1], 5, 10]
['7_3_4', [3, 4], [1, 1], 7, 48]
['8_1', [1], [1], 8, 10]
['9_6_2_3', [1, 2, 2, 3], [1, 1, 1, 1], 9, 68]
['5_1_2', [1, 2], [1, 1], 5, 10]
['7_3_4', [3, 4], [0, 1], 7, 36]
['8_1', [1], [1], 8, 10]
['9_6_2_3', [1, 2, 2, 3], [1, 1, 1, 0], 9, 56]
['5_1_2', [1, 2], [0, 0], 5, 10]
['7_3_4', [3, 4], [1, 0], 7, 45]
['8_1', [1], [0], 8, 7]
['9_6_2_3', [1, 2, 2, 3], [0, 0, 0, 1], 9, 70]
['5_1_2', [1, 2], [0, 0], 5, 10]
['7_3_4', [3, 4], [1, 0], 7, 45]
['8_1', [1], [0], 8, 7]
['9_6_2_3', [1, 2, 2, 3], [0, 0, 0, 1], 9, 70]
['5_1_2', [1, 2], [0, 0], 5, 10]
['7_3_4', [3, 4], [0, 0], 7, 33]
['8_1', [1], [0], 8, 7]
['9_6_2_3', [1, 2, 2, 3], [0, 0, 0, 0], 9, 58]
['5_1_2', [1, 2], [1, 0], 5, 12]
['7_3_4', [3, 4], [0, 1], 7, 36]
['8_1', [1], [1], 8, 10]
['9_6_2_3', [1, 2, 2, 3], [1, 0, 0, 0], 9, 68]
['5_1_2', [1, 2], [0, 1], 5, 8]
['7_3_4', [3, 4], [1, 0], 7, 45]
['8_1', [1], [0], 8, 7]
['9_6_2_3', [1, 2, 2, 3], [0, 1, 1, 1], 9, 58]

TotalBuggyObservations:
10

BuggyObservations:
['5_1_2', [1, 2], [1, 0], 5, 22]
['7_3_4', [3, 4], [1, 1], 7, 64]
['8_1', [1], [1], 8, 23]
['9_6_2_3', [1, 2, 2, 3], [1, 0, 0, 1], 9, 146]
['5_1_2', [1, 2], [1, 0], 5, 22]
['7_3_4', [3, 4], [1, 1], 7, 64]
['8_1', [1], [1], 8, 23]
['9_6_2_3', [1, 2, 2, 3], [1, 0, 0, 1], 9, 146]
['5_1_2', [1, 2], [0, 1], 5, 14]
['7_3_4', [3, 4], [1, 0], 7, 61]
['8_1', [1], [0], 8, 17]
['9_6_2_3', [1, 2, 2, 3], [0, 1, 1, 1], 9, 104]
['5_1_2', [1, 2], [0, 1], 5, 14]
['7_3_4', [3, 4], [0, 0], 7, 37]
['8_1', [1], [0], 8, 17]
['9_6_2_3', [1, 2, 2, 3], [0, 1, 1, 0], 9, 80]
['5_1_2', [1, 2], [1, 1], 5, 18]
['7_3_4', [3, 4], [1, 1], 7, 64]
['8_1', [1], [1], 8, 23]
['9_6_2_3', [1, 2, 2, 3], [1, 1, 1, 1], 9, 124]
['5_1_2', [1, 2], [1, 1], 5, 18]
['7_3_4', [3, 4], [1, 1], 7, 64]
['8_1', [1], [1], 8, 23]
['9_6_2_3', [1, 2, 2, 3], [1, 1, 1, 1], 9, 124]
['5_1_2', [1, 2], [0, 1], 5, 14]
['7_3_4', [3, 4], [0, 0], 7, 37]
['8_1', [1], [0], 8, 17]
['9_6_2_3', [1, 2, 2, 3], [0, 1, 1, 0], 9, 80]
['5_1_2', [1, 2], [0, 0], 5, 18]
['7_3_4', [3, 4], [0, 0], 7, 37]
['8_1', [1], [0], 8, 17]
['9_6_2_3', [1, 2, 2, 3], [0, 0, 0, 0], 9, 102]
['5_1_2', [1, 2], [1, 0], 5, 22]
['7_3_4', [3, 4], [1, 1], 7, 64]
['8_1', [1], [1], 8, 23]
['9_6_2_3', [1, 2, 2, 3], [1, 0, 0, 1], 9, 146]
['5_1_2', [1, 2], [1, 0], 5, 22]
['7_3_4', [3, 4], [1, 1], 7, 64]
['8_1', [1], [1], 8, 23]
['9_6_2_3', [1, 2, 2, 3], [1, 0, 0, 1], 9, 146]

BuggyIds
8, 3, 5

MinRange:
0

MaxRange:
1
